os,cpu,gpu,ram,kernel,driver,cpuscheduler
Ubuntu 26.04 LTS,AMD Ryzen 7 255 w/ Radeon 780M Graphics,AMD Radeon 780M Graphics (RADV PHOENIX),32124676,6.18.34-tkg--wils-v2.0,,performance
fps,frametime,cpu_load,cpu_power,gpu_load,cpu_temp,gpu_temp,gpu_core_clock,gpu_mem_clock,gpu_vram_used,gpu_power,ram_used,swap_used,process_rss,cpu_mhz,elapsed
35.9205,27.8392,5.83232,7.0526,69,65,72,2600,2800,0.484421,22,11.0175,0,0,4634,208622958
40.9225,24.4364,5.83232,7.0526,69,65,72,2600,2800,0.484421,22,11.0175,0,0,4634,233062561
37.8248,26.4377,5.83232,7.0526,69,65,72,2600,2800,0.484421,22,11.0175,0,0,4634,259501317
42.3948,23.5878,5.83232,7.0526,69,65,72,2600,2800,0.484421,22,11.0175,0,0,4634,283091234
36.2062,27.6196,5.83232,7.0526,69,65,72,2600,2800,0.484421,22,11.0175,0,0,4634,310711206
36.4062,27.4679,5.83232,7.0526,69,65,72,2600,2800,0.484421,22,11.0175,0,0,4634,338181668
41.8973,23.8679,5.83232,7.0526,69,65,72,2600,2800,0.484421,22,11.0175,0,0,4634,362050566
38.4719,25.993,5.83232,7.0526,69,65,72,2600,2800,0.484421,22,11.0175,0,0,4634,388045213
40.6975,24.5715,5.83232,7.0526,69,65,72,2600,2800,0.484421,22,11.0175,0,0,4634,412620650
34.3437,29.1174,5.83232,7.0526,69,65,72,2600,2800,0.484421,22,11.0175,0,0,4634,441735142
43.7149,22.8755,5.83232,7.0526,69,65,72,2600,2800,0.484421,22,11.0175,0,0,4634,464611256
35.8822,27.869,5.83232,7.0526,69,65,72,2600,2800,0.484421,22,11.0175,0,0,4634,492482917
44.4575,22.4934,5.83232,7.0526,69,65,72,2600,2800,0.484421,22,11.0175,0,0,4634,514979874
34.6045,28.898,5.83232,7.0526,69,65,72,2600,2800,0.484421,22,11.0175,0,0,4634,543879735
42.3037,23.6386,5.83232,7.0526,69,65,72,2600,2800,0.484421,22,11.0175,0,0,4634,567516770
36.8626,27.1278,5.83232,7.0526,69,65,72,2600,2800,0.484421,22,11.0175,0,0,4634,594645835
40.0365,24.9772,5.83232,7.0526,69,65,72,2600,2800,0.484421,22,11.0175,0,0,4634,619624424
39.5205,25.3033,5.83232,7.0526,69,65,72,2600,2800,0.484421,22,11.0175,0,0,4634,644930405
35.1186,28.4749,5.83232,7.0526,69,65,72,2600,2800,0.484421,22,11.0175,0,0,4634,673417556
45.3882,22.0322,5.59611,13.7201,71,67,78,2432,2800,0.481216,27,11.0137,0,0,4637,695438974
36.22,27.609,5.59611,13.7201,71,67,78,2432,2800,0.481216,27,11.0137,0,0,4637,723050340
41.6428,24.0138,5.59611,13.7201,71,67,78,2432,2800,0.481216,27,11.0137,0,0,4637,747067434
34.5075,28.9792,5.59611,13.7201,71,67,78,2432,2800,0.481216,27,11.0137,0,0,4637,776049149
41.5019,24.0953,5.59611,13.7201,71,67,78,2432,2800,0.481216,27,11.0137,0,0,4637,800145972
38.5746,25.9238,5.59611,13.7201,71,67,78,2432,2800,0.481216,27,11.0137,0,0,4637,826071900
40.6843,24.5795,5.59611,13.7201,71,67,78,2432,2800,0.481216,27,11.0137,0,0,4637,850652878
34.7822,28.7503,5.59611,13.7201,71,67,78,2432,2800,0.481216,27,11.0137,0,0,4637,879404793
43.9426,22.757,5.59611,13.7201,71,67,78,2432,2800,0.481216,27,11.0137,0,0,4637,902164289
36.6112,27.3141,5.59611,13.7201,71,67,78,2432,2800,0.481216,27,11.0137,0,0,4637,929479632
40.8434,24.4838,5.59611,13.7201,71,67,78,2432,2800,0.481216,27,11.0137,0,0,4637,953964570
39.0468,25.6103,5.59611,13.7201,71,67,78,2432,2800,0.481216,27,11.0137,0,0,4637,979577965
38.4488,26.0086,5.59611,13.7201,71,67,78,2432,2800,0.481216,27,11.0137,0,0,4637,1005588512
39.2332,25.4886,5.59611,13.7201,71,67,78,2432,2800,0.481216,27,11.0137,0,0,4637,1031075721
35.1901,28.417,5.59611,13.7201,71,67,78,2432,2800,0.481216,27,11.0137,0,0,4637,1059494404
46.0467,21.7171,5.59611,13.7201,71,67,78,2432,2800,0.481216,27,11.0137,0,0,4637,1081214650
34.8957,28.6568,5.59611,13.7201,71,67,78,2432,2800,0.481216,27,11.0137,0,0,4637,1109873381
42.3598,23.6073,5.59611,13.7201,71,67,78,2432,2800,0.481216,27,11.0137,0,0,4637,1133482163
37.2939,26.814,5.59611,13.7201,71,67,78,2432,2800,0.481216,27,11.0137,0,0,4637,1160297011
39.8684,25.0825,5.59611,13.7201,71,67,78,2432,2800,0.481216,27,11.0137,0,0,4637,1185382050
36.3701,27.4951,5.27607,6.80465,72,66,74,800,2800,0.481216,19,11.0118,0,0,4653,1212874453
40.1806,24.8876,5.27607,6.80465,72,66,74,800,2800,0.481216,19,11.0118,0,0,4653,1237768124
37.2063,26.8772,5.27607,6.80465,72,66,74,800,2800,0.481216,19,11.0118,0,0,4653,1264642514
42.5606,23.4959,5.27607,6.80465,72,66,74,800,2800,0.481216,19,11.0118,0,0,4653,1288143485
36.0431,27.7445,5.27607,6.80465,72,66,74,800,2800,0.481216,19,11.0118,0,0,4653,1315888009
35.3276,28.3065,5.27607,6.80465,72,66,74,800,2800,0.481216,19,11.0118,0,0,4653,1344197187
43.2587,23.1167,5.27607,6.80465,72,66,74,800,2800,0.481216,19,11.0118,0,0,4653,1367314171
36.2124,27.6148,5.27607,6.80465,72,66,74,800,2800,0.481216,19,11.0118,0,0,4653,1394929364
43.8829,22.7879,5.27607,6.80465,72,66,74,800,2800,0.481216,19,11.0118,0,0,4653,1417720499
36.2591,27.5792,5.27607,6.80465,72,66,74,800,2800,0.481216,19,11.0118,0,0,4653,1445303031
42.5953,23.4768,5.27607,6.80465,72,66,74,800,2800,0.481216,19,11.0118,0,0,4653,1468777853
34.7296,28.7939,5.27607,6.80465,72,66,74,800,2800,0.481216,19,11.0118,0,0,4653,1497575213
44.2166,22.616,5.27607,6.80465,72,66,74,800,2800,0.481216,19,11.0118,0,0,4653,1520189317
36.7498,27.211,5.27607,6.80465,72,66,74,800,2800,0.481216,19,11.0118,0,0,4653,1547403872
40.9118,24.4428,5.27607,6.80465,72,66,74,800,2800,0.481216,19,11.0118,0,0,4653,1571851951
37.2568,26.8407,5.27607,6.80465,72,66,74,800,2800,0.481216,19,11.0118,0,0,4653,1598693249
40.4461,24.7242,5.27607,6.80465,72,66,74,800,2800,0.481216,19,11.0118,0,0,4653,1623420920
38.6463,25.8757,5.27607,6.80465,72,66,74,800,2800,0.481216,19,11.0118,0,0,4653,1649295443
35.7268,27.9902,5.27607,6.80465,72,66,74,800,2800,0.481216,19,11.0118,0,0,4653,1677285465
41.3439,24.1874,5.27607,6.80465,72,66,74,800,2800,0.481216,19,11.0118,0,0,4653,1701476605
37.7228,26.5091,5.72473,11.9531,72,68,76,2341,2800,0.480972,21,11.0112,0,0,4644,1727988117
40.3983,24.7535,5.72473,11.9531,72,68,76,2341,2800,0.480972,21,11.0112,0,0,4644,1752739392
38.6882,25.8476,5.72473,11.9531,72,68,76,2341,2800,0.480972,21,11.0112,0,0,4644,1778589058
41.2625,24.2351,5.72473,11.9531,72,68,76,2341,2800,0.480972,21,11.0112,0,0,4644,1802826885
35.6732,28.0322,5.72473,11.9531,72,68,76,2341,2800,0.480972,21,11.0112,0,0,4644,1830860689
40.6729,24.5864,5.72473,11.9531,72,68,76,2341,2800,0.480972,21,11.0112,0,0,4644,1855448579
35.6893,28.0196,5.72473,11.9531,72,68,76,2341,2800,0.480972,21,11.0112,0,0,4644,1883469129
43.6487,22.9102,5.72473,11.9531,72,68,76,2341,2800,0.480972,21,11.0112,0,0,4644,1906383675
37.5574,26.6259,5.72473,11.9531,72,68,76,2341,2800,0.480972,21,11.0112,0,0,4644,1933008338
41.3846,24.1636,5.72473,11.9531,72,68,76,2341,2800,0.480972,21,11.0112,0,0,4644,1957176644
36.8688,27.1232,5.72473,11.9531,72,68,76,2341,2800,0.480972,21,11.0112,0,0,4644,1984297534
35.9313,27.8309,5.72473,11.9531,72,68,76,2341,2800,0.480972,21,11.0112,0,0,4644,2012130323
42.711,23.4132,5.72473,11.9531,72,68,76,2341,2800,0.480972,21,11.0112,0,0,4644,2035547207
37.0347,27.0017,5.72473,11.9531,72,68,76,2341,2800,0.480972,21,11.0112,0,0,4644,2062547061
40.3874,24.7602,5.72473,11.9531,72,68,76,2341,2800,0.480972,21,11.0112,0,0,4644,2087311390
36.4045,27.4691,5.72473,11.9531,72,68,76,2341,2800,0.480972,21,11.0112,0,0,4644,2114780490
41.8915,23.8712,5.72473,11.9531,72,68,76,2341,2800,0.480972,21,11.0112,0,0,4644,2138655489
36.4357,27.4456,5.72473,11.9531,72,68,76,2341,2800,0.480972,21,11.0112,0,0,4644,2166103189
41.2429,24.2466,5.72473,11.9531,72,68,76,2341,2800,0.480972,21,11.0112,0,0,4644,2190349011
36.0842,27.713,5.72473,11.9531,72,68,76,2341,2800,0.480972,21,11.0112,0,0,4644,2218067196
43.3914,23.046,5.58931,8.56305,73,67,78,2566,2800,0.480972,36,11.0124,0,0,4634,2241109390
37.5001,26.6666,5.58931,8.56305,73,67,78,2566,2800,0.480972,36,11.0124,0,0,4634,2267778085
41.3129,24.2055,5.58931,8.56305,73,67,78,2566,2800,0.480972,36,11.0124,0,0,4634,2291986848
37.3868,26.7474,5.58931,8.56305,73,67,78,2566,2800,0.480972,36,11.0124,0,0,4634,2318736885
35.38,28.2646,5.58931,8.56305,73,67,78,2566,2800,0.480972,36,11.0124,0,0,4634,2347001761
44.4133,22.5158,5.58931,8.56305,73,67,78,2566,2800,0.480972,36,11.0124,0,0,4634,2369519255
35.8277,27.9114,5.58931,8.56305,73,67,78,2566,2800,0.480972,36,11.0124,0,0,4634,2397429950
39.1789,25.5239,5.58931,8.56305,73,67,78,2566,2800,0.480972,36,11.0124,0,0,4634,2422957154
38.298,26.1111,5.58931,8.56305,73,67,78,2566,2800,0.480972,36,11.0124,0,0,4634,2449069320
42.4262,23.5704,5.58931,8.56305,73,67,78,2566,2800,0.480972,36,11.0124,0,0,4634,2472638699
35.3004,28.3283,5.58931,8.56305,73,67,78,2566,2800,0.480972,36,11.0124,0,0,4634,2500968285
42.2206,23.6851,5.58931,8.56305,73,67,78,2566,2800,0.480972,36,11.0124,0,0,4634,2524657567
37.1186,26.9407,5.58931,8.56305,73,67,78,2566,2800,0.480972,36,11.0124,0,0,4634,2551597079
40.5842,24.6401,5.58931,8.56305,73,67,78,2566,2800,0.480972,36,11.0124,0,0,4634,2576240593
38.362,26.0674,5.58931,8.56305,73,67,78,2566,2800,0.480972,36,11.0124,0,0,4634,2602306853
36.9922,27.0328,5.58931,8.56305,73,67,78,2566,2800,0.480972,36,11.0124,0,0,4634,2629344798
40.8764,24.464,5.58931,8.56305,73,67,78,2566,2800,0.480972,36,11.0124,0,0,4634,2653805571
37.7156,26.5143,5.58931,8.56305,73,67,78,2566,2800,0.480972,36,11.0124,0,0,4634,2680322363
39.8477,25.0956,5.58931,8.56305,73,67,78,2566,2800,0.480972,36,11.0124,0,0,4634,2705421157
36.5917,27.3286,5.58931,8.56305,73,67,78,2566,2800,0.480972,36,11.0124,0,0,4634,2732750316
42.0524,23.7798,5.01223,8.09015,73,67,74,2600,2800,0.480972,23,11.0126,0,0,4629,2756532000
36.369,27.496,5.01223,8.09015,73,67,74,2600,2800,0.480972,23,11.0126,0,0,4629,2784027169
43.0349,23.237,5.01223,8.09015,73,67,74,2600,2800,0.480972,23,11.0126,0,0,4629,2807267182
36.2444,27.5905,5.01223,8.09015,73,67,74,2600,2800,0.480972,23,11.0126,0,0,4629,2834860154
41.1393,24.3077,5.01223,8.09015,73,67,74,2600,2800,0.480972,23,11.0126,0,0,4629,2859169424
37.448,26.7037,5.01223,8.09015,73,67,74,2600,2800,0.480972,23,11.0126,0,0,4629,2885872654
41.2055,24.2686,5.01223,8.09015,73,67,74,2600,2800,0.480972,23,11.0126,0,0,4629,2910144434
37.1653,26.9068,5.01223,8.09015,73,67,74,2600,2800,0.480972,23,11.0126,0,0,4629,2937051885
37.1734,26.9009,5.01223,8.09015,73,67,74,2600,2800,0.480972,23,11.0126,0,0,4629,2963955419
33.2991,30.0309,5.01223,8.09015,73,67,74,2600,2800,0.480972,23,11.0126,0,0,4629,2993984589
41.1699,24.2896,5.01223,8.09015,73,67,74,2600,2800,0.480972,23,11.0126,0,0,4629,3018275294
45.7194,21.8726,5.01223,8.09015,73,67,74,2600,2800,0.480972,23,11.0126,0,0,4629,3040152493
37.1711,26.9026,5.01223,8.09015,73,67,74,2600,2800,0.480972,23,11.0126,0,0,4629,3067053692
42.0332,23.7907,5.01223,8.09015,73,67,74,2600,2800,0.480972,23,11.0126,0,0,4629,3090845176
35.3814,28.2635,5.01223,8.09015,73,67,74,2600,2800,0.480972,23,11.0126,0,0,4629,3119110843
40.7229,24.5562,5.01223,8.09015,73,67,74,2600,2800,0.480972,23,11.0126,0,0,4629,3143671132
37.2421,26.8514,5.01223,8.09015,73,67,74,2600,2800,0.480972,23,11.0126,0,0,4629,3170520254
41.3259,24.1979,5.01223,8.09015,73,67,74,2600,2800,0.480972,23,11.0126,0,0,4629,3194719979
37.6262,26.5772,5.01223,8.09015,73,67,74,2600,2800,0.480972,23,11.0126,0,0,4629,3221301051
41.4772,24.1096,5.01223,8.09015,73,67,74,2600,2800,0.480972,23,11.0126,0,0,4629,3245417902
37.5277,26.647,5.04305,12.843,74,68,79,2474,2800,0.480972,37,11.0127,0,0,4636,3272060298
40.4474,24.7235,5.04305,12.843,74,68,79,2474,2800,0.480972,37,11.0127,0,0,4636,3296786517
39.1403,25.5491,5.04305,12.843,74,68,79,2474,2800,0.480972,37,11.0127,0,0,4636,3322336764
36.9313,27.0773,5.04305,12.843,74,68,79,2474,2800,0.480972,37,11.0127,0,0,4636,3349416246
38.7063,25.8356,5.04305,12.843,74,68,79,2474,2800,0.480972,37,11.0127,0,0,4636,3375253840
38.7851,25.7831,5.04305,12.843,74,68,79,2474,2800,0.480972,37,11.0127,0,0,4636,3401036942
40.8723,24.4664,5.04305,12.843,74,68,79,2474,2800,0.480972,37,11.0127,0,0,4636,3425505519
35.7383,27.9812,5.04305,12.843,74,68,79,2474,2800,0.480972,37,11.0127,0,0,4636,3453487988
40.3041,24.8114,5.04305,12.843,74,68,79,2474,2800,0.480972,37,11.0127,0,0,4636,3478302250
37.8357,26.4301,5.04305,12.843,74,68,79,2474,2800,0.480972,37,11.0127,0,0,4636,3504733813
42.3085,23.6359,5.04305,12.843,74,68,79,2474,2800,0.480972,37,11.0127,0,0,4636,3528369766
36.2262,27.6044,5.04305,12.843,74,68,79,2474,2800,0.480972,37,11.0127,0,0,4636,3555974339
40.5341,24.6706,5.04305,12.843,74,68,79,2474,2800,0.480972,37,11.0127,0,0,4636,3580648881
37.2286,26.861,5.04305,12.843,74,68,79,2474,2800,0.480972,37,11.0127,0,0,4636,3607509494
37.8219,26.4397,5.04305,12.843,74,68,79,2474,2800,0.480972,37,11.0127,0,0,4636,3633950294
41.5576,24.063,5.04305,12.843,74,68,79,2474,2800,0.480972,37,11.0127,0,0,4636,3658016831
35.6322,28.0645,5.04305,12.843,74,68,79,2474,2800,0.480972,37,11.0127,0,0,4636,3686080441
44.3423,22.5518,5.04305,12.843,74,68,79,2474,2800,0.480972,37,11.0127,0,0,4636,3708636507
36.2955,27.5516,5.04305,12.843,74,68,79,2474,2800,0.480972,37,11.0127,0,0,4636,3736191638
39.4061,25.3768,5.04305,12.843,74,68,79,2474,2800,0.480972,37,11.0127,0,0,4636,3761573200
35.7635,27.9615,5.63035,5.56425,73,67,74,800,2800,0.480972,28,11.0177,0,0,4635,3789530562
44.3119,22.5673,5.63035,5.56425,73,67,74,800,2800,0.480972,28,11.0177,0,0,4635,3812101716
36.3765,27.4903,5.63035,5.56425,73,67,74,800,2800,0.480972,28,11.0177,0,0,4635,3839592888
42.0612,23.7749,5.63035,5.56425,73,67,74,800,2800,0.480972,28,11.0177,0,0,4635,3863371006
37.9698,26.3367,5.63035,5.56425,73,67,74,800,2800,0.480972,28,11.0177,0,0,4635,3889707731
37.5614,26.6231,5.63035,5.56425,73,67,74,800,2800,0.480972,28,11.0177,0,0,4635,3916330050
40.5452,24.6638,5.63035,5.56425,73,67,74,800,2800,0.480972,28,11.0177,0,0,4635,3940997198
38.0136,26.3064,5.63035,5.56425,73,67,74,800,2800,0.480972,28,11.0177,0,0,4635,3967301824
40.153,24.9048,5.63035,5.56425,73,67,74,800,2800,0.480972,28,11.0177,0,0,4635,3992212747
35.5754,28.1093,5.63035,5.56425,73,67,74,800,2800,0.480972,28,11.0177,0,0,4635,4020320119
42.092,23.7575,5.63035,5.56425,73,67,74,800,2800,0.480972,28,11.0177,0,0,4635,4044081887
35.3374,28.2986,5.63035,5.56425,73,67,74,800,2800,0.480972,28,11.0177,0,0,4635,4072381077
46.0492,21.7159,5.63035,5.56425,73,67,74,800,2800,0.480972,28,11.0177,0,0,4635,4094097976
33.7598,29.621,5.63035,5.56425,73,67,74,800,2800,0.480972,28,11.0177,0,0,4635,4123718523
46.7598,21.3859,5.63035,5.56425,73,67,74,800,2800,0.480972,28,11.0177,0,0,4635,4145109314
33.6781,29.6929,5.63035,5.56425,73,67,74,800,2800,0.480972,28,11.0177,0,0,4635,4174800493
42.0596,23.7758,5.63035,5.56425,73,67,74,800,2800,0.480972,28,11.0177,0,0,4635,4198579453
37.5231,26.6502,5.63035,5.56425,73,67,74,800,2800,0.480972,28,11.0177,0,0,4635,4225231266
41.7827,23.9333,5.63035,5.56425,73,67,74,800,2800,0.480972,28,11.0177,0,0,4635,4249168642
37.2323,26.8584,5.63035,5.56425,73,67,74,800,2800,0.480972,28,11.0177,0,0,4635,4276025369
38.766,25.7958,5.26316,15.5864,74,69,77,2549,2800,0.480972,20,11.0179,0,0,4608,4301820072
39.146,25.5454,5.26316,15.5864,74,69,77,2549,2800,0.480972,20,11.0179,0,0,4608,4327369688
36.2114,27.6156,5.26316,15.5864,74,69,77,2549,2800,0.480972,20,11.0179,0,0,4608,4354984781
43.9876,22.7337,5.26316,15.5864,74,69,77,2549,2800,0.480972,20,11.0179,0,0,4608,4377724750
34.765,28.7645,5.26316,15.5864,74,69,77,2549,2800,0.480972,20,11.0179,0,0,4608,4406489399
42.0638,23.7734,5.26316,15.5864,74,69,77,2549,2800,0.480972,20,11.0179,0,0,4608,4430263199
36.2598,27.5787,5.26316,15.5864,74,69,77,2549,2800,0.480972,20,11.0179,0,0,4608,4457844900
44.7084,22.3671,5.26316,15.5864,74,69,77,2549,2800,0.480972,20,11.0179,0,0,4608,4480210550
34.7375,28.7874,5.26316,15.5864,74,69,77,2549,2800,0.480972,20,11.0179,0,0,4608,4509003372
44.6233,22.4098,5.26316,15.5864,74,69,77,2549,2800,0.480972,20,11.0179,0,0,4608,4531414638
35.7816,27.9473,5.26316,15.5864,74,69,77,2549,2800,0.480972,20,11.0179,0,0,4608,4559363364
36.1857,27.6352,5.26316,15.5864,74,69,77,2549,2800,0.480972,20,11.0179,0,0,4608,4586998894
41.71,23.9751,5.26316,15.5864,74,69,77,2549,2800,0.480972,20,11.0179,0,0,4608,4610977497
36.5628,27.3502,5.26316,15.5864,74,69,77,2549,2800,0.480972,20,11.0179,0,0,4608,4638329278
42.7814,23.3747,5.26316,15.5864,74,69,77,2549,2800,0.480972,20,11.0179,0,0,4608,4661705405
34.4453,29.0315,5.26316,15.5864,74,69,77,2549,2800,0.480972,20,11.0179,0,0,4608,4690739507
46.0945,21.6945,5.26316,15.5864,74,69,77,2549,2800,0.480972,20,11.0179,0,0,4608,4712435037
35.7785,27.9497,5.26316,15.5864,74,69,77,2549,2800,0.480972,20,11.0179,0,0,4608,4740386798
41.5486,24.0682,5.26316,15.5864,74,69,77,2549,2800,0.480972,20,11.0179,0,0,4608,4764452904
36.309,27.5414,5.26316,15.5864,74,69,77,2549,2800,0.480972,20,11.0179,0,0,4608,4792003947
41.513,24.0889,5.4678,8.6033,74,68,78,2569,2800,0.480972,33,11.0169,0,0,4653,4816088327
36.588,27.3313,5.4678,8.6033,74,68,78,2569,2800,0.480972,33,11.0169,0,0,4653,4843422164
35.2958,28.332,5.4678,8.6033,74,68,78,2569,2800,0.480972,33,11.0169,0,0,4653,4871752513
16.4422,60.8193,5.4678,8.6033,74,68,78,2569,2800,0.480972,33,11.0169,0,0,4653,4932574228
15.6618,63.8496,5.4678,8.6033,74,68,78,2569,2800,0.480972,33,11.0169,0,0,4653,4996423897
15.1263,66.1102,5.4678,8.6033,74,68,78,2569,2800,0.480972,33,11.0169,0,0,4653,5062534689
15.634,63.9631,5.4678,8.6033,74,68,78,2569,2800,0.480972,33,11.0169,0,0,4653,5126498761
15.6766,63.7894,5.4678,8.6033,74,68,78,2569,2800,0.480972,33,11.0169,0,0,4653,5190288769
15.5843,64.1671,5.4678,8.6033,74,68,78,2569,2800,0.480972,33,11.0169,0,0,4653,5254459027
15.5079,64.4834,5.4678,8.6033,74,68,78,2569,2800,0.480972,33,11.0169,0,0,4653,5318942901
15.625,64.0002,4.17661,9.1962,73,67,75,1848,2800,0.480972,26,11.0137,0,0,4689,5382942830
15.121,66.133,4.17661,9.1962,73,67,75,1848,2800,0.480972,26,11.0137,0,0,4689,5449076444
15.5835,64.1703,4.17661,9.1962,73,67,75,1848,2800,0.480972,26,11.0137,0,0,4689,5513247984
13.7607,72.671,4.17661,9.1962,73,67,75,1848,2800,0.480972,26,11.0137,0,0,4689,5585919426
17.1074,58.4542,4.17661,9.1962,73,67,75,1848,2800,0.480972,26,11.0137,0,0,4689,5644374172
15.3444,65.1703,4.17661,9.1962,73,67,75,1848,2800,0.480972,26,11.0137,0,0,4689,5709545499
16.9564,58.975,4.17661,9.1962,73,67,75,1848,2800,0.480972,26,11.0137,0,0,4689,5768521628
15.3839,65.0029,4.17661,9.1962,73,67,75,1848,2800,0.480972,26,11.0137,0,0,4689,5833528799
14.9994,66.6692,4.63415,13.0559,69,69,64,800,2710,0.480972,16,11.0111,0,0,4689,5900196199
15.4166,64.8653,4.63415,13.0559,69,69,64,800,2710,0.480972,16,11.0111,0,0,4689,5965063018
15.4304,64.8073,4.63415,13.0559,69,69,64,800,2710,0.480972,16,11.0111,0,0,4689,6029870135
15.3347,65.2116,4.63415,13.0559,69,69,64,800,2710,0.480972,16,11.0111,0,0,4689,6095081847
15.5588,64.2723,4.63415,13.0559,69,69,64,800,2710,0.480972,16,11.0111,0,0,4689,6159356420
15.9163,62.8288,4.63415,13.0559,69,69,64,800,2710,0.480972,16,11.0111,0,0,4689,6222186285
16.4083,60.9448,4.63415,13.0559,69,69,64,800,2710,0.480972,16,11.0111,0,0,4689,6283132493
14.8181,67.4851,4.63415,13.0559,69,69,64,800,2710,0.480972,16,11.0111,0,0,4689,6350620365
15.407,64.9056,4.12121,7.03935,66,64,62,800,2710,0.480968,14,11.0118,0,0,4664,6415523421
15.6449,63.9187,4.12121,7.03935,66,64,62,800,2710,0.480968,14,11.0118,0,0,4664,6479443162
15.922,62.8062,4.12121,7.03935,66,64,62,800,2710,0.480968,14,11.0118,0,0,4664,6542250384
14.8829,67.191,4.12121,7.03935,66,64,62,800,2710,0.480968,14,11.0118,0,0,4664,6609444348
16.1631,61.8692,4.12121,7.03935,66,64,62,800,2710,0.480968,14,11.0118,0,0,4664,6671311956
15.7037,63.6792,4.12121,7.03935,66,64,62,800,2710,0.480968,14,11.0118,0,0,4664,6734992911
15.5733,64.2125,4.12121,7.03935,66,64,62,800,2710,0.480968,14,11.0118,0,0,4664,6799205748
15.2346,65.6401,4.12121,7.03935,66,64,62,800,2710,0.480968,14,11.0118,0,0,4664,6864849317
15.4188,64.8559,4.26309,8.3488,64,64,62,822,2800,0.480968,15,11.0105,0,0,4714,6929705586
15.5398,64.3511,4.26309,8.3488,64,64,62,822,2800,0.480968,15,11.0105,0,0,4714,6994055619
15.811,63.2471,4.26309,8.3488,64,64,62,822,2800,0.480968,15,11.0105,0,0,4714,7057303164
15.5809,64.1812,4.26309,8.3488,64,64,62,822,2800,0.480968,15,11.0105,0,0,4714,7121486827
15.4614,64.677,4.26309,8.3488,64,64,62,822,2800,0.480968,15,11.0105,0,0,4714,7186162970
15.2817,65.4376,4.26309,8.3488,64,64,62,822,2800,0.480968,15,11.0105,0,0,4714,7251602016
15.5918,64.1364,4.26309,8.3488,64,64,62,822,2800,0.480968,15,11.0105,0,0,4714,7315739102
15.4405,64.7647,4.26309,8.3488,64,64,62,822,2800,0.480968,15,11.0105,0,0,4714,7380507026
15.1249,66.116,5.43478,8.6163,63,63,62,800,2620,0.480961,14,11.0175,0,0,4688,7446621354
15.5472,64.3203,5.43478,8.6163,63,63,62,800,2620,0.480961,14,11.0175,0,0,4688,7510941762
16.3531,61.1506,5.43478,8.6163,63,63,62,800,2620,0.480961,14,11.0175,0,0,4688,7572093404
15.7097,63.655,5.43478,8.6163,63,63,62,800,2620,0.480961,14,11.0175,0,0,4688,7635752527
15.2635,65.5157,5.43478,8.6163,63,63,62,800,2620,0.480961,14,11.0175,0,0,4688,7701267396
15.3439,65.1726,5.43478,8.6163,63,63,62,800,2620,0.480961,14,11.0175,0,0,4688,7766440907
15.1392,66.0538,5.43478,8.6163,63,63,62,800,2620,0.480961,14,11.0175,0,0,4688,7832496124
15.7528,63.4809,5.43478,8.6163,63,63,62,800,2620,0.480961,14,11.0175,0,0,4688,7895979039
16.2213,61.6474,4.37956,7.1632,62,63,62,800,2800,0.480858,15,11.0189,0,0,4697,7957626506
15.2378,65.6263,4.37956,7.1632,62,63,62,800,2800,0.480858,15,11.0189,0,0,4697,8023252452
15.4229,64.8386,4.37956,7.1632,62,63,62,800,2800,0.480858,15,11.0189,0,0,4697,8088092491
15.9137,62.8389,4.37956,7.1632,62,63,62,800,2800,0.480858,15,11.0189,0,0,4697,8150931453
15.0119,66.6137,4.37956,7.1632,62,63,62,800,2800,0.480858,15,11.0189,0,0,4697,8217546095
15.7181,63.6211,4.37956,7.1632,62,63,62,800,2800,0.480858,15,11.0189,0,0,4697,8281170082
15.2078,65.7559,4.37956,7.1632,62,63,62,800,2800,0.480858,15,11.0189,0,0,4697,8346925650
15.4646,64.664,4.37956,7.1632,62,63,62,800,2800,0.480858,15,11.0189,0,0,4697,8411593247
16.1341,61.9806,5.45455,8.69085,62,65,62,800,2800,0.481838,15,11.0208,0,0,4689,8473574728
15.6156,64.0387,5.45455,8.69085,62,65,62,800,2800,0.481838,15,11.0208,0,0,4689,8537612458
15.5025,64.5059,5.45455,8.69085,62,65,62,800,2800,0.481838,15,11.0208,0,0,4689,8602118623
15.572,64.2178,5.45455,8.69085,62,65,62,800,2800,0.481838,15,11.0208,0,0,4689,8666337392
15.347,65.1595,5.45455,8.69085,62,65,62,800,2800,0.481838,15,11.0208,0,0,4689,8731498350
14.8869,67.173,5.45455,8.69085,62,65,62,800,2800,0.481838,15,11.0208,0,0,4689,8798671164
15.7853,63.3502,5.45455,8.69085,62,65,62,800,2800,0.481838,15,11.0208,0,0,4689,8862022132
15.5968,64.1157,5.45455,8.69085,62,65,62,800,2800,0.481838,15,11.0208,0,0,4689,8926141204
16.1113,62.0681,4.6285,8.2979,61,63,62,800,2620,0.481838,13,11.0212,0,0,4706,8988210259
15.4961,64.5323,4.6285,8.2979,61,63,62,800,2620,0.481838,13,11.0212,0,0,4706,9052742042
15.6937,63.7199,4.6285,8.2979,61,63,62,800,2620,0.481838,13,11.0212,0,0,4706,9116462530
15.1996,65.7913,4.6285,8.2979,61,63,62,800,2620,0.481838,13,11.0212,0,0,4706,9182255748
15.3209,65.2704,4.6285,8.2979,61,63,62,800,2620,0.481838,13,11.0212,0,0,4706,9247526390
15.2331,65.6464,4.6285,8.2979,61,63,62,800,2620,0.481838,13,11.0212,0,0,4706,9313173786
16.2712,61.4581,4.6285,8.2979,61,63,62,800,2620,0.481838,13,11.0212,0,0,4706,9374632932
15.5529,64.2965,4.6285,8.2979,61,63,62,800,2620,0.481838,13,11.0212,0,0,4706,9438932261
15.4643,64.6652,4.40098,9.6821,61,64,62,800,2710,0.481838,17,11.0211,0,0,4683,9503598284
15.5566,64.2815,4.40098,9.6821,61,64,62,800,2710,0.481838,17,11.0211,0,0,4683,9567879910
15.3605,65.1019,4.40098,9.6821,61,64,62,800,2710,0.481838,17,11.0211,0,0,4683,9632984954
15.4476,64.735,4.40098,9.6821,61,64,62,800,2710,0.481838,17,11.0211,0,0,4683,9697719094
15.4687,64.6466,4.40098,9.6821,61,64,62,800,2710,0.481838,17,11.0211,0,0,4683,9762366944
15.4482,64.7326,4.40098,9.6821,61,64,62,800,2710,0.481838,17,11.0211,0,0,4683,9827100764
16.0602,62.2658,4.40098,9.6821,61,64,62,800,2710,0.481838,17,11.0211,0,0,4683,9889365865
15.2571,65.5433,4.40098,9.6821,61,64,62,800,2710,0.481838,17,11.0211,0,0,4683,9954914436
15.7516,63.4855,5.72473,8.85785,61,63,61,805,2440,0.481838,15,10.9184,0,0,4686,10018397090
15.4491,64.7286,5.72473,8.85785,61,63,61,805,2440,0.481838,15,10.9184,0,0,4686,10083126642
14.7539,67.7789,5.72473,8.85785,61,63,61,805,2440,0.481838,15,10.9184,0,0,4686,10150906590
16.024,62.4064,5.72473,8.85785,61,63,61,805,2440,0.481838,15,10.9184,0,0,4686,10213315118
15.7875,63.3414,5.72473,8.85785,61,63,61,805,2440,0.481838,15,10.9184,0,0,4686,10276660566
15.8028,63.28,5.72473,8.85785,61,63,61,805,2440,0.481838,15,10.9184,0,0,4686,10339938458
15.4431,64.7538,5.72473,8.85785,61,63,61,805,2440,0.481838,15,10.9184,0,0,4686,10404693588
15.4041,64.9179,5.72473,8.85785,61,63,61,805,2440,0.481838,15,10.9184,0,0,4686,10469614107
15.5333,64.3776,4.7619,7.41795,61,63,62,800,2800,0.483036,17,10.9186,0,0,4712,10533990549
14.919,67.0285,4.7619,7.41795,61,63,62,800,2800,0.483036,17,10.9186,0,0,4712,10601021058
15.5536,64.2939,4.7619,7.41795,61,63,62,800,2800,0.483036,17,10.9186,0,0,4712,10665316409
15.8498,63.0922,4.7619,7.41795,61,63,62,800,2800,0.483036,17,10.9186,0,0,4712,10728408504
15.7308,63.5695,4.7619,7.41795,61,63,62,800,2800,0.483036,17,10.9186,0,0,4712,10791978141
15.5554,64.2862,4.7619,7.41795,61,63,62,800,2800,0.483036,17,10.9186,0,0,4712,10856265517
15.7694,63.4138,4.7619,7.41795,61,63,62,800,2800,0.483036,17,10.9186,0,0,4712,10919682268
15.4116,64.8862,4.7619,7.41795,61,63,62,800,2800,0.483036,17,10.9186,0,0,4712,10984569204
15.328,65.2403,7.58874,11.6212,61,64,62,800,2620,0.48304,12,10.9361,0,0,4689,11049808608
15.5118,64.4669,7.58874,11.6212,61,64,62,800,2620,0.48304,12,10.9361,0,0,4689,11114275580
15.0754,66.3333,7.58874,11.6212,61,64,62,800,2620,0.48304,12,10.9361,0,0,4689,11180611872
16.3345,61.2201,7.58874,11.6212,61,64,62,800,2620,0.48304,12,10.9361,0,0,4689,11241833384
15.5505,64.3068,7.58874,11.6212,61,64,62,800,2620,0.48304,12,10.9361,0,0,4689,11306141189
15.4574,64.6938,7.58874,11.6212,61,64,62,800,2620,0.48304,12,10.9361,0,0,4689,11370835866
15.5751,64.2049,7.58874,11.6212,61,64,62,800,2620,0.48304,12,10.9361,0,0,4689,11435040238
15.3186,65.2803,7.58874,11.6212,61,64,62,800,2620,0.48304,12,10.9361,0,0,4689,11500324225
15.5527,64.2975,8.16078,7.7175,62,63,62,800,2620,0.483063,18,10.9311,0,0,4665,11564619737
15.407,64.9058,8.16078,7.7175,62,63,62,800,2620,0.483063,18,10.9311,0,0,4665,11629526129
16.0536,62.2913,8.16078,7.7175,62,63,62,800,2620,0.483063,18,10.9311,0,0,4665,11691818020
15.7028,63.6829,8.16078,7.7175,62,63,62,800,2620,0.483063,18,10.9311,0,0,4665,11755501910
15.43,64.8087,8.16078,7.7175,62,63,62,800,2620,0.483063,18,10.9311,0,0,4665,11820311551
15.0502,66.4444,8.16078,7.7175,62,63,62,800,2620,0.483063,18,10.9311,0,0,4665,11886756767
15.7062,63.6692,8.16078,7.7175,62,63,62,800,2620,0.483063,18,10.9311,0,0,4665,11950426440
15.3208,65.2707,8.16078,7.7175,62,63,62,800,2620,0.483063,18,10.9311,0,0,4665,12015703014
15.846,63.1072,4.39024,14.8858,62,69,62,800,2800,0.483063,16,10.932,0,0,4661,12078807041
15.6035,64.088,4.39024,14.8858,62,69,62,800,2800,0.483063,16,10.932,0,0,4661,12142895606
15.6533,63.8843,4.39024,14.8858,62,69,62,800,2800,0.483063,16,10.932,0,0,4661,12206781102
15.507,64.4871,4.39024,14.8858,62,69,62,800,2800,0.483063,16,10.932,0,0,4661,12271269374
15.4637,64.6675,4.39024,14.8858,62,69,62,800,2800,0.483063,16,10.932,0,0,4661,12335936890
15.3665,65.0768,4.39024,14.8858,62,69,62,800,2800,0.483063,16,10.932,0,0,4661,12401016857
15.4248,64.8308,4.39024,14.8858,62,69,62,800,2800,0.483063,16,10.932,0,0,4661,12465846806
15.1941,65.8152,4.39024,14.8858,62,69,62,800,2800,0.483063,16,10.932,0,0,4661,12531664059
16.0556,62.2835,3.65408,9.139,62,63,61,800,2800,0.483063,13,10.9316,0,0,4690,12593948747
15.4873,64.5691,3.65408,9.139,62,63,61,800,2800,0.483063,13,10.9316,0,0,4690,12658518320
15.8917,62.9258,3.65408,9.139,62,63,61,800,2800,0.483063,13,10.9316,0,0,4690,12721443653
15.1495,66.0089,3.65408,9.139,62,63,61,800,2800,0.483063,13,10.9316,0,0,4690,12787453827
15.5978,64.1114,3.65408,9.139,62,63,61,800,2800,0.483063,13,10.9316,0,0,4690,12851565716
15.0916,66.262,3.65408,9.139,62,63,61,800,2800,0.483063,13,10.9316,0,0,4690,12917827970
15.3724,65.0518,3.65408,9.139,62,63,61,800,2800,0.483063,13,10.9316,0,0,4690,12982881477
16.1466,61.9327,3.65408,9.139,62,63,61,800,2800,0.483063,13,10.9316,0,0,4690,13044819877
15.701,63.6902,4.29448,7.41395,62,63,61,800,2800,0.483063,15,10.93,0,0,4713,13108506292
15.5931,64.131,4.29448,7.41395,62,63,61,800,2800,0.483063,15,10.93,0,0,4713,13172638519
15.5883,64.1509,4.29448,7.41395,62,63,61,800,2800,0.483063,15,10.93,0,0,4713,13236790071
15.4215,64.8444,4.29448,7.41395,62,63,61,800,2800,0.483063,15,10.93,0,0,4713,13301635119
14.9815,66.7492,4.29448,7.41395,62,63,61,800,2800,0.483063,15,10.93,0,0,4713,13368389662
15.1289,66.0988,4.29448,7.41395,62,63,61,800,2800,0.483063,15,10.93,0,0,4713,13434485866
16.1666,61.8558,4.29448,7.41395,62,63,61,800,2800,0.483063,15,10.93,0,0,4713,13496344829
15.8312,63.1666,4.29448,7.41395,62,63,61,800,2800,0.483063,15,10.93,0,0,4713,13559511753
15.6721,63.8075,3.5409,8.3044,62,62,61,800,2800,0.483063,11,10.9299,0,0,4689,13623318112
15.3265,65.2466,3.5409,8.3044,62,62,61,800,2800,0.483063,11,10.9299,0,0,4689,13688566212
15.6895,63.7368,3.5409,8.3044,62,62,61,800,2800,0.483063,11,10.9299,0,0,4689,13752303181
14.7363,67.8598,3.5409,8.3044,62,62,61,800,2800,0.483063,11,10.9299,0,0,4689,13820163889
16.3865,61.0258,3.5409,8.3044,62,62,61,800,2800,0.483063,11,10.9299,0,0,4689,13881190407
15.1119,66.173,3.5409,8.3044,62,62,61,800,2800,0.483063,11,10.9299,0,0,4689,13947364857
15.9714,62.612,3.5409,8.3044,62,62,61,800,2800,0.483063,11,10.9299,0,0,4689,14009977898
15.3579,65.1129,3.5409,8.3044,62,62,61,800,2800,0.483063,11,10.9299,0,0,4689,14075094633
15.8123,63.2418,4.14129,5.3945,62,61,61,800,2620,0.483063,14,10.9298,0,0,4588,14138333712
15.5615,64.2613,4.14129,5.3945,62,61,61,800,2620,0.483063,14,10.9298,0,0,4588,14202596442
14.9468,66.904,4.14129,5.3945,62,61,61,800,2620,0.483063,14,10.9298,0,0,4588,14269500715
15.566,64.2426,4.14129,5.3945,62,61,61,800,2620,0.483063,14,10.9298,0,0,4588,14333745382
15.5755,64.2034,4.14129,5.3945,62,61,61,800,2620,0.483063,14,10.9298,0,0,4588,14397949924
15.9824,62.5689,4.14129,5.3945,62,61,61,800,2620,0.483063,14,10.9298,0,0,4588,14460519072
15.371,65.0575,4.14129,5.3945,62,61,61,800,2620,0.483063,14,10.9298,0,0,4588,14525578250
15.5339,64.3752,4.14129,5.3945,62,61,61,800,2620,0.483063,14,10.9298,0,0,4588,14589954793
15.6298,63.9802,12.7893,7.3752,62,62,63,800,2800,0.483067,26,10.9465,0,0,4665,14653935687
15.1618,65.9551,12.7893,7.3752,62,62,63,800,2800,0.483067,26,10.9465,0,0,4665,14719889876
15.7576,63.4615,12.7893,7.3752,62,62,63,800,2800,0.483067,26,10.9465,0,0,4665,14783352122
15.4263,64.8242,12.7893,7.3752,62,62,63,800,2800,0.483067,26,10.9465,0,0,4665,14848178475
15.77,63.4117,12.7893,7.3752,62,62,63,800,2800,0.483067,26,10.9465,0,0,4665,14911590186
15.708,63.6619,12.7893,7.3752,62,62,63,800,2800,0.483067,26,10.9465,0,0,4665,14975256263
15.3783,65.0265,12.7893,7.3752,62,62,63,800,2800,0.483067,26,10.9465,0,0,4665,15040280806
15.6364,63.9535,12.7893,7.3752,62,62,63,800,2800,0.483067,26,10.9465,0,0,4665,15104236743
15.0684,66.364,9.14634,21.9072,62,75,63,800,2800,0.481831,19,10.957,0,0,4664,15170599746
15.7477,63.5013,9.14634,21.9072,62,75,63,800,2800,0.481831,19,10.957,0,0,4664,15234102016
15.6129,64.0497,9.14634,21.9072,62,75,63,800,2800,0.481831,19,10.957,0,0,4664,15298153623
15.4983,64.5233,9.14634,21.9072,62,75,63,800,2800,0.481831,19,10.957,0,0,4664,15362676409
15.7675,63.4215,9.14634,21.9072,62,75,63,800,2800,0.481831,19,10.957,0,0,4664,15426099521
15.2539,65.5571,9.14634,21.9072,62,75,63,800,2800,0.481831,19,10.957,0,0,4664,15491657080
15.6726,63.8057,9.14634,21.9072,62,75,63,800,2800,0.481831,19,10.957,0,0,4664,15555464440
15.3043,65.341,9.14634,21.9072,62,75,63,800,2800,0.481831,19,10.957,0,0,4664,15620808059
15.779,63.3755,6.65054,16.1929,62,69,63,821,2800,0.483067,21,10.968,0,0,4664,15684181930
15.6062,64.0771,6.65054,16.1929,62,69,63,821,2800,0.483067,21,10.968,0,0,4664,15748259224
15.4291,64.8125,6.65054,16.1929,62,69,63,821,2800,0.483067,21,10.968,0,0,4664,15813073033
15.8097,63.2522,6.65054,16.1929,62,69,63,821,2800,0.483067,21,10.968,0,0,4664,15876333492
15.593,64.1315,6.65054,16.1929,62,69,63,821,2800,0.483067,21,10.968,0,0,4664,15940459808
14.64,68.3058,6.65054,16.1929,62,69,63,821,2800,0.483067,21,10.968,0,0,4664,16008766820
15.8863,62.9475,6.65054,16.1929,62,69,63,821,2800,0.483067,21,10.968,0,0,4664,16071714896
15.8625,63.0419,6.65054,16.1929,62,69,63,821,2800,0.483067,21,10.968,0,0,4664,16134760614
14.8519,67.3316,5.0061,15.2449,62,68,61,800,2800,0.483067,12,10.972,0,0,4665,16202089871
16.1677,61.8516,5.0061,15.2449,62,68,61,800,2800,0.483067,12,10.972,0,0,4665,16263944084
15.6542,63.8805,5.0061,15.2449,62,68,61,800,2800,0.483067,12,10.972,0,0,4665,16327823849
15.8669,63.0243,5.0061,15.2449,62,68,61,800,2800,0.483067,12,10.972,0,0,4665,16390851644
15.361,65.0998,5.0061,15.2449,62,68,61,800,2800,0.483067,12,10.972,0,0,4665,16455952219
15.5337,64.3762,5.0061,15.2449,62,68,61,800,2800,0.483067,12,10.972,0,0,4665,16520328421
14.7082,67.9892,5.0061,15.2449,62,68,61,800,2800,0.483067,12,10.972,0,0,4665,16588317480
16.8404,59.3808,5.0061,15.2449,62,68,61,800,2800,0.483067,12,10.972,0,0,4665,16647700769
14.8043,67.548,2.5641,7.88115,60,63,60,800,2620,0.483067,14,10.9724,0,0,4712,16715247612
14.8914,67.1527,2.5641,7.88115,60,63,60,800,2620,0.483067,14,10.9724,0,0,4712,16782401501
16.3156,61.2911,2.5641,7.88115,60,63,60,800,2620,0.483067,14,10.9724,0,0,4712,16843700948
15.1385,66.0569,2.5641,7.88115,60,63,60,800,2620,0.483067,14,10.9724,0,0,4712,16909755605
16.0158,62.4382,2.5641,7.88115,60,63,60,800,2620,0.483067,14,10.9724,0,0,4712,16972193298
15.6025,64.0924,2.5641,7.88115,60,63,60,800,2620,0.483067,14,10.9724,0,0,4712,17036285540
15.2569,65.5441,2.5641,7.88115,60,63,60,800,2620,0.483067,14,10.9724,0,0,4712,17101830595
15.7905,63.3294,2.5641,7.88115,60,63,60,800,2620,0.483067,14,10.9724,0,0,4712,17165163509
15.9267,62.7875,2.30863,8.0709,58,63,60,800,2440,0.483059,9,10.9765,0,0,4708,17227949061
15.2245,65.6836,2.30863,8.0709,58,63,60,800,2440,0.483059,9,10.9765,0,0,4708,17293633487
15.4261,64.8253,2.30863,8.0709,58,63,60,800,2440,0.483059,9,10.9765,0,0,4708,17358459779
15.4777,64.6089,2.30863,8.0709,58,63,60,800,2440,0.483059,9,10.9765,0,0,4708,17423069508
15.5415,64.3439,2.30863,8.0709,58,63,60,800,2440,0.483059,9,10.9765,0,0,4708,17487416566
15.6821,63.7669,2.30863,8.0709,58,63,60,800,2440,0.483059,9,10.9765,0,0,4708,17551182128
15.8207,63.2082,2.30863,8.0709,58,63,60,800,2440,0.483059,9,10.9765,0,0,4708,17614390921
14.9418,66.9263,2.30863,8.0709,58,63,60,800,2440,0.483059,9,10.9765,0,0,4708,17681325179
16.0683,62.2344,4.37956,4.61165,57,60,60,800,2710,0.482075,19,10.9763,0,0,4695,17743554874
15.0247,66.557,4.37956,4.61165,57,60,60,800,2710,0.482075,19,10.9763,0,0,4695,17810113221
15.8326,63.161,4.37956,4.61165,57,60,60,800,2710,0.482075,19,10.9763,0,0,4695,17873276378
14.9532,66.8751,4.37956,4.61165,57,60,60,800,2710,0.482075,19,10.9763,0,0,4695,17940150565
16.1039,62.0969,4.37956,4.61165,57,60,60,800,2710,0.482075,19,10.9763,0,0,4695,18002248503
15.2728,65.4758,4.37956,4.61165,57,60,60,800,2710,0.482075,19,10.9763,0,0,4695,18067725521
15.3315,65.225,4.37956,4.61165,57,60,60,800,2710,0.482075,19,10.9763,0,0,4695,18132952893
16.2989,61.3539,4.37956,4.61165,57,60,60,800,2710,0.482075,19,10.9763,0,0,4695,18194308565
15.4888,64.5626,2.69278,13.2559,57,62,60,800,2800,0.482075,12,10.9803,0,0,4760,18258869653
14.5479,68.7385,2.69278,13.2559,57,62,60,800,2800,0.482075,12,10.9803,0,0,4760,18327609142
16.9838,58.8798,2.69278,13.2559,57,62,60,800,2800,0.482075,12,10.9803,0,0,4760,18386489503
15.3703,65.0604,2.69278,13.2559,57,62,60,800,2800,0.482075,12,10.9803,0,0,4760,18451550314
14.6955,68.0478,2.69278,13.2559,57,62,60,800,2800,0.482075,12,10.9803,0,0,4760,18519600636
16.4327,60.8544,2.69278,13.2559,57,62,60,800,2800,0.482075,12,10.9803,0,0,4760,18580455434
15.7051,63.6737,2.69278,13.2559,57,62,60,800,2800,0.482075,12,10.9803,0,0,4760,18644128984
15.3566,65.1187,2.69278,13.2559,57,62,60,800,2800,0.482075,12,10.9803,0,0,4760,18709251430
15.6836,63.761,2.69278,5.52185,56,61,59,800,2710,0.480843,12,10.9755,0,0,4690,18773009839
15.4995,64.5182,2.69278,5.52185,56,61,59,800,2710,0.480843,12,10.9755,0,0,4690,18837528978
15.3425,65.1784,2.69278,5.52185,56,61,59,800,2710,0.480843,12,10.9755,0,0,4690,18902708450
15.2838,65.4289,2.69278,5.52185,56,61,59,800,2710,0.480843,12,10.9755,0,0,4690,18968138050
15.7066,63.6676,2.69278,5.52185,56,61,59,800,2710,0.480843,12,10.9755,0,0,4690,19031806340
15.6929,63.7232,2.69278,5.52185,56,61,59,800,2710,0.480843,12,10.9755,0,0,4690,19095530405
15.4928,64.546,2.69278,5.52185,56,61,59,800,2710,0.480843,12,10.9755,0,0,4690,19160077897
15.4476,64.7351,2.69278,5.52185,56,61,59,800,2710,0.480843,12,10.9755,0,0,4690,19224816085
15.2705,65.4858,3.77588,7.3055,55,61,60,800,2800,0.480839,13,10.9763,0,0,4712,19290300237
15.4993,64.5189,3.77588,7.3055,55,61,60,800,2800,0.480839,13,10.9763,0,0,4712,19354819065
15.4328,64.7969,3.77588,7.3055,55,61,60,800,2800,0.480839,13,10.9763,0,0,4712,19419617757
15.846,63.1073,3.77588,7.3055,55,61,60,800,2800,0.480839,13,10.9763,0,0,4712,19482725591
15.608,64.0696,3.77588,7.3055,55,61,60,800,2800,0.480839,13,10.9763,0,0,4712,19546796904
15.9303,62.7734,3.77588,7.3055,55,61,60,800,2800,0.480839,13,10.9763,0,0,4712,19609570434
15.3648,65.084,3.77588,7.3055,55,61,60,800,2800,0.480839,13,10.9763,0,0,4712,19674655309
14.8592,67.2985,3.77588,7.3055,55,61,60,800,2800,0.480839,13,10.9763,0,0,4712,19741956754
15.1261,66.1107,4.26309,6.61215,57,61,60,800,2710,0.482067,16,10.9753,0,0,4689,19808067305
16.4262,60.8784,4.26309,6.61215,57,61,60,800,2710,0.482067,16,10.9753,0,0,4689,19868945395
15.6945,63.7166,4.26309,6.61215,57,61,60,800,2710,0.482067,16,10.9753,0,0,4689,19932663158
15.5405,64.3481,4.26309,6.61215,57,61,60,800,2710,0.482067,16,10.9753,0,0,4689,19997011679
15.5664,64.241,4.26309,6.61215,57,61,60,800,2710,0.482067,16,10.9753,0,0,4689,20061252969
15.4218,64.8434,4.26309,6.61215,57,61,60,800,2710,0.482067,16,10.9753,0,0,4689,20126097426
15.4462,64.741,4.26309,6.61215,57,61,60,800,2710,0.482067,16,10.9753,0,0,4689,20190839111
15.1716,65.9125,4.26309,6.61215,57,61,60,800,2710,0.482067,16,10.9753,0,0,4689,20256754417
16.3329,61.226,3.90244,11.1009,57,63,60,800,2440,0.482067,13,10.9758,0,0,4687,20317979085
15.0319,66.525,3.90244,11.1009,57,63,60,800,2440,0.482067,13,10.9758,0,0,4687,20384504881
15.9673,62.628,3.90244,11.1009,57,63,60,800,2440,0.482067,13,10.9758,0,0,4687,20447133601
15.3916,64.9706,3.90244,11.1009,57,63,60,800,2440,0.482067,13,10.9758,0,0,4687,20512104964
15.398,64.9436,3.90244,11.1009,57,63,60,800,2440,0.482067,13,10.9758,0,0,4687,20577049077
15.662,63.849,3.90244,11.1009,57,63,60,800,2440,0.482067,13,10.9758,0,0,4687,20640902514
15.471,64.6372,3.90244,11.1009,57,63,60,800,2440,0.482067,13,10.9758,0,0,4687,20705538120
15.5175,64.4435,3.90244,11.1009,57,63,60,800,2440,0.482067,13,10.9758,0,0,4687,20769985285
15.7925,63.3211,4.04908,7.03885,58,62,60,800,2800,0.482067,18,10.9724,0,0,4686,20833304795
15.7224,63.6035,4.04908,7.03885,58,62,60,800,2800,0.482067,18,10.9724,0,0,4686,20896908835
15.3778,65.0288,4.04908,7.03885,58,62,60,800,2800,0.482067,18,10.9724,0,0,4686,20961938117
15.2388,65.6219,4.04908,7.03885,58,62,60,800,2800,0.482067,18,10.9724,0,0,4686,21027560747
15.7471,63.5037,4.04908,7.03885,58,62,60,800,2800,0.482067,18,10.9724,0,0,4686,21091065732
15.4705,64.6393,4.04908,7.03885,58,62,60,800,2800,0.482067,18,10.9724,0,0,4686,21155705798
15.3728,65.05,4.04908,7.03885,58,62,60,800,2800,0.482067,18,10.9724,0,0,4686,21220756479
15.9471,62.7072,4.04908,7.03885,58,62,60,800,2800,0.482067,18,10.9724,0,0,4686,21283466220
15.3391,65.1928,4.16157,13.3954,59,63,60,800,2800,0.482067,14,10.9747,0,0,4702,21348658005
15.5944,64.1255,4.16157,13.3954,59,63,60,800,2800,0.482067,14,10.9747,0,0,4702,21412784862
15.6761,63.7912,4.16157,13.3954,59,63,60,800,2800,0.482067,14,10.9747,0,0,4702,21476576213
15.3128,65.3047,4.16157,13.3954,59,63,60,800,2800,0.482067,14,10.9747,0,0,4702,21541882071
14.9381,66.9427,4.16157,13.3954,59,63,60,800,2800,0.482067,14,10.9747,0,0,4702,21608825707
15.7564,63.4664,4.16157,13.3954,59,63,60,800,2800,0.482067,14,10.9747,0,0,4702,21672293103
15.5393,64.353,4.16157,13.3954,59,63,60,800,2800,0.482067,14,10.9747,0,0,4702,21736646392
14.5549,68.7055,4.16157,13.3954,59,63,60,800,2800,0.482067,14,10.9747,0,0,4702,21805355806
17.3232,57.7259,4.22195,7.77825,59,63,60,816,2710,0.482067,15,10.9761,0,0,4740,21863079947
14.7747,67.6833,4.22195,7.77825,59,63,60,816,2710,0.482067,15,10.9761,0,0,4740,21930765609
16.5994,60.2433,4.22195,7.77825,59,63,60,816,2710,0.482067,15,10.9761,0,0,4740,21991008003
14.4055,69.4178,4.22195,7.77825,59,63,60,816,2710,0.482067,15,10.9761,0,0,4740,22060427272
15.4262,64.8249,4.22195,7.77825,59,63,60,816,2710,0.482067,15,10.9761,0,0,4740,22125252803
16.6778,59.96,4.22195,7.77825,59,63,60,816,2710,0.482067,15,10.9761,0,0,4740,22185212810
15.4087,64.8982,4.22195,7.77825,59,63,60,816,2710,0.482067,15,10.9761,0,0,4740,22250111828
15.5968,64.1159,4.22195,7.77825,59,63,60,816,2710,0.482067,15,10.9761,0,0,4740,22314232213
15.6608,63.8538,2.10136,9.7642,59,63,59,800,2530,0.479851,12,10.9778,0,0,4714,22378083195
14.741,67.8381,2.10136,9.7642,59,63,59,800,2530,0.479851,12,10.9778,0,0,4714,22445922083
16.175,61.8239,2.10136,9.7642,59,63,59,800,2530,0.479851,12,10.9778,0,0,4714,22507746671
14.678,68.1294,2.10136,9.7642,59,63,59,800,2530,0.479851,12,10.9778,0,0,4714,22575876692
16.0176,62.4314,2.10136,9.7642,59,63,59,800,2530,0.479851,12,10.9778,0,0,4714,22638308835
15.6482,63.9049,2.10136,9.7642,59,63,59,800,2530,0.479851,12,10.9778,0,0,4714,22702214338
16.1625,61.8717,2.10136,9.7642,59,63,59,800,2530,0.479851,12,10.9778,0,0,4714,22764087527
15.2319,65.6515,2.10136,9.7642,59,63,59,800,2530,0.479851,12,10.9778,0,0,4714,22829741946
15.9075,62.8633,3.63636,5.77495,56,60,59,800,2800,0.479851,10,10.9783,0,0,4689,22892607077
14.987,66.7245,3.63636,5.77495,56,60,59,800,2800,0.479851,10,10.9783,0,0,4689,22959331554
15.1302,66.0929,3.63636,5.77495,56,60,59,800,2800,0.479851,10,10.9783,0,0,4689,23025424201
15.6386,63.9444,3.63636,5.77495,56,60,59,800,2800,0.479851,10,10.9783,0,0,4689,23089368928
16.3739,61.0729,3.63636,5.77495,56,60,59,800,2800,0.479851,10,10.9783,0,0,4689,23150442965
15.1883,65.8401,3.63636,5.77495,56,60,59,800,2800,0.479851,10,10.9783,0,0,4689,23216284413
15.7912,63.3264,3.63636,5.77495,56,60,59,800,2800,0.479851,10,10.9783,0,0,4689,23279616776
15.4084,64.8997,3.63636,5.77495,56,60,59,800,2800,0.479851,10,10.9783,0,0,4689,23344515595
15.4358,64.7843,4.74453,5.2355,56,59,59,800,2710,0.481083,14,10.9808,0,0,4715,23409300109
15.5346,64.3726,4.74453,5.2355,56,59,59,800,2710,0.481083,14,10.9808,0,0,4715,23473673497
15.4888,64.5627,4.74453,5.2355,56,59,59,800,2710,0.481083,14,10.9808,0,0,4715,23538237029
15.9567,62.6695,4.74453,5.2355,56,59,59,800,2710,0.481083,14,10.9808,0,0,4715,23600906685
15.2417,65.6097,4.74453,5.2355,56,59,59,800,2710,0.481083,14,10.9808,0,0,4715,23666519586
15.6285,63.9858,4.74453,5.2355,56,59,59,800,2710,0.481083,14,10.9808,0,0,4715,23730505119
15.7409,63.5286,4.74453,5.2355,56,59,59,800,2710,0.481083,14,10.9808,0,0,4715,23794033959
14.9432,66.9201,4.74453,5.2355,56,59,59,800,2710,0.481083,14,10.9808,0,0,4715,23860958560
14.9247,67.0032,4.36893,7.34375,57,60,60,800,2800,0.481083,13,10.9834,0,0,4726,23927958902
16.5274,60.5056,4.36893,7.34375,57,60,60,800,2800,0.481083,13,10.9834,0,0,4726,23988467974
15.5106,64.4721,4.36893,7.34375,57,60,60,800,2800,0.481083,13,10.9834,0,0,4726,24052938853
15.8812,62.9673,4.36893,7.34375,57,60,60,800,2800,0.481083,13,10.9834,0,0,4726,24115906776
15.3619,65.0961,4.36893,7.34375,57,60,60,800,2800,0.481083,13,10.9834,0,0,4726,24181005979
15.4625,64.6728,4.36893,7.34375,57,60,60,800,2800,0.481083,13,10.9834,0,0,4726,24245677583
15.5055,64.4932,4.36893,7.34375,57,60,60,800,2800,0.481083,13,10.9834,0,0,4726,24310172436
14.4794,69.0636,4.36893,7.34375,57,60,60,800,2800,0.481083,13,10.9834,0,0,4726,24379237975
17.0693,58.5848,2.42131,9.4057,58,61,59,800,2710,0.481083,14,10.9838,0,0,4730,24437823315
14.3608,69.6339,2.42131,9.4057,58,61,59,800,2710,0.481083,14,10.9838,0,0,4730,24507459067
17.1128,58.4357,2.42131,9.4057,58,61,59,800,2710,0.481083,14,10.9838,0,0,4730,24565893516
15.3285,65.2379,2.42131,9.4057,58,61,59,800,2710,0.481083,14,10.9838,0,0,4730,24631132569
15.4318,64.8012,2.42131,9.4057,58,61,59,800,2710,0.481083,14,10.9838,0,0,4730,24695934597
15.6787,63.7809,2.42131,9.4057,58,61,59,800,2710,0.481083,14,10.9838,0,0,4730,24759716660
14.3618,69.629,2.42131,9.4057,58,61,59,800,2710,0.481083,14,10.9838,0,0,4730,24829345790
16.4014,60.9703,2.42131,9.4057,58,61,59,800,2710,0.481083,14,10.9838,0,0,4730,24890319640
15.3401,65.1884,1.9656,6.8477,56,60,58,800,2620,0.481083,10,10.9836,0,0,4714,24955506826
16.0613,62.2614,1.9656,6.8477,56,60,58,800,2620,0.481083,10,10.9836,0,0,4714,25017768150
15.7183,63.6201,1.9656,6.8477,56,60,58,800,2620,0.481083,10,10.9836,0,0,4714,25081390044
15.1919,65.8245,1.9656,6.8477,56,60,58,800,2620,0.481083,10,10.9836,0,0,4714,25147215312
15.5611,64.2627,1.9656,6.8477,56,60,58,800,2620,0.481083,10,10.9836,0,0,4714,25211478533
15.0672,66.3692,1.9656,6.8477,56,60,58,800,2620,0.481083,10,10.9836,0,0,4714,25277850853
15.6182,64.0278,1.9656,6.8477,56,60,58,800,2620,0.481083,10,10.9836,0,0,4714,25341879166
15.6087,64.0667,1.9656,6.8477,56,60,58,800,2620,0.481083,10,10.9836,0,0,4714,25405946952
16.3522,61.1538,4.37424,4.17795,54,59,58,800,2800,0.481083,13,10.9884,0,0,4719,25467101209
15.1915,65.8262,4.37424,4.17795,54,59,58,800,2800,0.481083,13,10.9884,0,0,4719,25532927258
15.6074,64.0721,4.37424,4.17795,54,59,58,800,2800,0.481083,13,10.9884,0,0,4719,25597000996
15.4602,64.6822,4.37424,4.17795,54,59,58,800,2800,0.481083,13,10.9884,0,0,4719,25661683580
15.0218,66.5699,4.37424,4.17795,54,59,58,800,2800,0.481083,13,10.9884,0,0,4719,25728254310
15.3137,65.3009,4.37424,4.17795,54,59,58,800,2800,0.481083,13,10.9884,0,0,4719,25793555770
15.9231,62.8017,4.37424,4.17795,54,59,58,800,2800,0.481083,13,10.9884,0,0,4719,25856358345
16.255,61.5195,4.37424,4.17795,54,59,58,800,2800,0.481083,13,10.9884,0,0,4719,25917881720
15.4543,64.707,4.67405,8.10165,56,60,59,800,2710,0.481083,13,10.9909,0,0,4736,25982586196
15.085,66.291,4.67405,8.10165,56,60,59,800,2710,0.481083,13,10.9909,0,0,4736,26048878165
15.2361,65.6336,4.67405,8.10165,56,60,59,800,2710,0.481083,13,10.9909,0,0,4736,26114511755
15.5329,64.3794,4.67405,8.10165,56,60,59,800,2710,0.481083,13,10.9909,0,0,4736,26178893157
15.5047,64.4965,4.67405,8.10165,56,60,59,800,2710,0.481083,13,10.9909,0,0,4736,26243391849
15.1272,66.1059,4.67405,8.10165,56,60,59,800,2710,0.481083,13,10.9909,0,0,4736,26309498312
16.5125,60.5604,4.67405,8.10165,56,60,59,800,2710,0.481083,13,10.9909,0,0,4736,26370061595
15.4509,64.7212,4.67405,8.10165,56,60,59,800,2710,0.481083,13,10.9909,0,0,4736,26434787750
15.5844,64.1666,6.80437,8.9993,58,61,59,800,2800,0.481083,17,10.9458,0,0,4713,26498950935
15.3242,65.2564,6.80437,8.9993,58,61,59,800,2800,0.481083,17,10.9458,0,0,4713,26564208223
15.8771,62.9837,6.80437,8.9993,58,61,59,800,2800,0.481083,17,10.9458,0,0,4713,26627192226
15.7247,63.5943,6.80437,8.9993,58,61,59,800,2800,0.481083,17,10.9458,0,0,4713,26690786959
14.6829,68.1064,6.80437,8.9993,58,61,59,800,2800,0.481083,17,10.9458,0,0,4713,26758896672
15.9565,62.6704,6.80437,8.9993,58,61,59,800,2800,0.481083,17,10.9458,0,0,4713,26821566168
15.6933,63.7213,6.80437,8.9993,58,61,59,800,2800,0.481083,17,10.9458,0,0,4713,26885288089
15.6333,63.9662,6.80437,8.9993,58,61,59,800,2800,0.481083,17,10.9458,0,0,4713,26949259726
15.6385,63.9449,3.30477,9.7171,59,61,59,800,2710,0.482315,12,10.9454,0,0,4740,27013200806
15.2409,65.6131,3.30477,9.7171,59,61,59,800,2710,0.482315,12,10.9454,0,0,4740,27078814338
15.2146,65.7264,3.30477,9.7171,59,61,59,800,2710,0.482315,12,10.9454,0,0,4740,27144543277
15.6045,64.0843,3.30477,9.7171,59,61,59,800,2710,0.482315,12,10.9454,0,0,4740,27208627143
15.9973,62.5107,3.30477,9.7171,59,61,59,800,2710,0.482315,12,10.9454,0,0,4740,27271137812
15.5325,64.3812,3.30477,9.7171,59,61,59,800,2710,0.482315,12,10.9454,0,0,4740,27335522491
15.7035,63.6799,3.30477,9.7171,59,61,59,800,2710,0.482315,12,10.9454,0,0,4740,27399201661
15.4488,64.7299,3.30477,9.7171,59,61,59,800,2710,0.482315,12,10.9454,0,0,4740,27463934580
15.7613,63.4467,4.64548,6.37745,59,62,59,800,2620,0.482315,16,10.9458,0,0,4715,27527382449
15.4069,64.906,4.64548,6.37745,59,62,59,800,2620,0.482315,16,10.9458,0,0,4715,27592288350
15.519,64.437,4.64548,6.37745,59,62,59,800,2620,0.482315,16,10.9458,0,0,4715,27656728943
15.4524,64.7148,4.64548,6.37745,59,62,59,800,2620,0.482315,16,10.9458,0,0,4715,27721441063
15.3289,65.2361,4.64548,6.37745,59,62,59,800,2620,0.482315,16,10.9458,0,0,4715,27786677972
14.5899,68.5404,4.64548,6.37745,59,62,59,800,2620,0.482315,16,10.9458,0,0,4715,27855220925
16.9871,58.8681,4.64548,6.37745,59,62,59,800,2620,0.482315,16,10.9458,0,0,4715,27914089333
15.0643,66.3819,4.64548,6.37745,59,62,59,800,2620,0.482315,16,10.9458,0,0,4715,27980475889
14.4985,68.9726,1.94175,11.3175,59,61,59,800,2620,0.482315,12,10.9456,0,0,4740,28049445969
16.6381,60.103,1.94175,11.3175,59,61,59,800,2620,0.482315,12,10.9456,0,0,4740,28109550205
15.2459,65.5914,1.94175,11.3175,59,61,59,800,2620,0.482315,12,10.9456,0,0,4740,28175141626
16.3784,61.0562,1.94175,11.3175,59,61,59,800,2620,0.482315,12,10.9456,0,0,4740,28236198792
15.4642,64.6655,1.94175,11.3175,59,61,59,800,2620,0.482315,12,10.9456,0,0,4740,28300864615
15.451,64.7207,1.94175,11.3175,59,61,59,800,2620,0.482315,12,10.9456,0,0,4740,28365588567
15.5528,64.2971,1.94175,11.3175,59,61,59,800,2620,0.482315,12,10.9456,0,0,4740,28429885451
14.9685,66.807,1.94175,11.3175,59,61,59,800,2620,0.482315,12,10.9456,0,0,4740,28496695377
15.9043,62.8759,4.26309,6.01755,57,60,57,800,2620,0.482315,8,10.9503,0,0,4715,28559568924
15.4574,64.6939,4.26309,6.01755,57,60,57,800,2620,0.482315,8,10.9503,0,0,4715,28624265855
15.3536,65.1315,4.26309,6.01755,57,60,57,800,2620,0.482315,8,10.9503,0,0,4715,28689396787
16.0918,62.1434,4.26309,6.01755,57,60,57,800,2620,0.482315,8,10.9503,0,0,4715,28751540801
15.4653,64.6608,4.26309,6.01755,57,60,57,800,2620,0.482315,8,10.9503,0,0,4715,28816202707
15.6093,64.0643,4.26309,6.01755,57,60,57,800,2620,0.482315,8,10.9503,0,0,4715,28880267909
14.3703,69.5878,4.26309,6.01755,57,60,57,800,2620,0.482315,8,10.9503,0,0,4715,28949859179
16.4106,60.9363,4.26309,6.01755,57,60,57,800,2620,0.482315,8,10.9503,0,0,4715,29010796480
14.8288,67.4363,3.17848,5.02755,57,58,59,800,2800,0.482315,12,10.9506,0,0,4715,29078230763
16.7384,59.7428,3.17848,5.02755,57,58,59,800,2800,0.482315,12,10.9506,0,0,4715,29137975928
15.66,63.857,3.17848,5.02755,57,58,59,800,2800,0.482315,12,10.9506,0,0,4715,29201832921
14.5693,68.6373,3.17848,5.02755,57,58,59,800,2800,0.482315,12,10.9506,0,0,4715,29270471252
15.8674,63.0222,3.17848,5.02755,57,58,59,800,2800,0.482315,12,10.9506,0,0,4715,29333494538
15.1053,66.202,3.17848,5.02755,57,58,59,800,2800,0.482315,12,10.9506,0,0,4715,29399696970
16.8878,59.2144,3.17848,5.02755,57,58,59,800,2800,0.482315,12,10.9506,0,0,4715,29458911775
15.4817,64.5923,3.17848,5.02755,57,58,59,800,2800,0.482315,12,10.9506,0,0,4715,29523508740
14.4662,69.1268,2.57353,7.83055,58,60,58,800,2620,0.482315,13,10.9506,0,0,4743,29592632938
16.7407,59.7345,2.57353,7.83055,58,60,58,800,2620,0.482315,13,10.9506,0,0,4743,29652370639
15.1158,66.1559,2.57353,7.83055,58,60,58,800,2620,0.482315,13,10.9506,0,0,4743,29718524922
15.8913,62.9276,2.57353,7.83055,58,60,58,800,2620,0.482315,13,10.9506,0,0,4743,29781453601
15.7383,63.5392,2.57353,7.83055,58,60,58,800,2620,0.482315,13,10.9506,0,0,4743,29844995746
15.4888,64.5627,2.57353,7.83055,58,60,58,800,2620,0.482315,13,10.9506,0,0,4743,29909558888
15.522,64.4246,2.57353,7.83055,58,60,58,800,2620,0.482315,13,10.9506,0,0,4743,29973984142
14.3826,69.5285,2.57353,7.83055,58,60,58,800,2620,0.482315,13,10.9506,0,0,4743,30043516752
16.0739,62.2126,1.69287,6.54135,58,59,58,800,2620,0.482315,9,10.9427,0,0,4738,30105725888
16.4028,60.9651,1.69287,6.54135,58,59,58,800,2620,0.482315,9,10.9427,0,0,4738,30166692154
14.8201,67.4758,1.69287,6.54135,58,59,58,800,2620,0.482315,9,10.9427,0,0,4738,30234170108
16.1415,61.9523,1.69287,6.54135,58,59,58,800,2620,0.482315,9,10.9427,0,0,4738,30296121643
15.4907,64.5548,1.69287,6.54135,58,59,58,800,2620,0.482315,9,10.9427,0,0,4738,30360679254
15.4605,64.6808,1.69287,6.54135,58,59,58,800,2620,0.482315,9,10.9427,0,0,4738,30425360295
15.6721,63.8075,1.69287,6.54135,58,59,58,800,2620,0.482315,9,10.9427,0,0,4738,30489167525
14.3821,69.5311,1.69287,6.54135,58,59,58,800,2620,0.482315,9,10.9427,0,0,4738,30558701749
15.7961,63.3069,2.30863,3.8216,56,58,57,800,2710,0.482315,11,10.9412,0,0,4740,30622009506
15.6332,63.9662,2.30863,3.8216,56,58,57,800,2710,0.482315,11,10.9412,0,0,4740,30685974841
15.7959,63.3076,2.30863,3.8216,56,58,57,800,2710,0.482315,11,10.9412,0,0,4740,30749285995
14.9642,66.8263,2.30863,3.8216,56,58,57,800,2710,0.482315,11,10.9412,0,0,4740,30816111070
16.6544,60.0441,2.30863,3.8216,56,58,57,800,2710,0.482315,11,10.9412,0,0,4740,30876156386
15.681,63.7715,2.30863,3.8216,56,58,57,800,2710,0.482315,11,10.9412,0,0,4740,30939927378
15.292,65.3939,2.30863,3.8216,56,58,57,800,2710,0.482315,11,10.9412,0,0,4740,31005323355
15.1916,65.826,2.30863,3.8216,56,58,57,800,2710,0.482315,11,10.9412,0,0,4740,31071151198
15.8742,62.9953,2.80146,5.9376,54,58,57,800,2440,0.482315,9,10.9184,0,0,4739,31134146311
15.9744,62.6001,2.80146,5.9376,54,58,57,800,2440,0.482315,9,10.9184,0,0,4739,31196758330
14.4913,69.0071,2.80146,5.9376,54,58,57,800,2440,0.482315,9,10.9184,0,0,4739,31265755019
16.4598,60.7539,2.80146,5.9376,54,58,57,800,2440,0.482315,9,10.9184,0,0,4739,31326508998
15.7947,63.3122,2.80146,5.9376,54,58,57,800,2440,0.482315,9,10.9184,0,0,4739,31389822296
15.1494,66.0094,2.80146,5.9376,54,58,57,800,2440,0.482315,9,10.9184,0,0,4739,31455832139
15.3906,64.9749,2.80146,5.9376,54,58,57,800,2440,0.482315,9,10.9184,0,0,4739,31520808682
15.1017,66.2179,2.80146,5.9376,54,58,57,800,2440,0.482315,9,10.9184,0,0,4739,31587031573
16.3404,61.1979,2.91262,4.21135,53,57,57,800,2620,0.481083,10,10.9226,0,0,4739,31648226044
15.2049,65.7684,2.91262,4.21135,53,57,57,800,2620,0.481083,10,10.9226,0,0,4739,31713997101
15.4689,64.6457,2.91262,4.21135,53,57,57,800,2620,0.481083,10,10.9226,0,0,4739,31778642747
15.4434,64.7527,2.91262,4.21135,53,57,57,800,2620,0.481083,10,10.9226,0,0,4739,31843396654
15.9514,62.6904,2.91262,4.21135,53,57,57,800,2620,0.481083,10,10.9226,0,0,4739,31906089494
15.0537,66.429,2.91262,4.21135,53,57,57,800,2620,0.481083,10,10.9226,0,0,4739,31972519912
16.0775,62.1989,2.91262,4.21135,53,57,57,800,2620,0.481083,10,10.9226,0,0,4739,32034718218
14.7678,67.715,2.91262,4.21135,53,57,57,800,2620,0.481083,10,10.9226,0,0,4739,32102435939
15.3145,65.2977,3.64078,4.226,52,57,57,800,2710,0.483047,11,10.9231,0,0,4764,32167732280
16.7191,59.8117,3.64078,4.226,52,57,57,800,2710,0.483047,11,10.9231,0,0,4764,32227544600
15.49,64.5579,3.64078,4.226,52,57,57,800,2710,0.483047,11,10.9231,0,0,4764,32292103634
14.9363,66.951,3.64078,4.226,52,57,57,800,2710,0.483047,11,10.9231,0,0,4764,32359055336
16.2035,61.715,3.64078,4.226,52,57,57,800,2710,0.483047,11,10.9231,0,0,4764,32420770499
14.9242,67.0055,3.64078,4.226,52,57,57,800,2710,0.483047,11,10.9231,0,0,4764,32487779387
16.2028,61.7177,3.64078,4.226,52,57,57,800,2710,0.483047,11,10.9231,0,0,4764,32549496635
14.9401,66.9338,3.64078,4.226,52,57,57,800,2710,0.483047,11,10.9231,0,0,4764,32616432948
15.8295,63.1731,2.442,6.5392,53,58,58,800,2620,0.483051,12,10.923,0,0,4715,32679604621
15.7006,63.6918,2.442,6.5392,53,58,58,800,2620,0.483051,12,10.923,0,0,4715,32743297808
15.2291,65.664,2.442,6.5392,53,58,58,800,2620,0.483051,12,10.923,0,0,4715,32808962055
16.1281,62.0037,2.442,6.5392,53,58,58,800,2620,0.483051,12,10.923,0,0,4715,32870968543
15.1639,65.9463,2.442,6.5392,53,58,58,800,2620,0.483051,12,10.923,0,0,4715,32936915689
15.8381,63.1389,2.442,6.5392,53,58,58,800,2620,0.483051,12,10.923,0,0,4715,33000054391
15.1728,65.9076,2.442,6.5392,53,58,58,800,2620,0.483051,12,10.923,0,0,4715,33065966170
14.695,68.0506,2.442,6.5392,53,58,58,800,2620,0.483051,12,10.923,0,0,4715,33134018547
16.9572,58.972,4.71584,6.18125,52,58,57,800,2710,0.483051,11,10.9235,0,0,4765,33192988865
15.2266,65.6746,4.71584,6.18125,52,58,57,800,2710,0.483051,11,10.9235,0,0,4765,33258664193
15.8954,62.9111,4.71584,6.18125,52,58,57,800,2710,0.483051,11,10.9235,0,0,4765,33321576062
15.6088,64.0666,4.71584,6.18125,52,58,57,800,2710,0.483051,11,10.9235,0,0,4765,33385643928
15.3457,65.1649,4.71584,6.18125,52,58,57,800,2710,0.483051,11,10.9235,0,0,4765,33450809875
15.5772,64.1965,4.71584,6.18125,52,58,57,800,2710,0.483051,11,10.9235,0,0,4765,33515007534
14.9905,66.709,4.71584,6.18125,52,58,57,800,2710,0.483051,11,10.9235,0,0,4765,33581717675
16.2846,61.4077,4.71584,6.18125,52,58,57,800,2710,0.483051,11,10.9235,0,0,4765,33643127118
14.0427,71.2113,3.1941,5.5066,54,58,58,800,2710,0.483051,13,10.922,0,0,4740,33714339935
17.0022,58.8158,3.1941,5.5066,54,58,58,800,2710,0.483051,13,10.922,0,0,4740,33773154022
15.5709,64.2222,3.1941,5.5066,54,58,58,800,2710,0.483051,13,10.922,0,0,4740,33837377209
15.5248,64.413,3.1941,5.5066,54,58,58,800,2710,0.483051,13,10.922,0,0,4740,33901790400
14.3212,69.8264,3.1941,5.5066,54,58,58,800,2710,0.483051,13,10.922,0,0,4740,33971618613
17.2522,57.9636,3.1941,5.5066,54,58,58,800,2710,0.483051,13,10.922,0,0,4740,34029583013
15.3106,65.3143,3.1941,5.5066,54,58,58,800,2710,0.483051,13,10.922,0,0,4740,34094897718
15.1005,66.2231,3.1941,5.5066,54,58,58,800,2710,0.483051,13,10.922,0,0,4740,34161129284
15.7647,63.4327,6.65054,6.4225,55,59,58,800,2710,0.481819,11,10.9293,0,0,4638,34224557667
15.6799,63.7757,6.65054,6.4225,55,59,58,800,2710,0.481819,11,10.9293,0,0,4638,34288334030
15.572,64.2176,6.65054,6.4225,55,59,58,800,2710,0.481819,11,10.9293,0,0,4638,34352552477
15.3555,65.1232,6.65054,6.4225,55,59,58,800,2710,0.481819,11,10.9293,0,0,4638,34417676757
15.4758,64.6168,6.65054,6.4225,55,59,58,800,2710,0.481819,11,10.9293,0,0,4638,34482294209
15.3037,65.3436,6.65054,6.4225,55,59,58,800,2710,0.481819,11,10.9293,0,0,4638,34547640403
15.3983,64.9422,6.65054,6.4225,55,59,58,800,2710,0.481819,11,10.9293,0,0,4638,34612583905
16.3443,61.1834,6.65054,6.4225,55,59,58,800,2710,0.481819,11,10.9293,0,0,4638,34673770041
15.4105,64.891,6.38037,5.9951,53,58,58,800,2620,0.481819,16,10.9452,0,0,4639,34738658299
15.0786,66.3191,6.38037,5.9951,53,58,58,800,2620,0.481819,16,10.9452,0,0,4639,34804978882
15.7538,63.4768,6.38037,5.9951,53,58,58,800,2620,0.481819,16,10.9452,0,0,4639,34868455595
14.802,67.5583,6.38037,5.9951,53,58,58,800,2620,0.481819,16,10.9452,0,0,4639,34936015131
15.8238,63.1958,6.38037,5.9951,53,58,58,800,2620,0.481819,16,10.9452,0,0,4639,34999212172
15.6115,64.0555,6.38037,5.9951,53,58,58,800,2620,0.481819,16,10.9452,0,0,4639,35063268317
16.4109,60.9352,6.38037,5.9951,53,58,58,800,2620,0.481819,16,10.9452,0,0,4639,35124204476
15.3714,65.0558,6.38037,5.9951,53,58,58,800,2620,0.481819,16,10.9452,0,0,4639,35189263273
15.5324,64.3814,6.43985,11.9861,54,66,59,800,2800,0.483055,18,10.9153,0,0,4715,35253642952
15.2536,65.5581,6.43985,11.9861,54,66,59,800,2800,0.483055,18,10.9153,0,0,4715,35319201261
15.6333,63.966,6.43985,11.9861,54,66,59,800,2800,0.483055,18,10.9153,0,0,4715,35383167719
15.2623,65.5211,6.43985,11.9861,54,66,59,800,2800,0.483055,18,10.9153,0,0,4715,35448693898
15.5842,64.1674,6.43985,11.9861,54,66,59,800,2800,0.483055,18,10.9153,0,0,4715,35512860099
14.7251,67.911,6.43985,11.9861,54,66,59,800,2800,0.483055,18,10.9153,0,0,4715,35580772694
17.0358,58.6998,6.43985,11.9861,54,66,59,800,2800,0.483055,18,10.9153,0,0,4715,35639474251
15.5848,64.1651,6.43985,11.9861,54,66,59,800,2800,0.483055,18,10.9153,0,0,4715,35703642515
15.3142,65.2987,3.78049,13.2704,58,65,58,800,2710,0.481476,13,10.9158,0,0,4715,35768939016
15.1468,66.0207,3.78049,13.2704,58,65,58,800,2710,0.481476,13,10.9158,0,0,4715,35834965079
15.4869,64.5705,3.78049,13.2704,58,65,58,800,2710,0.481476,13,10.9158,0,0,4715,35899532899
15.6232,64.0072,3.78049,13.2704,58,65,58,800,2710,0.481476,13,10.9158,0,0,4715,35963541445
16.1231,62.0227,3.78049,13.2704,58,65,58,800,2710,0.481476,13,10.9158,0,0,4715,36025564694
15.7198,63.6142,3.78049,13.2704,58,65,58,800,2710,0.481476,13,10.9158,0,0,4715,36089179835
15.4073,64.9044,3.78049,13.2704,58,65,58,800,2710,0.481476,13,10.9158,0,0,4715,36154085627
15.0035,66.6512,3.78049,13.2704,58,65,58,800,2710,0.481476,13,10.9158,0,0,4715,36220740654
15.7041,63.6778,3.28867,6.2759,59,59,58,800,2800,0.481476,15,10.9158,0,0,4714,36284415617
15.3389,65.1935,3.28867,6.2759,59,59,58,800,2800,0.481476,15,10.9158,0,0,4714,36349609516
16.1328,61.9855,3.28867,6.2759,59,59,58,800,2800,0.481476,15,10.9158,0,0,4714,36411595997
15.1064,66.197,3.28867,6.2759,59,59,58,800,2800,0.481476,15,10.9158,0,0,4714,36477793790
16.0719,62.2205,3.28867,6.2759,59,59,58,800,2800,0.481476,15,10.9158,0,0,4714,36540016291
15.1912,65.8274,3.28867,6.2759,59,59,58,800,2800,0.481476,15,10.9158,0,0,4714,36605846158
15.8368,63.1441,3.28867,6.2759,59,59,58,800,2800,0.481476,15,10.9158,0,0,4714,36668989669
14.5161,68.8889,3.28867,6.2759,59,59,58,800,2800,0.481476,15,10.9158,0,0,4714,36737882244
16.1004,62.1104,3.88821,7.95135,60,59,58,800,2710,0.483059,12,10.9156,0,0,4739,36799990351
15.3457,65.1648,3.88821,7.95135,60,59,58,800,2710,0.483059,12,10.9156,0,0,4739,36865157330
16.0661,62.243,3.88821,7.95135,60,59,58,800,2710,0.483059,12,10.9156,0,0,4739,36927402794
15.3904,64.9757,3.88821,7.95135,60,59,58,800,2710,0.483059,12,10.9156,0,0,4739,36992378005
15.6974,63.705,3.88821,7.95135,60,59,58,800,2710,0.483059,12,10.9156,0,0,4739,37056083706
15.197,65.8026,3.88821,7.95135,60,59,58,800,2710,0.483059,12,10.9156,0,0,4739,37121888676
16.0183,62.4284,3.88821,7.95135,60,59,58,800,2710,0.483059,12,10.9156,0,0,4739,37184316701
14.9493,66.8926,3.88821,7.95135,60,59,58,800,2710,0.483059,12,10.9156,0,0,4739,37251213910
15.6559,63.8737,3.79437,6.8229,61,59,58,800,2710,0.483055,16,10.9147,0,0,4712,37315085651
16.1711,61.8387,3.79437,6.8229,61,59,58,800,2710,0.483055,16,10.9147,0,0,4712,37376925627
15.3942,64.9596,3.79437,6.8229,61,59,58,800,2710,0.483055,16,10.9147,0,0,4712,37441886982
15.5793,64.1876,3.79437,6.8229,61,59,58,800,2710,0.483055,16,10.9147,0,0,4712,37506075384
15.2911,65.3975,3.79437,6.8229,61,59,58,800,2710,0.483055,16,10.9147,0,0,4712,37571472282
15.3413,65.1837,3.79437,6.8229,61,59,58,800,2710,0.483055,16,10.9147,0,0,4712,37636657876
15.3973,64.9465,3.79437,6.8229,61,59,58,800,2710,0.483055,16,10.9147,0,0,4712,37701606337
15.8251,63.1908,3.79437,6.8229,61,59,58,800,2710,0.483055,16,10.9147,0,0,4712,37764804991
15.5273,64.4027,4.16667,7.6421,61,59,58,800,2620,0.480839,11,10.908,0,0,4715,37829202864
15.5466,64.3228,4.16667,7.6421,61,59,58,800,2620,0.480839,11,10.908,0,0,4715,37893525606
15.8889,62.9369,4.16667,7.6421,61,59,58,800,2620,0.480839,11,10.908,0,0,4715,37956465657
15.1517,65.9991,4.16667,7.6421,61,59,58,800,2620,0.480839,11,10.908,0,0,4715,38022464639
15.6281,63.9874,4.16667,7.6421,61,59,58,800,2620,0.480839,11,10.908,0,0,4715,38086452958
15.1792,65.8798,4.16667,7.6421,61,59,58,800,2620,0.480839,11,10.908,0,0,4715,38152333569
15.495,64.537,4.16667,7.6421,61,59,58,800,2620,0.480839,11,10.908,0,0,4715,38216871243
15.767,63.4236,4.16667,7.6421,61,59,58,800,2620,0.480839,11,10.908,0,0,4715,38280298714
15.0596,66.4029,12.7295,6.92685,61,61,61,800,2800,0.480839,26,10.934,0,0,4667,38346704466
16.2318,61.6074,12.7295,6.92685,61,61,61,800,2800,0.480839,26,10.934,0,0,4667,38408308412
15.4981,64.5239,12.7295,6.92685,61,61,61,800,2800,0.480839,26,10.934,0,0,4667,38472834113
15.5882,64.1511,12.7295,6.92685,61,61,61,800,2800,0.480839,26,10.934,0,0,4667,38536985386
14.9449,66.9127,12.7295,6.92685,61,61,61,800,2800,0.480839,26,10.934,0,0,4667,38603899036
16.0367,62.3571,12.7295,6.92685,61,61,61,800,2800,0.480839,26,10.934,0,0,4667,38666256860
15.9482,62.7029,12.7295,6.92685,61,61,61,800,2800,0.480839,26,10.934,0,0,4667,38728960058
15.3321,65.2227,12.7295,6.92685,61,61,61,800,2800,0.480839,26,10.934,0,0,4667,38794186018
15.6668,63.8291,14.3032,22.2522,62,72,61,800,2710,0.481651,18,10.9368,0,0,4709,38858014427
15.0453,66.4657,14.3032,22.2522,62,72,61,800,2710,0.481651,18,10.9368,0,0,4709,38924480391
16.0309,62.3797,14.3032,22.2522,62,72,61,800,2710,0.481651,18,10.9368,0,0,4709,38986860958
14.6705,68.1638,14.3032,22.2522,62,72,61,800,2710,0.481651,18,10.9368,0,0,4709,39055025484
15.5351,64.3702,14.3032,22.2522,62,72,61,800,2710,0.481651,18,10.9368,0,0,4709,39119396236
15.91,62.8537,14.3032,22.2522,62,72,61,800,2710,0.481651,18,10.9368,0,0,4709,39182250957
16.2682,61.4695,14.3032,22.2522,62,72,61,800,2710,0.481651,18,10.9368,0,0,4709,39243720833
15.229,65.664,14.3032,22.2522,62,72,61,800,2710,0.481651,18,10.9368,0,0,4709,39309387735
15.4144,64.8745,4.49575,13.5608,62,68,59,800,2620,0.481651,18,10.9371,0,0,4714,39374261557
15.6742,63.799,4.49575,13.5608,62,68,59,800,2620,0.481651,18,10.9371,0,0,4714,39438061193
15.0378,66.4992,4.49575,13.5608,62,68,59,800,2620,0.481651,18,10.9371,0,0,4714,39504561341
15.3873,64.9885,4.49575,13.5608,62,68,59,800,2620,0.481651,18,10.9371,0,0,4714,39569550939
15.9447,62.7168,4.49575,13.5608,62,68,59,800,2620,0.481651,18,10.9371,0,0,4714,39632268103
15.4959,64.5334,4.49575,13.5608,62,68,59,800,2620,0.481651,18,10.9371,0,0,4714,39696804745
15.8111,63.2469,4.49575,13.5608,62,68,59,800,2620,0.481651,18,10.9371,0,0,4714,39760051289
15.5813,64.1793,4.49575,13.5608,62,68,59,800,2620,0.481651,18,10.9371,0,0,4714,39824235062
15.5084,64.4813,4.14129,10.8118,62,60,59,800,2710,0.481655,13,10.9369,0,0,4739,39888714066
15.3508,65.1434,4.14129,10.8118,62,60,59,800,2710,0.481655,13,10.9369,0,0,4739,39953860697
15.4299,64.8094,4.14129,10.8118,62,60,59,800,2710,0.481655,13,10.9369,0,0,4739,40018668024
15.1751,65.8976,4.14129,10.8118,62,60,59,800,2710,0.481655,13,10.9369,0,0,4739,40084567491
16.0286,62.3887,4.14129,10.8118,62,60,59,800,2710,0.481655,13,10.9369,0,0,4739,40146956162
15.7566,63.4655,4.14129,10.8118,62,60,59,800,2710,0.481655,13,10.9369,0,0,4739,40210423337
15.5898,64.1444,4.14129,10.8118,62,60,59,800,2710,0.481655,13,10.9369,0,0,4739,40274568308
15.479,64.6035,4.14129,10.8118,62,60,59,800,2710,0.481655,13,10.9369,0,0,4739,40339175832
15.5095,64.4768,5.01222,8.4996,62,60,59,800,2710,0.481045,17,10.938,0,0,4687,40403650078
15.2206,65.7004,5.01222,8.4996,62,60,59,800,2710,0.481045,17,10.938,0,0,4687,40469351344
15.5609,64.2637,5.01222,8.4996,62,60,59,800,2710,0.481045,17,10.938,0,0,4687,40533621829
15.9017,62.8866,5.01222,8.4996,62,60,59,800,2710,0.481045,17,10.938,0,0,4687,40596504463
15.58,64.1849,5.01222,8.4996,62,60,59,800,2710,0.481045,17,10.938,0,0,4687,40660690580
15.4333,64.7951,5.01222,8.4996,62,60,59,800,2710,0.481045,17,10.938,0,0,4687,40725486557
15.3813,65.0138,5.01222,8.4996,62,60,59,800,2710,0.481045,17,10.938,0,0,4687,40790501131
15.4086,64.8987,5.01222,8.4996,62,60,59,800,2710,0.481045,17,10.938,0,0,4687,40855402324
15.2317,65.6524,4.98177,9.86215,62,61,59,800,2800,0.486252,13,10.9405,0,0,4715,40921053677
16.0927,62.1398,4.98177,9.86215,62,61,59,800,2800,0.486252,13,10.9405,0,0,4715,40983195688
15.7236,63.5985,4.98177,9.86215,62,61,59,800,2800,0.486252,13,10.9405,0,0,4715,41046796803
15.7398,63.5334,4.98177,9.86215,62,61,59,800,2800,0.486252,13,10.9405,0,0,4715,41110328799
15.1706,65.9169,4.98177,9.86215,62,61,59,800,2800,0.486252,13,10.9405,0,0,4715,41176247171
15.4202,64.85,4.98177,9.86215,62,61,59,800,2800,0.486252,13,10.9405,0,0,4715,41241097759
15.3038,65.3432,4.98177,9.86215,62,61,59,800,2800,0.486252,13,10.9405,0,0,4715,41306442049
15.9267,62.7876,4.98177,9.86215,62,61,59,800,2800,0.486252,13,10.9405,0,0,4715,41369239955
15.322,65.2658,5.73171,8.0908,62,60,59,800,2710,0.486252,14,10.9495,0,0,4713,41434499426
15.6887,63.7401,5.73171,8.0908,62,60,59,800,2710,0.486252,14,10.9495,0,0,4713,41498239461
15.6388,63.9437,5.73171,8.0908,62,60,59,800,2710,0.486252,14,10.9495,0,0,4713,41562183857
15.6,64.1027,5.73171,8.0908,62,60,59,800,2710,0.486252,14,10.9495,0,0,4713,41626287130
15.2585,65.5374,5.73171,8.0908,62,60,59,800,2710,0.486252,14,10.9495,0,0,4713,41691827165
15.613,64.0491,5.73171,8.0908,62,60,59,800,2710,0.486252,14,10.9495,0,0,4713,41755875395
15.2027,65.778,5.73171,8.0908,62,60,59,800,2710,0.486252,14,10.9495,0,0,4713,41821653956
15.7522,63.4834,5.73171,8.0908,62,60,59,800,2710,0.486252,14,10.9495,0,0,4713,41885143283
15.8397,63.1324,9.257,9.02805,62,60,60,800,2800,0.486252,20,10.9477,0,0,4614,41948272917
15.5986,64.1083,9.257,9.02805,62,60,60,800,2800,0.486252,20,10.9477,0,0,4614,42012381260
15.3228,65.2622,9.257,9.02805,62,60,60,800,2800,0.486252,20,10.9477,0,0,4614,42077644599
15.387,64.9899,9.257,9.02805,62,60,60,800,2800,0.486252,20,10.9477,0,0,4614,42142636100
15.6612,63.8521,9.257,9.02805,62,60,60,800,2800,0.486252,20,10.9477,0,0,4614,42206489686
14.9839,66.7385,9.257,9.02805,62,60,60,800,2800,0.486252,20,10.9477,0,0,4614,42273229362
15.8357,63.1486,9.257,9.02805,62,60,60,800,2800,0.486252,20,10.9477,0,0,4614,42336381409
15.8369,63.1437,9.257,9.02805,62,60,60,800,2800,0.486252,20,10.9477,0,0,4614,42399525440
15.6091,64.0651,7.90754,13.1163,62,67,61,800,2800,0.486252,21,10.9869,0,0,4689,42463589279
15.5205,64.431,7.90754,13.1163,62,67,61,800,2800,0.486252,21,10.9869,0,0,4689,42528023791
15.5216,64.4262,7.90754,13.1163,62,67,61,800,2800,0.486252,21,10.9869,0,0,4689,42592449065
15.4448,64.7466,7.90754,13.1163,62,67,61,800,2800,0.486252,21,10.9869,0,0,4689,42657196059
15.5722,64.2168,7.90754,13.1163,62,67,61,800,2800,0.486252,21,10.9869,0,0,4689,42721414868
14.6463,68.2764,7.90754,13.1163,62,67,61,800,2800,0.486252,21,10.9869,0,0,4689,42789692195
16.2538,61.5242,7.90754,13.1163,62,67,61,800,2800,0.486252,21,10.9869,0,0,4689,42851216983
15.7622,63.4431,7.90754,13.1163,62,67,61,800,2800,0.486252,21,10.9869,0,0,4689,42914663169
15.6501,63.8975,7.23926,18.7659,62,68,61,800,2800,0.486252,17,10.9641,0,0,4714,42978559375
15.6124,64.0517,7.23926,18.7659,62,68,61,800,2800,0.486252,17,10.9641,0,0,4714,43042611843
15.6781,63.7832,7.23926,18.7659,62,68,61,800,2800,0.486252,17,10.9641,0,0,4714,43106400188
14.725,67.9119,7.23926,18.7659,62,68,61,800,2800,0.486252,17,10.9641,0,0,4714,43174310389
15.87,63.0119,7.23926,18.7659,62,68,61,800,2800,0.486252,17,10.9641,0,0,4714,43237323205
15.5436,64.335,7.23926,18.7659,62,68,61,800,2800,0.486252,17,10.9641,0,0,4714,43301661056
15.7613,63.4465,7.23926,18.7659,62,68,61,800,2800,0.486252,17,10.9641,0,0,4714,43365111730
15.4493,64.7279,7.23926,18.7659,62,68,61,800,2800,0.486252,17,10.9641,0,0,4714,43429839980
15.894,62.9169,3.65854,10.2416,62,63,59,800,2710,0.486252,13,10.9737,0,0,4738,43492755084
15.1336,66.0781,3.65854,10.2416,62,63,59,800,2710,0.486252,13,10.9737,0,0,4738,43558834096
15.0859,66.2872,3.65854,10.2416,62,63,59,800,2710,0.486252,13,10.9737,0,0,4738,43625121698
15.4386,64.7729,3.65854,10.2416,62,63,59,800,2710,0.486252,13,10.9737,0,0,4738,43689895422
16.3851,61.0309,3.65854,10.2416,62,63,59,800,2710,0.486252,13,10.9737,0,0,4738,43750928232
15.5076,64.4846,3.65854,10.2416,62,63,59,800,2710,0.486252,13,10.9737,0,0,4738,43815413468
15.5461,64.3246,3.65854,10.2416,62,63,59,800,2710,0.486252,13,10.9737,0,0,4738,43879739847
15.683,63.7635,3.65854,10.2416,62,63,59,800,2710,0.486252,13,10.9737,0,0,4738,43943506692
15.2389,65.6215,3.30882,8.39055,62,61,59,800,2800,0.486252,15,10.974,0,0,4671,44009125314
14.9982,66.6749,3.30882,8.39055,62,61,59,800,2800,0.486252,15,10.974,0,0,4671,44075804296
15.932,62.7667,3.30882,8.39055,62,61,59,800,2800,0.486252,15,10.974,0,0,4671,44138569921
15.5779,64.1935,3.30882,8.39055,62,61,59,800,2800,0.486252,15,10.974,0,0,4671,44202763884
15.7332,63.5601,3.30882,8.39055,62,61,59,800,2800,0.486252,15,10.974,0,0,4671,44266324042
15.6645,63.8387,3.30882,8.39055,62,61,59,800,2800,0.486252,15,10.974,0,0,4671,44330165296
15.4229,64.8388,3.30882,8.39055,62,61,59,800,2800,0.486252,15,10.974,0,0,4671,44395003571
15.5993,64.1055,3.30882,8.39055,62,61,59,800,2800,0.486252,15,10.974,0,0,4671,44459112424
15.3717,65.0544,4.76191,7.3525,62,60,59,800,2710,0.486252,12,10.9764,0,0,4690,44524165541
15.0414,66.483,4.76191,7.3525,62,60,59,800,2710,0.486252,12,10.9764,0,0,4690,44590649078
15.6302,63.9787,4.76191,7.3525,62,60,59,800,2710,0.486252,12,10.9764,0,0,4690,44654628529
15.9947,62.5207,4.76191,7.3525,62,60,59,800,2710,0.486252,12,10.9764,0,0,4690,44717149979
15.6079,64.07,4.76191,7.3525,62,60,59,800,2710,0.486252,12,10.9764,0,0,4690,44781220330
15.5313,64.3863,4.76191,7.3525,62,60,59,800,2710,0.486252,12,10.9764,0,0,4690,44845610098
15.5064,64.4893,4.76191,7.3525,62,60,59,800,2710,0.486252,12,10.9764,0,0,4690,44910100253
15.2785,65.4514,4.76191,7.3525,62,60,59,800,2710,0.486252,12,10.9764,0,0,4690,44975554208
15.2702,65.4869,4.86027,8.21105,62,61,60,800,2800,0.486252,17,10.9759,0,0,4715,45041038990
15.7601,63.4513,4.86027,8.21105,62,61,60,800,2800,0.486252,17,10.9759,0,0,4715,45104491568
16.3254,61.2543,4.86027,8.21105,62,61,60,800,2800,0.486252,17,10.9759,0,0,4715,45165746582
15.2207,65.7001,4.86027,8.21105,62,61,60,800,2800,0.486252,17,10.9759,0,0,4715,45231447017
15.4502,64.7242,4.86027,8.21105,62,61,60,800,2800,0.486252,17,10.9759,0,0,4715,45296172271
15.3055,65.3359,4.86027,8.21105,62,61,60,800,2800,0.486252,17,10.9759,0,0,4715,45361511051
15.732,63.5646,4.86027,8.21105,62,61,60,800,2800,0.486252,17,10.9759,0,0,4715,45425075648
15.1714,65.9133,4.86027,8.21105,62,61,60,800,2800,0.486252,17,10.9759,0,0,4715,45490993529
15.728,63.5811,4.88998,8.822,62,61,60,800,2800,0.486252,16,10.9797,0,0,4714,45554571551
15.8196,63.2125,4.88998,8.822,62,61,60,800,2800,0.486252,16,10.9797,0,0,4714,45617785353
15.5508,64.3053,4.88998,8.822,62,61,60,800,2800,0.486252,16,10.9797,0,0,4714,45682091595
15.5117,64.4677,4.88998,8.822,62,61,60,800,2800,0.486252,16,10.9797,0,0,4714,45746561773
15.4102,64.8919,4.88998,8.822,62,61,60,800,2800,0.486252,16,10.9797,0,0,4714,45811452806
15.355,65.1254,4.88998,8.822,62,61,60,800,2800,0.486252,16,10.9797,0,0,4714,45876580101
15.7956,63.3089,4.88998,8.822,62,61,60,800,2800,0.486252,16,10.9797,0,0,4714,45939889091
15.2148,65.7254,4.88998,8.822,62,61,60,800,2800,0.486252,16,10.9797,0,0,4714,46005617067
15.6461,63.9136,3.54957,11.9261,61,64,60,800,2800,0.486252,15,10.9789,0,0,4714,46069532570
15.8595,63.0538,3.54957,11.9261,61,64,60,800,2800,0.486252,15,10.9789,0,0,4714,46132586072
15.4925,64.5472,3.54957,11.9261,61,64,60,800,2800,0.486252,15,10.9789,0,0,4714,46197135689
15.691,63.7309,3.54957,11.9261,61,64,60,800,2800,0.486252,15,10.9789,0,0,4714,46260866085
15.2713,65.4823,3.54957,11.9261,61,64,60,800,2800,0.486252,15,10.9789,0,0,4714,46326352430
14.3723,69.5783,3.54957,11.9261,61,64,60,800,2800,0.486252,15,10.9789,0,0,4714,46395929764
16.6617,60.0177,3.54957,11.9261,61,64,60,800,2800,0.486252,15,10.9789,0,0,4714,46455947469
15.4233,64.837,3.54957,11.9261,61,64,60,800,2800,0.486252,15,10.9789,0,0,4714,46520788138
16.0048,62.4811,3.41463,9.4007,60,62,59,800,2710,0.486252,14,10.9791,0,0,4714,46583269833
15.2455,65.5933,3.41463,9.4007,60,62,59,800,2710,0.486252,14,10.9791,0,0,4714,46648862387
15.9697,62.6185,3.41463,9.4007,60,62,59,800,2710,0.486252,14,10.9791,0,0,4714,46711481979
15.4389,64.7715,3.41463,9.4007,60,62,59,800,2710,0.486252,14,10.9791,0,0,4714,46776254101
15.3882,64.9847,3.41463,9.4007,60,62,59,800,2710,0.486252,14,10.9791,0,0,4714,46841239922
15.2134,65.7315,3.41463,9.4007,60,62,59,800,2710,0.486252,14,10.9791,0,0,4714,46906975592
16.0629,62.2552,3.41463,9.4007,60,62,59,800,2710,0.486252,14,10.9791,0,0,4714,46969228741
15.3024,65.3494,3.41463,9.4007,60,62,59,800,2710,0.486252,14,10.9791,0,0,4714,47034580955
15.2647,65.5105,3.53228,8.1395,59,61,58,800,2530,0.486252,9,10.9789,0,0,4712,47100092077
15.3273,65.2432,3.53228,8.1395,59,61,58,800,2530,0.486252,9,10.9789,0,0,4712,47165334807
15.3116,65.3099,3.53228,8.1395,59,61,58,800,2530,0.486252,9,10.9789,0,0,4712,47230645314
16.0266,62.3963,3.53228,8.1395,59,61,58,800,2530,0.486252,9,10.9789,0,0,4712,47293042241
15.2373,65.6285,3.53228,8.1395,59,61,58,800,2530,0.486252,9,10.9789,0,0,4712,47358671864
16.4887,60.6474,3.53228,8.1395,59,61,58,800,2530,0.486252,9,10.9789,0,0,4712,47419322219
15.1704,65.9178,3.53228,8.1395,59,61,58,800,2530,0.486252,9,10.9789,0,0,4712,47485240381
15.5304,64.3899,3.53228,8.1395,59,61,58,800,2530,0.486252,9,10.9789,0,0,4712,47549637793
15.3255,65.2506,7.30816,4.41095,58,59,59,800,2710,0.486248,12,11.0066,0,0,4665,47614884951
15.539,64.3544,7.30816,4.41095,58,59,59,800,2710,0.486248,12,11.0066,0,0,4665,47679239233
15.6839,63.7597,7.30816,4.41095,58,59,59,800,2710,0.486248,12,11.0066,0,0,4665,47743000567
15.5247,64.4135,7.30816,4.41095,58,59,59,800,2710,0.486248,12,11.0066,0,0,4665,47807414200
15.0809,66.3092,7.30816,4.41095,58,59,59,800,2710,0.486248,12,11.0066,0,0,4665,47873724333
15.6121,64.0529,7.30816,4.41095,58,59,59,800,2710,0.486248,12,11.0066,0,0,4665,47937778845
16.3074,61.322,7.30816,4.41095,58,59,59,800,2710,0.486248,12,11.0066,0,0,4665,47999100995
14.6118,68.4378,7.30816,4.41095,58,59,59,800,2710,0.486248,12,11.0066,0,0,4665,48067540875
16.6047,60.2239,4.10628,7.0913,58,61,60,800,2800,0.486256,20,11.0068,0,0,4738,48127764003
15.425,64.83,4.10628,7.0913,58,61,60,800,2800,0.486256,20,11.0068,0,0,4738,48192593692
15.7029,63.6827,4.10628,7.0913,58,61,60,800,2800,0.486256,20,11.0068,0,0,4738,48256277311
15.263,65.5178,4.10628,7.0913,58,61,60,800,2800,0.486256,20,11.0068,0,0,4738,48321796528
15.1774,65.8875,4.10628,7.0913,58,61,60,800,2800,0.486256,20,11.0068,0,0,4738,48387690574
16.1801,61.8044,4.10628,7.0913,58,61,60,800,2800,0.486256,20,11.0068,0,0,4738,48449491959
14.976,66.7733,4.10628,7.0913,58,61,60,800,2800,0.486256,20,11.0068,0,0,4738,48516266599
14.6959,68.0463,4.10628,7.0913,58,61,60,800,2800,0.486256,20,11.0068,0,0,4738,48584318034
17.1458,58.3234,2.17918,15.5731,57,72,59,800,2620,0.486248,12,11.0069,0,0,4715,48642637287
15.2194,65.7056,2.17918,15.5731,57,72,59,800,2620,0.486248,12,11.0069,0,0,4715,48708344224
15.6365,63.9528,2.17918,15.5731,57,72,59,800,2620,0.486248,12,11.0069,0,0,4715,48772298870
14.242,70.2151,2.17918,15.5731,57,72,59,800,2620,0.486248,12,11.0069,0,0,4715,48842513704
29.487,33.9133,2.17918,15.5731,57,72,59,800,2620,0.486248,12,11.0069,0,0,4715,48876427868
29.7213,33.6459,2.17918,15.5731,57,72,59,800,2620,0.486248,12,11.0069,0,0,4715,48910076336
32.3306,30.9305,2.17918,15.5731,57,72,59,800,2620,0.486248,12,11.0069,0,0,4715,48941010376
25.2689,39.5743,2.17918,15.5731,57,72,59,800,2620,0.486248,12,11.0069,0,0,4715,48980586121
37.4837,26.6782,2.17918,15.5731,57,72,59,800,2620,0.486248,12,11.0069,0,0,4715,49007263492
42.4473,23.5586,2.17918,15.5731,57,72,59,800,2620,0.486248,12,11.0069,0,0,4715,49030821770
40.4929,24.6957,2.17918,15.5731,57,72,59,800,2620,0.486248,12,11.0069,0,0,4715,49055522862
46.6852,21.4201,2.17918,15.5731,57,72,59,800,2620,0.486248,12,11.0069,0,0,4715,49076943588
34.8178,28.7209,2.17918,15.5731,57,72,59,800,2620,0.486248,12,11.0069,0,0,4715,49105672440
43.9258,22.7657,3.86007,5.0317,55,59,58,800,2530,0.486244,10,11.0089,0,0,4714,49128431035
44.0662,22.6931,3.86007,5.0317,55,59,58,800,2530,0.486244,10,11.0089,0,0,4714,49151125590
39.0955,25.5784,3.86007,5.0317,55,59,58,800,2530,0.486244,10,11.0089,0,0,4714,49176704440
41.4998,24.0965,3.86007,5.0317,55,59,58,800,2530,0.486244,10,11.0089,0,0,4714,49200801003
38.2555,26.1401,3.86007,5.0317,55,59,58,800,2530,0.486244,10,11.0089,0,0,4714,49226941482
38.6015,25.9058,3.86007,5.0317,55,59,58,800,2530,0.486244,10,11.0089,0,0,4714,49252847584
9.72323,102.847,3.86007,5.0317,55,59,58,800,2530,0.486244,10,11.0089,0,0,4714,49355695390
79.4176,12.5917,3.86007,5.0317,55,59,58,800,2530,0.486244,10,11.0089,0,0,4714,49368286019
39.744,25.161,3.86007,5.0317,55,59,58,800,2530,0.486244,10,11.0089,0,0,4714,49393447771
39.8345,25.1039,3.86007,5.0317,55,59,58,800,2530,0.486244,10,11.0089,0,0,4714,49418552266
36.1614,27.6538,3.86007,5.0317,55,59,58,800,2530,0.486244,10,11.0089,0,0,4714,49446207202
33.0166,30.2878,3.86007,5.0317,55,59,58,800,2530,0.486244,10,11.0089,0,0,4714,49476496037
48.8104,20.4874,3.86007,5.0317,55,59,58,800,2530,0.486244,10,11.0089,0,0,4714,49496983361
40.0602,24.9624,3.86007,5.0317,55,59,58,800,2530,0.486244,10,11.0089,0,0,4714,49521945771
35.6471,28.0528,3.86007,5.0317,55,59,58,800,2530,0.486244,10,11.0089,0,0,4714,49549999733
39.6534,25.2185,3.86007,5.0317,55,59,58,800,2530,0.486244,10,11.0089,0,0,4714,49575219673
42.0968,23.7548,3.86007,5.0317,55,59,58,800,2530,0.486244,10,11.0089,0,0,4714,49598974548
37.5044,26.6636,3.86007,5.0317,55,59,58,800,2530,0.486244,10,11.0089,0,0,4714,49625642081
36.7849,27.1851,3.01205,4.94085,56,59,61,800,2620,0.486248,19,11.0381,0,0,3767,49652824035
40.0917,24.9428,3.01205,4.94085,56,59,61,800,2620,0.486248,19,11.0381,0,0,3767,49677767669
40.8818,24.4608,3.01205,4.94085,56,59,61,800,2620,0.486248,19,11.0381,0,0,3767,49702229524
39.3316,25.4249,3.01205,4.94085,56,59,61,800,2620,0.486248,19,11.0381,0,0,3767,49727653916
36.9101,27.0928,3.01205,4.94085,56,59,61,800,2620,0.486248,19,11.0381,0,0,3767,49754747194
24.1974,41.3268,3.01205,4.94085,56,59,61,800,2620,0.486248,19,11.0381,0,0,3767,49796075201
64.0618,15.6099,3.01205,4.94085,56,59,61,800,2620,0.486248,19,11.0381,0,0,3767,49811685829
25.431,39.3222,3.01205,4.94085,56,59,61,800,2620,0.486248,19,11.0381,0,0,3767,49851009173
33.1781,30.1404,3.01205,4.94085,56,59,61,800,2620,0.486248,19,11.0381,0,0,3767,49881149952
34.7991,28.7364,3.01205,4.94085,56,59,61,800,2620,0.486248,19,11.0381,0,0,3767,49909886959
35.7364,27.9827,3.01205,4.94085,56,59,61,800,2620,0.486248,19,11.0381,0,0,3767,49937870620
35.8153,27.921,3.01205,4.94085,56,59,61,800,2620,0.486248,19,11.0381,0,0,3767,49965792135
35.87,27.8784,3.01205,4.94085,56,59,61,800,2620,0.486248,19,11.0381,0,0,3767,49993671491
34.8588,28.6871,3.01205,4.94085,56,59,61,800,2620,0.486248,19,11.0381,0,0,3767,50022360849
35.3511,28.2877,3.01205,4.94085,56,59,61,800,2620,0.486248,19,11.0381,0,0,3767,50050647936
36.2009,27.6236,3.01205,4.94085,56,59,61,800,2620,0.486248,19,11.0381,0,0,3767,50078272316
19.8036,50.4958,3.01205,4.94085,56,59,61,800,2620,0.486248,19,11.0381,0,0,3767,50128771227
24.578,40.6868,4.75595,7.60985,49,62,57,800,2710,0.486248,4,11.0485,0,0,4665,50169459169
27.9798,35.7401,4.75595,7.60985,49,62,57,800,2710,0.486248,4,11.0485,0,0,4665,50205197720
27.1079,36.8896,4.75595,7.60985,49,62,57,800,2710,0.486248,4,11.0485,0,0,4665,50242088051
47.3463,21.121,4.75595,7.60985,49,62,57,800,2710,0.486248,4,11.0485,0,0,4665,50263210851
34.48,29.0023,4.75595,7.60985,49,62,57,800,2710,0.486248,4,11.0485,0,0,4665,50292215598
47.1511,21.2084,4.75595,7.60985,49,62,57,800,2710,0.486248,4,11.0485,0,0,4665,50313422876
38.3237,26.0935,4.75595,7.60985,49,62,57,800,2710,0.486248,4,11.0485,0,0,4665,50339516648
5.19944,192.328,4.75595,7.60985,49,62,57,800,2710,0.486248,4,11.0485,0,0,4665,50531848468
26.52,37.7073,4.75595,7.60985,49,62,57,800,2710,0.486248,4,11.0485,0,0,4665,50569558900
29.9338,33.407,4.75595,7.60985,49,62,57,800,2710,0.486248,4,11.0485,0,0,4665,50602965837
33.1175,30.1956,4.75595,7.60985,49,62,57,800,2710,0.486248,4,11.0485,0,0,4665,50633166628
12.0841,82.7531,6.73317,4.6035,42,61,58,800,2530,0.486248,12,11.0322,0,0,4664,50715915876
16.6132,60.193,6.73317,4.6035,42,61,58,800,2530,0.486248,12,11.0322,0,0,4664,50776109068
13.8677,72.1099,6.73317,4.6035,42,61,58,800,2530,0.486248,12,11.0322,0,0,4664,50848219972
17.3313,57.6989,6.73317,4.6035,42,61,58,800,2530,0.486248,12,11.0322,0,0,4664,50905922885
16.9955,58.8391,6.73317,4.6035,42,61,58,800,2530,0.486248,12,11.0322,0,0,4664,50964763020
18.8158,53.1468,6.73317,4.6035,42,61,58,800,2530,0.486248,12,11.0322,0,0,4664,51017908893
14.6476,68.2705,6.73317,4.6035,42,61,58,800,2530,0.486248,12,11.0322,0,0,4664,51086180088
16.4053,60.9559,6.73317,4.6035,42,61,58,800,2530,0.486248,12,11.0322,0,0,4664,51147138720
16.3162,61.2889,5.86797,10.8752,39,70,60,800,2620,0.485172,16,10.944,0,0,4689,51208426796
14.1137,70.8531,5.86797,10.8752,39,70,60,800,2620,0.485172,16,10.944,0,0,4689,51279281395
16.5494,60.425,5.86797,10.8752,39,70,60,800,2620,0.485172,16,10.944,0,0,4689,51339707411
15.6488,63.9027,5.86797,10.8752,39,70,60,800,2620,0.485172,16,10.944,0,0,4689,51403609969
15.6831,63.7627,5.86797,10.8752,39,70,60,800,2620,0.485172,16,10.944,0,0,4689,51467373558
15.0841,66.2949,5.86797,10.8752,39,70,60,800,2620,0.485172,16,10.944,0,0,4689,51533668783
16.0414,62.3385,5.86797,10.8752,39,70,60,800,2620,0.485172,16,10.944,0,0,4689,51596008523
14.7198,67.9359,5.86797,10.8752,39,70,60,800,2620,0.485172,16,10.944,0,0,4689,51663952868
15.5825,64.1746,2.43605,13.2869,43,69,59,800,2710,0.485172,13,10.9444,0,0,4665,51728122395
16.0118,62.454,2.43605,13.2869,43,69,59,800,2710,0.485172,13,10.9444,0,0,4665,51790576949
15.8874,62.9429,2.43605,13.2869,43,69,59,800,2710,0.485172,13,10.9444,0,0,4665,51853519645
15.2173,65.7146,2.43605,13.2869,43,69,59,800,2710,0.485172,13,10.9444,0,0,4665,51919235118
15.3151,65.2951,2.43605,13.2869,43,69,59,800,2710,0.485172,13,10.9444,0,0,4665,51984531879
15.1891,65.8365,2.43605,13.2869,43,69,59,800,2710,0.485172,13,10.9444,0,0,4665,52050369540
16.7696,59.6318,2.43605,13.2869,43,69,59,800,2710,0.485172,13,10.9444,0,0,4665,52110000883
14.5406,68.7731,2.43605,13.2869,43,69,59,800,2710,0.485172,13,10.9444,0,0,4665,52178776981
16.486,60.6575,2.8083,7.8703,43,63,58,800,2530,0.485172,10,10.9448,0,0,4665,52239433308
15.1693,65.9227,2.8083,7.8703,43,63,58,800,2530,0.485172,10,10.9448,0,0,4665,52305356629
15.6545,63.8792,2.8083,7.8703,43,63,58,800,2530,0.485172,10,10.9448,0,0,4665,52369236665
15.1442,66.0319,2.8083,7.8703,43,63,58,800,2530,0.485172,10,10.9448,0,0,4665,52435269340
16.391,61.0091,2.8083,7.8703,43,63,58,800,2530,0.485172,10,10.9448,0,0,4665,52496278836
15.1834,65.8614,2.8083,7.8703,43,63,58,800,2530,0.485172,10,10.9448,0,0,4665,52562141394
15.4116,64.8862,2.8083,7.8703,43,63,58,800,2530,0.485172,10,10.9448,0,0,4665,52627027919
15.7855,63.3495,2.8083,7.8703,43,63,58,800,2530,0.485172,10,10.9448,0,0,4665,52690379769
15.6738,63.8005,6.15764,6.5189,43,61,58,800,2530,0.48518,13,10.9515,0,0,4689,52754179215
15.6151,64.0407,6.15764,6.5189,43,61,58,800,2530,0.48518,13,10.9515,0,0,4689,52818220522
15.2,65.7894,6.15764,6.5189,43,61,58,800,2530,0.48518,13,10.9515,0,0,4689,52884011566
15.3942,64.9596,6.15764,6.5189,43,61,58,800,2530,0.48518,13,10.9515,0,0,4689,52948972270
15.4812,64.5944,6.15764,6.5189,43,61,58,800,2530,0.48518,13,10.9515,0,0,4689,53013567681
15.8802,62.9714,6.15764,6.5189,43,61,58,800,2530,0.48518,13,10.9515,0,0,4689,53076540694
15.2559,65.5486,6.15764,6.5189,43,61,58,800,2530,0.48518,13,10.9515,0,0,4689,53142088704
15.4381,64.775,6.15764,6.5189,43,61,58,800,2530,0.48518,13,10.9515,0,0,4689,53206868069
15.3022,65.3503,4.14129,8.13435,44,64,59,800,2800,0.48518,11,10.9536,0,0,4613,53272221827
16.0514,62.3,4.14129,8.13435,44,64,59,800,2800,0.48518,11,10.9536,0,0,4613,53334519268
15.9412,62.7306,4.14129,8.13435,44,64,59,800,2800,0.48518,11,10.9536,0,0,4613,53397248816
14.8931,67.1453,4.14129,8.13435,44,64,59,800,2800,0.48518,11,10.9536,0,0,4613,53464394780
16.0289,62.3873,4.14129,8.13435,44,64,59,800,2800,0.48518,11,10.9536,0,0,4613,53526782559
15.6069,64.0743,4.14129,8.13435,44,64,59,800,2800,0.48518,11,10.9536,0,0,4613,53590857339
15.5845,64.1664,4.14129,8.13435,44,64,59,800,2800,0.48518,11,10.9536,0,0,4613,53655024952
15.381,65.0154,4.14129,8.13435,44,64,59,800,2800,0.48518,11,10.9536,0,0,4613,53720043003
15.4622,64.6738,3.55392,7.6533,45,65,59,800,2620,0.483608,12,10.9501,0,0,4639,53784715038
14.3591,69.6423,3.55392,7.6533,45,65,59,800,2620,0.483608,12,10.9501,0,0,4639,53854359547
16.547,60.4339,3.55392,7.6533,45,65,59,800,2620,0.483608,12,10.9501,0,0,4639,53914793709
15.3267,65.2458,3.55392,7.6533,45,65,59,800,2620,0.483608,12,10.9501,0,0,4639,53980043953
16.0588,62.2712,3.55392,7.6533,45,65,59,800,2620,0.483608,12,10.9501,0,0,4639,54042313863
15.4921,64.5492,3.55392,7.6533,45,65,59,800,2620,0.483608,12,10.9501,0,0,4639,54106864110
14.8447,67.364,3.55392,7.6533,45,65,59,800,2620,0.483608,12,10.9501,0,0,4639,54174236848
15.1177,66.1477,3.55392,7.6533,45,65,59,800,2620,0.483608,12,10.9501,0,0,4639,54240384247
15.9395,62.7373,4.20673,10.321,45,65,58,800,2620,0.483612,10,10.9434,0,0,4664,54303117131
16.2914,61.3822,4.20673,10.321,45,65,58,800,2620,0.483612,10,10.9434,0,0,4664,54364500275
15.3288,65.2365,4.20673,10.321,45,65,58,800,2620,0.483612,10,10.9434,0,0,4664,54429737415
14.8866,67.1747,4.20673,10.321,45,65,58,800,2620,0.483612,10,10.9434,0,0,4664,54496912684
16.7062,59.8579,4.20673,10.321,45,65,58,800,2620,0.483612,10,10.9434,0,0,4664,54556771572
14.7937,67.5962,4.20673,10.321,45,65,58,800,2620,0.483612,10,10.9434,0,0,4664,54624369810
16.2439,61.5616,4.20673,10.321,45,65,58,800,2620,0.483612,10,10.9434,0,0,4664,54685931978
15.4258,64.8264,4.20673,10.321,45,65,58,800,2620,0.483612,10,10.9434,0,0,4664,54750760535
15.5564,64.2823,3.7851,5.9306,45,63,59,800,2620,0.483612,14,10.9387,0,0,4705,54815042121
15.6913,63.7295,3.7851,5.9306,45,63,59,800,2620,0.483612,14,10.9387,0,0,4705,54878772538
15.2987,65.3648,3.7851,5.9306,45,63,59,800,2620,0.483612,14,10.9387,0,0,4705,54944137676
15.2514,65.5678,3.7851,5.9306,45,63,59,800,2620,0.483612,14,10.9387,0,0,4705,55009707327
15.7189,63.6179,3.7851,5.9306,45,63,59,800,2620,0.483612,14,10.9387,0,0,4705,55073325755
15.0787,66.3187,3.7851,5.9306,45,63,59,800,2620,0.483612,14,10.9387,0,0,4705,55139646227
16.4847,60.6623,3.7851,5.9306,45,63,59,800,2620,0.483612,14,10.9387,0,0,4705,55200308385
15.7232,63.6003,3.7851,5.9306,45,63,59,800,2620,0.483612,14,10.9387,0,0,4705,55263911544
15.2483,65.5812,6.18932,8.2521,46,64,58,800,2620,0.481392,12,10.9335,0,0,4673,55329491484
15.439,64.7711,6.18932,8.2521,46,64,58,800,2620,0.481392,12,10.9335,0,0,4673,55394263946
14.954,66.8717,6.18932,8.2521,46,64,58,800,2620,0.481392,12,10.9335,0,0,4673,55461136460
15.1985,65.796,6.18932,8.2521,46,64,58,800,2620,0.481392,12,10.9335,0,0,4673,55526932934
16.0572,62.2775,6.18932,8.2521,46,64,58,800,2620,0.481392,12,10.9335,0,0,4673,55589210859
15.9261,62.79,6.18932,8.2521,46,64,58,800,2620,0.481392,12,10.9335,0,0,4673,55652002152
15.6444,63.9206,6.18932,8.2521,46,64,58,800,2620,0.481392,12,10.9335,0,0,4673,55715924477
15.6408,63.9353,6.18932,8.2521,46,64,58,800,2620,0.481392,12,10.9335,0,0,4673,55779861970
15.2871,65.4145,5.10328,7.8276,47,63,60,800,2800,0.482964,17,10.9302,0,0,4639,55845274878
15.6335,63.965,5.10328,7.8276,47,63,60,800,2800,0.482964,17,10.9302,0,0,4639,55909240794
15.5557,64.2853,5.10328,7.8276,47,63,60,800,2800,0.482964,17,10.9302,0,0,4639,55973527009
15.0313,66.528,5.10328,7.8276,47,63,60,800,2800,0.482964,17,10.9302,0,0,4639,56040056151
15.8372,63.1423,5.10328,7.8276,47,63,60,800,2800,0.482964,17,10.9302,0,0,4639,56103200894
15.6981,63.7019,5.10328,7.8276,47,63,60,800,2800,0.482964,17,10.9302,0,0,4639,56166902978
15.7375,63.5424,5.10328,7.8276,47,63,60,800,2800,0.482964,17,10.9302,0,0,4639,56230445103
14.9608,66.8412,5.10328,7.8276,47,63,60,800,2800,0.482964,17,10.9302,0,0,4639,56297291027
15.6769,63.7881,8.01944,12.6671,49,64,60,800,2710,0.478539,12,10.8706,0,0,4666,56361076496
15.526,64.4082,8.01944,12.6671,49,64,60,800,2710,0.478539,12,10.8706,0,0,4666,56425485149
14.6038,68.4753,8.01944,12.6671,49,64,60,800,2710,0.478539,12,10.8706,0,0,4666,56493965865
17.1123,58.4375,8.01944,12.6671,49,64,60,800,2710,0.478539,12,10.8706,0,0,4666,56552405824
15.2993,65.3623,8.01944,12.6671,49,64,60,800,2710,0.478539,12,10.8706,0,0,4666,56617767095
15.5013,64.5109,8.01944,12.6671,49,64,60,800,2710,0.478539,12,10.8706,0,0,4666,56682281346
15.5853,64.163,8.01944,12.6671,49,64,60,800,2710,0.478539,12,10.8706,0,0,4666,56746444851
15.3265,65.2463,8.01944,12.6671,49,64,60,800,2710,0.478539,12,10.8706,0,0,4666,56811697911
16.0527,62.2947,5.23114,9.3373,50,63,61,800,2800,0.478542,18,10.8677,0,0,4655,56873990643
14.7338,67.8712,5.23114,9.3373,50,63,61,800,2800,0.478542,18,10.8677,0,0,4655,56941860078
15.9183,62.8207,5.23114,9.3373,50,63,61,800,2800,0.478542,18,10.8677,0,0,4655,57004680866
15.6468,63.9108,5.23114,9.3373,50,63,61,800,2800,0.478542,18,10.8677,0,0,4655,57068593212
15.3965,64.9499,5.23114,9.3373,50,63,61,800,2800,0.478542,18,10.8677,0,0,4655,57133544198
15.7439,63.5168,5.23114,9.3373,50,63,61,800,2800,0.478542,18,10.8677,0,0,4655,57197065273
15.6534,63.8837,5.23114,9.3373,50,63,61,800,2800,0.478542,18,10.8677,0,0,4655,57260947073
15.4434,64.7528,5.23114,9.3373,50,63,61,800,2800,0.478542,18,10.8677,0,0,4655,57325702052
15.1525,65.9959,5.97561,13.675,52,67,60,800,2710,0.479523,13,10.8797,0,0,4639,57391697378
15.4444,64.7486,5.97561,13.675,52,67,60,800,2710,0.479523,13,10.8797,0,0,4639,57456447178
16.0933,62.1376,5.97561,13.675,52,67,60,800,2710,0.479523,13,10.8797,0,0,4639,57518585402
15.462,64.6747,5.97561,13.675,52,67,60,800,2710,0.479523,13,10.8797,0,0,4639,57583260352
15.5644,64.2493,5.97561,13.675,52,67,60,800,2710,0.479523,13,10.8797,0,0,4639,57647511761
15.3929,64.965,5.97561,13.675,52,67,60,800,2710,0.479523,13,10.8797,0,0,4639,57712477004
15.7432,63.5196,5.97561,13.675,52,67,60,800,2710,0.479523,13,10.8797,0,0,4639,57776000684
15.3778,65.0289,5.97561,13.675,52,67,60,800,2710,0.479523,13,10.8797,0,0,4639,57841031729
15.8331,63.159,4.87211,7.29585,53,63,60,800,2800,0.479523,15,10.877,0,0,4646,57904189507
15.3863,64.9928,4.87211,7.29585,53,63,60,800,2800,0.479523,15,10.877,0,0,4646,57969181809
15.5126,64.4638,4.87211,7.29585,53,63,60,800,2800,0.479523,15,10.877,0,0,4646,58033646237
15.3778,65.029,4.87211,7.29585,53,63,60,800,2800,0.479523,15,10.877,0,0,4646,58098679716
15.4867,64.5717,4.87211,7.29585,53,63,60,800,2800,0.479523,15,10.877,0,0,4646,58163251794
15.7147,63.6348,4.87211,7.29585,53,63,60,800,2800,0.479523,15,10.877,0,0,4646,58226889728
15.4763,64.6151,4.87211,7.29585,53,63,60,800,2800,0.479523,15,10.877,0,0,4646,58291502863
15.8329,63.1597,4.87211,7.29585,53,63,60,800,2800,0.479523,15,10.877,0,0,4646,58354665740
15.321,65.2699,5.01836,11.4231,53,64,60,800,2800,0.478542,15,10.8787,0,0,4640,58419935771
15.4344,64.7904,5.01836,11.4231,53,64,60,800,2800,0.478542,15,10.8787,0,0,4640,58484727690
15.4211,64.8464,5.01836,11.4231,53,64,60,800,2800,0.478542,15,10.8787,0,0,4640,58549574200
14.9446,66.9137,5.01836,11.4231,53,64,60,800,2800,0.478542,15,10.8787,0,0,4640,58616488111
16.561,60.3826,5.01836,11.4231,53,64,60,800,2800,0.478542,15,10.8787,0,0,4640,58676875606
14.0191,71.331,5.01836,11.4231,53,64,60,800,2800,0.478542,15,10.8787,0,0,4640,58748204941
16.2173,61.6627,5.01836,11.4231,53,64,60,800,2800,0.478542,15,10.8787,0,0,4640,58809868919
16.5285,60.5015,5.01836,11.4231,53,64,60,800,2800,0.478542,15,10.8787,0,0,4640,58870374024
15.3107,65.314,4.50122,8.79025,54,65,60,800,2800,0.478539,14,10.8752,0,0,4639,58935688598
15.5989,64.1071,4.50122,8.79025,54,65,60,800,2800,0.478539,14,10.8752,0,0,4639,58999802451
15.2603,65.5295,4.50122,8.79025,54,65,60,800,2800,0.478539,14,10.8752,0,0,4639,59065325925
14.4306,69.2973,4.50122,8.79025,54,65,60,800,2800,0.478539,14,10.8752,0,0,4639,59134623978
16.745,59.7194,4.50122,8.79025,54,65,60,800,2800,0.478539,14,10.8752,0,0,4639,59194347573
15.3505,65.1443,4.50122,8.79025,54,65,60,800,2800,0.478539,14,10.8752,0,0,4639,59259489705
16.0658,62.2441,4.50122,8.79025,54,65,60,800,2800,0.478539,14,10.8752,0,0,4639,59321734468
15.7405,63.5302,4.50122,8.79025,54,65,60,800,2800,0.478539,14,10.8752,0,0,4639,59385268258
15.4002,64.9343,4.03423,8.2169,54,65,60,800,2800,0.478539,13,10.8753,0,0,4662,59450200929
14.7621,67.7409,4.03423,8.2169,54,65,60,800,2800,0.478539,13,10.8753,0,0,4662,59517943557
15.6852,63.7545,4.03423,8.2169,54,65,60,800,2800,0.478539,13,10.8753,0,0,4662,59581700954
15.5466,64.3229,4.03423,8.2169,54,65,60,800,2800,0.478539,13,10.8753,0,0,4662,59646023606
14.7368,67.8574,4.03423,8.2169,54,65,60,800,2800,0.478539,13,10.8753,0,0,4662,59713882041
17.5242,57.0639,4.03423,8.2169,54,65,60,800,2800,0.478539,13,10.8753,0,0,4662,59770946421
15.1677,65.9295,4.03423,8.2169,54,65,60,800,2800,0.478539,13,10.8753,0,0,4662,59836878178
15.6137,64.0464,4.03423,8.2169,54,65,60,800,2800,0.478539,13,10.8753,0,0,4662,59900926217
15.1866,65.8477,4.7503,7.92225,54,64,60,800,2710,0.478539,12,10.8747,0,0,4640,59966773687
16.2377,61.5851,4.7503,7.92225,54,64,60,800,2710,0.478539,12,10.8747,0,0,4640,60028360341
14.9615,66.8382,4.7503,7.92225,54,64,60,800,2710,0.478539,12,10.8747,0,0,4640,60095203239
15.5909,64.1399,4.7503,7.92225,54,64,60,800,2710,0.478539,12,10.8747,0,0,4640,60159341757
15.6099,64.0621,4.7503,7.92225,54,64,60,800,2710,0.478539,12,10.8747,0,0,4640,60223405346
15.5821,64.1762,4.7503,7.92225,54,64,60,800,2710,0.478539,12,10.8747,0,0,4640,60287581725
15.6441,63.922,4.7503,7.92225,54,64,60,800,2710,0.478539,12,10.8747,0,0,4640,60351504551
15.297,65.3723,4.7503,7.92225,54,64,60,800,2710,0.478539,12,10.8747,0,0,4640,60416882013
15.4512,64.7197,5.11571,8.62805,55,64,60,800,2710,0.476963,16,10.8763,0,0,4630,60481599463
15.8595,63.0536,5.11571,8.62805,55,64,60,800,2710,0.476963,16,10.8763,0,0,4630,60544656572
15.3154,65.2936,5.11571,8.62805,55,64,60,800,2710,0.476963,16,10.8763,0,0,4630,60609948895
15.6261,63.9954,5.11571,8.62805,55,64,60,800,2710,0.476963,16,10.8763,0,0,4630,60673945569
15.6306,63.9771,5.11571,8.62805,55,64,60,800,2710,0.476963,16,10.8763,0,0,4630,60737923277
15.7631,63.4394,5.11571,8.62805,55,64,60,800,2710,0.476963,16,10.8763,0,0,4630,60801363783
15.3387,65.1944,5.11571,8.62805,55,64,60,800,2710,0.476963,16,10.8763,0,0,4630,60866558483
15.5661,64.2421,5.11571,8.62805,55,64,60,800,2710,0.476963,16,10.8763,0,0,4630,60930805825
15.1551,65.9843,4.16157,9.95425,55,65,60,800,2710,0.476963,15,10.8683,0,0,4733,60996787325
15.5223,64.4235,4.16157,9.95425,55,65,60,800,2710,0.476963,15,10.8683,0,0,4733,61061211166
15.6718,63.8089,4.16157,9.95425,55,65,60,800,2710,0.476963,15,10.8683,0,0,4733,61125021402
15.9142,62.8371,4.16157,9.95425,55,65,60,800,2710,0.476963,15,10.8683,0,0,4733,61187858891
15.4457,64.743,4.16157,9.95425,55,65,60,800,2710,0.476963,15,10.8683,0,0,4733,61252603722
15.4529,64.7126,4.16157,9.95425,55,65,60,800,2710,0.476963,15,10.8683,0,0,4733,61317319939
15.3984,64.9416,4.16157,9.95425,55,65,60,800,2710,0.476963,15,10.8683,0,0,4733,61382260075
15.6698,63.8168,4.16157,9.95425,55,65,60,800,2710,0.476963,15,10.8683,0,0,4733,61446085729
14.9015,67.1074,4.6285,7.4205,54,65,60,800,2710,0.476963,13,10.8843,0,0,4641,61513192199
16.4217,60.8952,4.6285,7.4205,54,65,60,800,2710,0.476963,13,10.8843,0,0,4641,61574084978
15.3133,65.3027,4.6285,7.4205,54,65,60,800,2710,0.476963,13,10.8843,0,0,4641,61639387930
15.2597,65.5319,4.6285,7.4205,54,65,60,800,2710,0.476963,13,10.8843,0,0,4641,61704920812
15.8789,62.9765,4.6285,7.4205,54,65,60,800,2710,0.476963,13,10.8843,0,0,4641,61767899706
15.4668,64.6546,4.6285,7.4205,54,65,60,800,2710,0.476963,13,10.8843,0,0,4641,61832553857
15.7576,63.4614,4.6285,7.4205,54,65,60,800,2710,0.476963,13,10.8843,0,0,4641,61896018097
15.4535,64.7102,4.6285,7.4205,54,65,60,800,2710,0.476963,13,10.8843,0,0,4641,61960729655
15.6597,63.8582,8.19071,8.3951,54,64,62,800,2800,0.481956,21,10.9903,0,0,4612,62024586658
15.3356,65.208,8.19071,8.3951,54,64,62,800,2800,0.481956,21,10.9903,0,0,4612,62089795245
15.8255,63.189,8.19071,8.3951,54,64,62,800,2800,0.481956,21,10.9903,0,0,4612,62152984631
15.3397,65.1904,8.19071,8.3951,54,64,62,800,2800,0.481956,21,10.9903,0,0,4612,62218176417
15.4145,64.8738,8.19071,8.3951,54,64,62,800,2800,0.481956,21,10.9903,0,0,4612,62283051761
15.7253,63.5919,8.19071,8.3951,54,64,62,800,2800,0.481956,21,10.9903,0,0,4612,62346643899
14.9919,66.7029,8.19071,8.3951,54,64,62,800,2800,0.481956,21,10.9903,0,0,4612,62413348690
16.3456,61.1785,8.19071,8.3951,54,64,62,800,2800,0.481956,21,10.9903,0,0,4612,62474530538
15.2481,65.5819,4.64548,15.8587,56,69,63,800,2800,0.481953,14,10.9903,0,0,4634,62540110628
15.6874,63.7454,4.64548,15.8587,56,69,63,800,2800,0.481953,14,10.9903,0,0,4634,62603856413
15.2642,65.5128,4.64548,15.8587,56,69,63,800,2800,0.481953,14,10.9903,0,0,4634,62669371442
15.2504,65.5719,4.64548,15.8587,56,69,63,800,2800,0.481953,14,10.9903,0,0,4634,62734942546
15.7032,63.6813,4.64548,15.8587,56,69,63,800,2800,0.481953,14,10.9903,0,0,4634,62798624702
16.1705,61.841,4.64548,15.8587,56,69,63,800,2800,0.481953,14,10.9903,0,0,4634,62860467274
14.8996,67.1161,4.64548,15.8587,56,69,63,800,2800,0.481953,14,10.9903,0,0,4634,62927585767
15.8502,63.0907,4.64548,15.8587,56,69,63,800,2800,0.481953,14,10.9903,0,0,4634,62990677931
15.7879,63.3397,5.10328,9.5756,56,64,63,800,2800,0.481956,17,10.9923,0,0,4657,63054016356
15.5177,64.4426,5.10328,9.5756,56,64,63,800,2800,0.481956,17,10.9923,0,0,4657,63118459343
15.1624,65.9525,5.10328,9.5756,56,64,63,800,2800,0.481956,17,10.9923,0,0,4657,63184414123
15.2817,65.4377,5.10328,9.5756,56,64,63,800,2800,0.481956,17,10.9923,0,0,4657,63249856166
15.7405,63.5302,5.10328,9.5756,56,64,63,800,2800,0.481956,17,10.9923,0,0,4657,63313388021
14.9654,66.8208,5.10328,9.5756,56,64,63,800,2800,0.481956,17,10.9923,0,0,4657,63380211543
16.5976,60.2496,5.10328,9.5756,56,64,63,800,2800,0.481956,17,10.9923,0,0,4657,63440459247
15.4351,64.7874,5.10328,9.5756,56,64,63,800,2800,0.481956,17,10.9923,0,0,4657,63505248541
15.574,64.2096,6.33374,10.6343,57,64,64,800,2800,0.482933,15,10.9992,0,0,4614,63569457010
15.2575,65.5415,6.33374,10.6343,57,64,64,800,2800,0.482933,15,10.9992,0,0,4614,63634999220
15.9611,62.6524,6.33374,10.6343,57,64,64,800,2800,0.482933,15,10.9992,0,0,4614,63697652635
14.955,66.8674,6.33374,10.6343,57,64,64,800,2800,0.482933,15,10.9992,0,0,4614,63764524758
16.0425,62.3344,6.33374,10.6343,57,64,64,800,2800,0.482933,15,10.9992,0,0,4614,63826858026
15.2656,65.507,6.33374,10.6343,57,64,64,800,2800,0.482933,15,10.9992,0,0,4614,63892365671
15.7982,63.2983,6.33374,10.6343,57,64,64,800,2800,0.482933,15,10.9992,0,0,4614,63955666015
15.3219,65.266,6.33374,10.6343,57,64,64,800,2800,0.482933,15,10.9992,0,0,4614,64020934824
15.4946,64.5387,6.19684,7.89975,57,65,64,800,2800,0.482937,19,11.0075,0,0,4636,64085470885
15.3958,64.9527,6.19684,7.89975,57,65,64,800,2800,0.482937,19,11.0075,0,0,4636,64150425767
15.7172,63.6246,6.19684,7.89975,57,65,64,800,2800,0.482937,19,11.0075,0,0,4636,64214049575
15.091,66.2647,6.19684,7.89975,57,65,64,800,2800,0.482937,19,11.0075,0,0,4636,64280319644
16.53,60.4961,6.19684,7.89975,57,65,64,800,2800,0.482937,19,11.0075,0,0,4636,64340814799
15.3323,65.2217,6.19684,7.89975,57,65,64,800,2800,0.482937,19,11.0075,0,0,4636,64406036180
15.19,65.8328,6.19684,7.89975,57,65,64,800,2800,0.482937,19,11.0075,0,0,4636,64471869493
15.2975,65.37,6.19684,7.89975,57,65,64,800,2800,0.482937,19,11.0075,0,0,4636,64537246123
15.6689,63.8207,5.96833,14.643,58,67,63,800,2800,0.482937,15,11.011,0,0,4524,64601062881
16.14,61.958,5.96833,14.643,58,67,63,800,2800,0.482937,15,11.011,0,0,4524,64663022852
15.1337,66.0776,5.96833,14.643,58,67,63,800,2800,0.482937,15,11.011,0,0,4524,64729101293
15.5201,64.4326,5.96833,14.643,58,67,63,800,2800,0.482937,15,11.011,0,0,4524,64793534081
10.712,93.3532,5.96833,14.643,58,67,63,800,2800,0.482937,15,11.011,0,0,4524,64886888872
23.2999,42.9187,5.96833,14.643,58,67,63,800,2800,0.482937,15,11.011,0,0,4524,64929810014
17.3742,57.5565,5.96833,14.643,58,67,63,800,2800,0.482937,15,11.011,0,0,4524,64987366602
15.7388,63.5372,5.96833,14.643,58,67,63,800,2800,0.482937,15,11.011,0,0,4524,65050906473
15.6326,63.9688,7.07317,8.67125,58,66,64,800,2800,0.48275,16,11.0317,0,0,4637,65114873602
15.1383,66.0578,7.07317,8.67125,58,66,64,800,2800,0.48275,16,11.0317,0,0,4637,65180932085
15.8456,63.109,7.07317,8.67125,58,66,64,800,2800,0.48275,16,11.0317,0,0,4637,65244041613
15.7467,63.5053,7.07317,8.67125,58,66,64,800,2800,0.48275,16,11.0317,0,0,4637,65307551277
15.2342,65.6417,7.07317,8.67125,58,66,64,800,2800,0.48275,16,11.0317,0,0,4637,65373191309
15.6207,64.0174,7.07317,8.67125,58,66,64,800,2800,0.48275,16,11.0317,0,0,4637,65437209944
15.36,65.104,7.07317,8.67125,58,66,64,800,2800,0.48275,16,11.0317,0,0,4637,65502315819
15.8667,63.0251,7.07317,8.67125,58,66,64,800,2800,0.48275,16,11.0317,0,0,4637,65565342992
15.6773,63.7865,6.32603,12.8827,58,70,65,800,2800,0.481766,18,11.0519,0,0,4690,65629130435
15.1138,66.1647,6.32603,12.8827,58,70,65,800,2800,0.481766,18,11.0519,0,0,4690,65695296941
17.6958,56.5104,6.32603,12.8827,58,70,65,800,2800,0.481766,18,11.0519,0,0,4690,65751806715
15.2706,65.4855,6.32603,12.8827,58,70,65,800,2800,0.481766,18,11.0519,0,0,4690,65817291778
15.9119,62.846,6.32603,12.8827,58,70,65,800,2800,0.481766,18,11.0519,0,0,4690,65880138675
15.4636,64.6681,6.32603,12.8827,58,70,65,800,2800,0.481766,18,11.0519,0,0,4690,65944807243
15.6789,63.7799,6.32603,12.8827,58,70,65,800,2800,0.481766,18,11.0519,0,0,4690,66008589116
15.4881,64.5657,6.32603,12.8827,58,70,65,800,2800,0.481766,18,11.0519,0,0,4690,66073156716
14.6267,68.3681,3.9604,10.9287,58,67,63,800,2800,0.481579,14,11.059,0,0,4690,66141524661
31.2846,31.9646,3.9604,10.9287,58,67,63,800,2800,0.481579,14,11.059,0,0,4690,66173490487
26.6241,37.56,3.9604,10.9287,58,67,63,800,2800,0.481579,14,11.059,0,0,4690,66211051842
35.1287,28.4667,3.9604,10.9287,58,67,63,800,2800,0.481579,14,11.059,0,0,4690,66239519115
35.4268,28.2273,3.9604,10.9287,58,67,63,800,2800,0.481579,14,11.059,0,0,4690,66267750038
40.5422,24.6657,3.9604,10.9287,58,67,63,800,2800,0.481579,14,11.059,0,0,4690,66292416444
38.3185,26.0971,3.9604,10.9287,58,67,63,800,2800,0.481579,14,11.059,0,0,4690,66318512340
38.248,26.1452,3.9604,10.9287,58,67,63,800,2800,0.481579,14,11.059,0,0,4690,66344665864
39.3764,25.3959,3.9604,10.9287,58,67,63,800,2800,0.481579,14,11.059,0,0,4690,66370057274
41.419,24.1435,3.9604,10.9287,58,67,63,800,2800,0.481579,14,11.059,0,0,4690,66394206085
33.5929,29.7682,3.9604,10.9287,58,67,63,800,2800,0.481579,14,11.059,0,0,4690,66423975540
46.0035,21.7375,3.9604,10.9287,58,67,63,800,2800,0.481579,14,11.059,0,0,4690,66445714070
26.7667,37.3598,3.9604,10.9287,58,67,63,800,2800,0.481579,14,11.059,0,0,4690,66483074048
35.543,28.135,3.9604,10.9287,58,67,63,800,2800,0.481579,14,11.059,0,0,4690,66511212578
33.9301,29.4723,3.9604,10.9287,58,67,63,800,2800,0.481579,14,11.059,0,0,4690,66540686591
29.326,34.0994,3.9604,10.9287,58,67,63,800,2800,0.481579,14,11.059,0,0,4690,66574794758
24.0895,41.5118,8.14536,9.26465,60,64,66,2271,2800,0.481331,23,11.0679,0,0,4354,66616299455
25.1459,39.768,8.14536,9.26465,60,64,66,2271,2800,0.481331,23,11.0679,0,0,4354,66656070004
24.9183,40.1311,8.14536,9.26465,60,64,66,2271,2800,0.481331,23,11.0679,0,0,4354,66696204883
23.3521,42.8228,8.14536,9.26465,60,64,66,2271,2800,0.481331,23,11.0679,0,0,4354,66739029104
25.4496,39.2934,8.14536,9.26465,60,64,66,2271,2800,0.481331,23,11.0679,0,0,4354,66778321400
25.4501,39.2926,8.14536,9.26465,60,64,66,2271,2800,0.481331,23,11.0679,0,0,4354,66817618675
31.7516,31.4944,8.14536,9.26465,60,64,66,2271,2800,0.481331,23,11.0679,0,0,4354,66849112771
31.3259,31.9225,8.14536,9.26465,60,64,66,2271,2800,0.481331,23,11.0679,0,0,4354,66881036578
36.3533,27.5078,8.14536,9.26465,60,64,66,2271,2800,0.481331,23,11.0679,0,0,4354,66908546054
35.95,27.8164,8.14536,9.26465,60,64,66,2271,2800,0.481331,23,11.0679,0,0,4354,66936363855
33.8682,29.5262,8.14536,9.26465,60,64,66,2271,2800,0.481331,23,11.0679,0,0,4354,66965891488
33.3878,29.9511,8.14536,9.26465,60,64,66,2271,2800,0.481331,23,11.0679,0,0,4354,66995843003
32.6121,30.6635,8.14536,9.26465,60,64,66,2271,2800,0.481331,23,11.0679,0,0,4354,67026506909
37.9141,26.3754,8.14536,9.26465,60,64,66,2271,2800,0.481331,23,11.0679,0,0,4354,67052884591
34.0606,29.3594,8.14536,9.26465,60,64,66,2271,2800,0.481331,23,11.0679,0,0,4354,67082246495
36.7281,27.2271,11.4144,10.8181,64,64,69,2593,2800,0.480595,30,11.0149,0,0,4619,67109472721
34.9473,28.6145,11.4144,10.8181,64,64,69,2593,2800,0.480595,30,11.0149,0,0,4619,67138089875
34.749,28.7778,11.4144,10.8181,64,64,69,2593,2800,0.480595,30,11.0149,0,0,4619,67166868861
33.413,29.9284,11.4144,10.8181,64,64,69,2593,2800,0.480595,30,11.0149,0,0,4619,67196797914
33.8987,29.4996,11.4144,10.8181,64,64,69,2593,2800,0.480595,30,11.0149,0,0,4619,67226302344
36.3886,27.4812,11.4144,10.8181,64,64,69,2593,2800,0.480595,30,11.0149,0,0,4619,67253781753
34.8407,28.7021,11.4144,10.8181,64,64,69,2593,2800,0.480595,30,11.0149,0,0,4619,67282486220
34.8928,28.6592,11.4144,10.8181,64,64,69,2593,2800,0.480595,30,11.0149,0,0,4619,67311144440
33.2065,30.1146,11.4144,10.8181,64,64,69,2593,2800,0.480595,30,11.0149,0,0,4619,67341260232
36.0954,27.7044,11.4144,10.8181,64,64,69,2593,2800,0.480595,30,11.0149,0,0,4619,67368969049
34.4221,29.0511,11.4144,10.8181,64,64,69,2593,2800,0.480595,30,11.0149,0,0,4619,67398024020
33.2403,30.084,11.4144,10.8181,64,64,69,2593,2800,0.480595,30,11.0149,0,0,4619,67428105047
34.1728,29.2631,11.4144,10.8181,64,64,69,2593,2800,0.480595,30,11.0149,0,0,4619,67457369179
34.8124,28.7254,11.4144,10.8181,64,64,69,2593,2800,0.480595,30,11.0149,0,0,4619,67486096218
33.2002,30.1203,11.4144,10.8181,64,64,69,2593,2800,0.480595,30,11.0149,0,0,4619,67516220085
36.4611,27.4265,11.4144,10.8181,64,64,69,2593,2800,0.480595,30,11.0149,0,0,4619,67543645012
36.2673,27.573,11.4144,10.8181,64,64,69,2593,2800,0.480595,30,11.0149,0,0,4619,67571219489
34.8535,28.6916,11.4144,10.8181,64,64,69,2593,2800,0.480595,30,11.0149,0,0,4619,67599916932
34.7229,28.7994,8.13107,15.1852,70,78,76,2600,2800,0.479134,33,11.0143,0,0,4577,67628713311
33.5963,29.7652,8.13107,15.1852,70,78,76,2600,2800,0.479134,33,11.0143,0,0,4577,67658479029
37.2071,26.8766,8.13107,15.1852,70,78,76,2600,2800,0.479134,33,11.0143,0,0,4577,67685357636
34.6441,28.8649,8.13107,15.1852,70,78,76,2600,2800,0.479134,33,11.0143,0,0,4577,67714222793
36.3855,27.4834,8.13107,15.1852,70,78,76,2600,2800,0.479134,33,11.0143,0,0,4577,67741707271
36.5611,27.3515,8.13107,15.1852,70,78,76,2600,2800,0.479134,33,11.0143,0,0,4577,67769060896
33.6292,29.7361,8.13107,15.1852,70,78,76,2600,2800,0.479134,33,11.0143,0,0,4577,67798797029
33.9954,29.4157,8.13107,15.1852,70,78,76,2600,2800,0.479134,33,11.0143,0,0,4577,67828215849
37.2902,26.8167,8.13107,15.1852,70,78,76,2600,2800,0.479134,33,11.0143,0,0,4577,67855033102
35.3802,28.2644,8.13107,15.1852,70,78,76,2600,2800,0.479134,33,11.0143,0,0,4577,67883301655
35.4696,28.1931,8.13107,15.1852,70,78,76,2600,2800,0.479134,33,11.0143,0,0,4577,67911493514
33.862,29.5317,8.13107,15.1852,70,78,76,2600,2800,0.479134,33,11.0143,0,0,4577,67941025055
35.9685,27.8021,8.13107,15.1852,70,78,76,2600,2800,0.479134,33,11.0143,0,0,4577,67968828659
34.0816,29.3413,8.13107,15.1852,70,78,76,2600,2800,0.479134,33,11.0143,0,0,4577,67998170456
34.6442,28.8649,8.13107,15.1852,70,78,76,2600,2800,0.479134,33,11.0143,0,0,4577,68027038538
35.482,28.1833,8.13107,15.1852,70,78,76,2600,2800,0.479134,33,11.0143,0,0,4577,68055223294
35.2526,28.3667,8.13107,15.1852,70,78,76,2600,2800,0.479134,33,11.0143,0,0,4577,68083589990
36.63,27.3,8.13107,15.1852,70,78,76,2600,2800,0.479134,33,11.0143,0,0,4577,68110894934
35.5271,28.1475,7.88177,14.9604,74,70,78,2246,2800,0.479134,33,11.0158,0,0,4617,68139042851
35.4349,28.2207,7.88177,14.9604,74,70,78,2246,2800,0.479134,33,11.0158,0,0,4617,68167264586
33.1087,30.2035,7.88177,14.9604,74,70,78,2246,2800,0.479134,33,11.0158,0,0,4617,68197468022
34.6595,28.8521,7.88177,14.9604,74,70,78,2246,2800,0.479134,33,11.0158,0,0,4617,68226320845
36.6235,27.3049,7.88177,14.9604,74,70,78,2246,2800,0.479134,33,11.0158,0,0,4617,68253626150
34.079,29.3436,7.88177,14.9604,74,70,78,2246,2800,0.479134,33,11.0158,0,0,4617,68282970782
36.0824,27.7144,7.88177,14.9604,74,70,78,2246,2800,0.479134,33,11.0158,0,0,4617,68310687153
37.1229,26.9376,7.88177,14.9604,74,70,78,2246,2800,0.479134,33,11.0158,0,0,4617,68337625041
33.9715,29.4365,7.88177,14.9604,74,70,78,2246,2800,0.479134,33,11.0158,0,0,4617,68367062186
33.3839,29.9546,7.88177,14.9604,74,70,78,2246,2800,0.479134,33,11.0158,0,0,4617,68397017538
36.0425,27.745,7.88177,14.9604,74,70,78,2246,2800,0.479134,33,11.0158,0,0,4617,68424765469
35.9715,27.7997,7.88177,14.9604,74,70,78,2246,2800,0.479134,33,11.0158,0,0,4617,68452565637
33.0288,30.2766,7.88177,14.9604,74,70,78,2246,2800,0.479134,33,11.0158,0,0,4617,68482842429
33.7002,29.6734,7.88177,14.9604,74,70,78,2246,2800,0.479134,33,11.0158,0,0,4617,68512516887
36.9168,27.088,7.88177,14.9604,74,70,78,2246,2800,0.479134,33,11.0158,0,0,4617,68539606188
32.3937,30.8702,7.88177,14.9604,74,70,78,2246,2800,0.479134,33,11.0158,0,0,4617,68570479304
33.4875,29.8619,7.88177,14.9604,74,70,78,2246,2800,0.479134,33,11.0158,0,0,4617,68600345860
30.4679,32.8214,7.88177,14.9604,74,70,78,2246,2800,0.479134,33,11.0158,0,0,4617,68633172183
35.5025,28.1671,9.90338,10.9842,78,70,78,2600,2800,0.479134,33,11.0125,0,0,4580,68661337082
35.2164,28.3959,9.90338,10.9842,78,70,78,2600,2800,0.479134,33,11.0125,0,0,4580,68689731269
33.6969,29.6763,9.90338,10.9842,78,70,78,2600,2800,0.479134,33,11.0125,0,0,4580,68719409875
33.215,30.1069,9.90338,10.9842,78,70,78,2600,2800,0.479134,33,11.0125,0,0,4580,68749517121
38.4385,26.0156,9.90338,10.9842,78,70,78,2600,2800,0.479134,33,11.0125,0,0,4580,68775533749
33.0545,30.2531,9.90338,10.9842,78,70,78,2600,2800,0.479134,33,11.0125,0,0,4580,68805787949
34.1071,29.3194,9.90338,10.9842,78,70,78,2600,2800,0.479134,33,11.0125,0,0,4580,68835111902
33.8024,29.5837,9.90338,10.9842,78,70,78,2600,2800,0.479134,33,11.0125,0,0,4580,68864696662
36.44,27.4424,9.90338,10.9842,78,70,78,2600,2800,0.479134,33,11.0125,0,0,4580,68892136999
34.0311,29.3849,9.90338,10.9842,78,70,78,2600,2800,0.479134,33,11.0125,0,0,4580,68921525402
33.8951,29.5028,9.90338,10.9842,78,70,78,2600,2800,0.479134,33,11.0125,0,0,4580,68951027639
36.0269,27.757,9.90338,10.9842,78,70,78,2600,2800,0.479134,33,11.0125,0,0,4580,68978789535
36.3021,27.5466,9.90338,10.9842,78,70,78,2600,2800,0.479134,33,11.0125,0,0,4580,69006334487
33.3762,29.9615,9.90338,10.9842,78,70,78,2600,2800,0.479134,33,11.0125,0,0,4580,69036297293
33.4219,29.9205,9.90338,10.9842,78,70,78,2600,2800,0.479134,33,11.0125,0,0,4580,69066219143
36.247,27.5885,9.90338,10.9842,78,70,78,2600,2800,0.479134,33,11.0125,0,0,4580,69093812404
35.9568,27.8111,9.90338,10.9842,78,70,78,2600,2800,0.479134,33,11.0125,0,0,4580,69121625988
33.1,30.2115,9.90338,10.9842,78,70,78,2600,2800,0.479134,33,11.0125,0,0,4580,69151842718
36.9371,27.073,10.5711,14.9567,80,71,78,2501,2800,0.479134,38,11.0206,0,0,4610,69178911871
35.3769,28.267,10.5711,14.9567,80,71,78,2501,2800,0.479134,38,11.0206,0,0,4610,69207178270
34.2897,29.1633,10.5711,14.9567,80,71,78,2501,2800,0.479134,38,11.0206,0,0,4610,69236346693
33.2104,30.111,10.5711,14.9567,80,71,78,2501,2800,0.479134,38,11.0206,0,0,4610,69266457946
36.3427,27.5159,10.5711,14.9567,80,71,78,2501,2800,0.479134,38,11.0206,0,0,4610,69293975486
34.7605,28.7683,10.5711,14.9567,80,71,78,2501,2800,0.479134,38,11.0206,0,0,4610,69322747820
33.6223,29.7422,10.5711,14.9567,80,71,78,2501,2800,0.479134,38,11.0206,0,0,4610,69352487830
36.9478,27.0652,10.5711,14.9567,80,71,78,2501,2800,0.479134,38,11.0206,0,0,4610,69379554278
36.104,27.6978,10.5711,14.9567,80,71,78,2501,2800,0.479134,38,11.0206,0,0,4610,69407254499
33.1409,30.1742,10.5711,14.9567,80,71,78,2501,2800,0.479134,38,11.0206,0,0,4610,69437432127
32.8697,30.4232,10.5711,14.9567,80,71,78,2501,2800,0.479134,38,11.0206,0,0,4610,69467855663
36.06,27.7316,10.5711,14.9567,80,71,78,2501,2800,0.479134,38,11.0206,0,0,4610,69495588065
34.4255,29.0482,10.5711,14.9567,80,71,78,2501,2800,0.479134,38,11.0206,0,0,4610,69524635973
35.0322,28.5451,10.5711,14.9567,80,71,78,2501,2800,0.479134,38,11.0206,0,0,4610,69553181903
34.4074,29.0635,10.5711,14.9567,80,71,78,2501,2800,0.479134,38,11.0206,0,0,4610,69582247003
37.7105,26.5178,10.5711,14.9567,80,71,78,2501,2800,0.479134,38,11.0206,0,0,4610,69608766049
34.6577,28.8537,10.5711,14.9567,80,71,78,2501,2800,0.479134,38,11.0206,0,0,4610,69637624644
33.1786,30.1399,10.5711,14.9567,80,71,78,2501,2800,0.479134,38,11.0206,0,0,4610,69667765252
34.8725,28.6759,7.92683,14.4625,81,80,78,2600,2800,0.479134,29,11.0196,0,0,4610,69696442828
35.6288,28.0672,7.92683,14.4625,81,80,78,2600,2800,0.479134,29,11.0196,0,0,4610,69724508362
35.0371,28.5411,7.92683,14.4625,81,80,78,2600,2800,0.479134,29,11.0196,0,0,4610,69753051287
33.2037,30.1171,7.92683,14.4625,81,80,78,2600,2800,0.479134,29,11.0196,0,0,4610,69783169894
37.8899,26.3923,7.92683,14.4625,81,80,78,2600,2800,0.479134,29,11.0196,0,0,4610,69809563015
34.0086,29.4043,7.92683,14.4625,81,80,78,2600,2800,0.479134,29,11.0196,0,0,4610,69838968660
34.0616,29.3586,7.92683,14.4625,81,80,78,2600,2800,0.479134,29,11.0196,0,0,4610,69868327469
37.4157,26.7267,7.92683,14.4625,81,80,78,2600,2800,0.479134,29,11.0196,0,0,4610,69895055495
33.9153,29.4852,7.92683,14.4625,81,80,78,2600,2800,0.479134,29,11.0196,0,0,4610,69924541942
33.9351,29.468,7.92683,14.4625,81,80,78,2600,2800,0.479134,29,11.0196,0,0,4610,69954011036
40.0557,24.9653,7.92683,14.4625,81,80,78,2600,2800,0.479134,29,11.0196,0,0,4610,69978977563
35.1135,28.479,7.92683,14.4625,81,80,78,2600,2800,0.479134,29,11.0196,0,0,4610,70007458202
33.151,30.165,7.92683,14.4625,81,80,78,2600,2800,0.479134,29,11.0196,0,0,4610,70037627343
32.6716,30.6077,7.92683,14.4625,81,80,78,2600,2800,0.479134,29,11.0196,0,0,4610,70068233821
36.9165,27.0881,7.92683,14.4625,81,80,78,2600,2800,0.479134,29,11.0196,0,0,4610,70095325907
36.0276,27.7565,7.92683,14.4625,81,80,78,2600,2800,0.479134,29,11.0196,0,0,4610,70123085910
32.4443,30.8221,7.92683,14.4625,81,80,78,2600,2800,0.479134,29,11.0196,0,0,4610,70153909183
37.0324,27.0033,7.92683,14.4625,81,80,78,2600,2800,0.479134,29,11.0196,0,0,4610,70180913586
34.5449,28.9478,7.73956,13.6673,82,72,80,2548,2800,0.479134,33,11.0196,0,0,4580,70209859743
33.1886,30.1308,7.73956,13.6673,82,72,80,2548,2800,0.479134,33,11.0196,0,0,4580,70239995412
32.5975,30.6772,7.73956,13.6673,82,72,80,2548,2800,0.479134,33,11.0196,0,0,4580,70270673384
35.6671,28.037,7.73956,13.6673,82,72,80,2548,2800,0.479134,33,11.0196,0,0,4580,70298710735
37.4691,26.6887,7.73956,13.6673,82,72,80,2548,2800,0.479134,33,11.0196,0,0,4580,70325402874
31.7885,31.4579,7.73956,13.6673,82,72,80,2548,2800,0.479134,33,11.0196,0,0,4580,70356863667
34.4224,29.0508,7.73956,13.6673,82,72,80,2548,2800,0.479134,33,11.0196,0,0,4580,70385917135
40.2115,24.8685,7.73956,13.6673,82,72,80,2548,2800,0.479134,33,11.0196,0,0,4580,70410793915
33.187,30.1322,7.73956,13.6673,82,72,80,2548,2800,0.479134,33,11.0196,0,0,4580,70440919696
32.2601,30.9981,7.73956,13.6673,82,72,80,2548,2800,0.479134,33,11.0196,0,0,4580,70471919097
39.2748,25.4616,7.73956,13.6673,82,72,80,2548,2800,0.479134,33,11.0196,0,0,4580,70497381701
32.8199,30.4693,7.73956,13.6673,82,72,80,2548,2800,0.479134,33,11.0196,0,0,4580,70527856543
33.6702,29.6999,7.73956,13.6673,82,72,80,2548,2800,0.479134,33,11.0196,0,0,4580,70557557430
31.9374,31.3112,7.73956,13.6673,82,72,80,2548,2800,0.479134,33,11.0196,0,0,4580,70588869506
36.2875,27.5577,7.73956,13.6673,82,72,80,2548,2800,0.479134,33,11.0196,0,0,4580,70616426600
33.5299,29.8241,7.73956,13.6673,82,72,80,2548,2800,0.479134,33,11.0196,0,0,4580,70646252240
34.8662,28.6811,7.73956,13.6673,82,72,80,2548,2800,0.479134,33,11.0196,0,0,4580,70674933293
33.7901,29.5945,7.73956,13.6673,82,72,80,2548,2800,0.479134,33,11.0196,0,0,4580,70704533933
33.748,29.6314,10.9639,10.9219,83,71,80,2596,2800,0.478642,31,11.0248,0,0,4167,70734165019
35.1973,28.4113,10.9639,10.9219,83,71,80,2596,2800,0.478642,31,11.0248,0,0,4167,70762575497
35.1115,28.4807,10.9639,10.9219,83,71,80,2596,2800,0.478642,31,11.0248,0,0,4167,70791061195
33.1897,30.1298,10.9639,10.9219,83,71,80,2596,2800,0.478642,31,11.0248,0,0,4167,70821197666
37.2383,26.8541,10.9639,10.9219,83,71,80,2596,2800,0.478642,31,11.0248,0,0,4167,70848053390
37.2111,26.8737,10.9639,10.9219,83,71,80,2596,2800,0.478642,31,11.0248,0,0,4167,70874928832
32.5291,30.7417,10.9639,10.9219,83,71,80,2596,2800,0.478642,31,11.0248,0,0,4167,70905672316
27.955,35.7717,10.9639,10.9219,83,71,80,2596,2800,0.478642,31,11.0248,0,0,4167,70941444138
30.4725,32.8165,10.9639,10.9219,83,71,80,2596,2800,0.478642,31,11.0248,0,0,4167,70974264801
30.2667,33.0396,10.9639,10.9219,83,71,80,2596,2800,0.478642,31,11.0248,0,0,4167,71007305744
30.5694,32.7125,10.9639,10.9219,83,71,80,2596,2800,0.478642,31,11.0248,0,0,4167,71040020198
30.2971,33.0065,10.9639,10.9219,83,71,80,2596,2800,0.478642,31,11.0248,0,0,4167,71073026948
30.8246,32.4416,10.9639,10.9219,83,71,80,2596,2800,0.478642,31,11.0248,0,0,4167,71105473792
30.5261,32.7589,10.9639,10.9219,83,71,80,2596,2800,0.478642,31,11.0248,0,0,4167,71138230595
31.0213,32.236,10.9639,10.9219,83,71,80,2596,2800,0.478642,31,11.0248,0,0,4167,71170471746
28.1206,35.5612,10.9639,10.9219,83,71,80,2596,2800,0.478642,31,11.0248,0,0,4167,71206043364
24.4684,40.869,11.5144,15.1915,83,73,79,2600,2800,0.478642,38,11.0181,0,0,4264,71246902406
32.2186,31.038,11.5144,15.1915,83,73,79,2600,2800,0.478642,38,11.0181,0,0,4264,71277946862
29.8347,33.518,11.5144,15.1915,83,73,79,2600,2800,0.478642,38,11.0181,0,0,4264,71311463423
29.6241,33.7563,11.5144,15.1915,83,73,79,2600,2800,0.478642,38,11.0181,0,0,4264,71345220354
30.556,32.7268,11.5144,15.1915,83,73,79,2600,2800,0.478642,38,11.0181,0,0,4264,71377955156
31.6121,31.6335,11.5144,15.1915,83,73,79,2600,2800,0.478642,38,11.0181,0,0,4264,71409587359
29.8762,33.4714,11.5144,15.1915,83,73,79,2600,2800,0.478642,38,11.0181,0,0,4264,71443060309
30.1664,33.1494,11.5144,15.1915,83,73,79,2600,2800,0.478642,38,11.0181,0,0,4264,71476209635
29.8295,33.5238,11.5144,15.1915,83,73,79,2600,2800,0.478642,38,11.0181,0,0,4264,71509733711
29.2482,34.1901,11.5144,15.1915,83,73,79,2600,2800,0.478642,38,11.0181,0,0,4264,71543926826
29.1155,34.346,11.5144,15.1915,83,73,79,2600,2800,0.478642,38,11.0181,0,0,4264,71578277475
29.5506,33.8403,11.5144,15.1915,83,73,79,2600,2800,0.478642,38,11.0181,0,0,4264,71612124243
30.185,33.1291,11.5144,15.1915,83,73,79,2600,2800,0.478642,38,11.0181,0,0,4264,71645250917
30.3592,32.939,11.5144,15.1915,83,73,79,2600,2800,0.478642,38,11.0181,0,0,4264,71678191022
30.4777,32.8109,11.5144,15.1915,83,73,79,2600,2800,0.478642,38,11.0181,0,0,4264,71711006846
31.6089,31.6367,11.5672,14.3493,83,81,79,2600,2800,0.478642,39,11.0175,0,0,4613,71742644599
30.2029,33.1094,11.5672,14.3493,83,81,79,2600,2800,0.478642,39,11.0175,0,0,4613,71775752708
30.7292,32.5423,11.5672,14.3493,83,81,79,2600,2800,0.478642,39,11.0175,0,0,4613,71808297265
30.1289,33.1907,11.5672,14.3493,83,81,79,2600,2800,0.478642,39,11.0175,0,0,4613,71841487858
30.7243,32.5476,11.5672,14.3493,83,81,79,2600,2800,0.478642,39,11.0175,0,0,4613,71874040159
30.5716,32.7101,11.5672,14.3493,83,81,79,2600,2800,0.478642,39,11.0175,0,0,4613,71906748813
29.2796,34.1534,11.5672,14.3493,83,81,79,2600,2800,0.478642,39,11.0175,0,0,4613,71940903957
29.5341,33.8592,11.5672,14.3493,83,81,79,2600,2800,0.478642,39,11.0175,0,0,4613,71974766855
29.5686,33.8197,11.5672,14.3493,83,81,79,2600,2800,0.478642,39,11.0175,0,0,4613,72008585651
31.0716,32.1838,11.5672,14.3493,83,81,79,2600,2800,0.478642,39,11.0175,0,0,4613,72040769234
28.8539,34.6573,11.5672,14.3493,83,81,79,2600,2800,0.478642,39,11.0175,0,0,4613,72075428559
31.5027,31.7434,11.5672,14.3493,83,81,79,2600,2800,0.478642,39,11.0175,0,0,4613,72107173543
29.2346,34.206,11.5672,14.3493,83,81,79,2600,2800,0.478642,39,11.0175,0,0,4613,72141383730
29.8607,33.4888,11.5672,14.3493,83,81,79,2600,2800,0.478642,39,11.0175,0,0,4613,72174872620
31.1044,32.1498,11.5672,14.3493,83,81,79,2600,2800,0.478642,39,11.0175,0,0,4613,72207022450
31.67,31.5756,11.5672,14.3493,83,81,79,2600,2800,0.478642,39,11.0175,0,0,4613,72238604118
32.2623,30.996,8.59189,14.0129,83,75,80,2600,2800,0.478642,37,11.0164,0,0,4610,72269596457
30.5013,32.7855,8.59189,14.0129,83,75,80,2600,2800,0.478642,37,11.0164,0,0,4610,72302382334
32.5164,30.7537,8.59189,14.0129,83,75,80,2600,2800,0.478642,37,11.0164,0,0,4610,72333137239
30.6214,32.6569,8.59189,14.0129,83,75,80,2600,2800,0.478642,37,11.0164,0,0,4610,72365800287
33.2278,30.0953,8.59189,14.0129,83,75,80,2600,2800,0.478642,37,11.0164,0,0,4610,72395893217
31.8636,31.3838,8.59189,14.0129,83,75,80,2600,2800,0.478642,37,11.0164,0,0,4610,72427278839
31.9374,31.3112,8.59189,14.0129,83,75,80,2600,2800,0.478642,37,11.0164,0,0,4610,72458592207
29.5147,33.8814,8.59189,14.0129,83,75,80,2600,2800,0.478642,37,11.0164,0,0,4610,72492476977
31.0983,32.1561,8.59189,14.0129,83,75,80,2600,2800,0.478642,37,11.0164,0,0,4610,72524633098
30.6541,32.6221,8.59189,14.0129,83,75,80,2600,2800,0.478642,37,11.0164,0,0,4610,72557288542
32.0399,31.2111,8.59189,14.0129,83,75,80,2600,2800,0.478642,37,11.0164,0,0,4610,72588469673
31.4524,31.7941,8.59189,14.0129,83,75,80,2600,2800,0.478642,37,11.0164,0,0,4610,72620266043
33.1194,30.1938,8.59189,14.0129,83,75,80,2600,2800,0.478642,37,11.0164,0,0,4610,72650462235
31.4412,31.8054,8.59189,14.0129,83,75,80,2600,2800,0.478642,37,11.0164,0,0,4610,72682268232
32.0001,31.2499,8.59189,14.0129,83,75,80,2600,2800,0.478642,37,11.0164,0,0,4610,72713517410
30.5608,32.7216,8.59189,14.0129,83,75,80,2600,2800,0.478642,37,11.0164,0,0,4610,72746249858
31.2158,32.0351,11.8812,14.5581,83,74,80,2600,2800,0.478642,38,11.0271,0,0,4562,72778285915
28.4668,35.1287,11.8812,14.5581,83,74,80,2600,2800,0.478642,38,11.0271,0,0,4562,72813410359
34.003,29.4092,11.8812,14.5581,83,74,80,2600,2800,0.478642,38,11.0271,0,0,4562,72842820694
29.8674,33.4813,11.8812,14.5581,83,74,80,2600,2800,0.478642,38,11.0271,0,0,4562,72876302220
28.4392,35.1628,11.8812,14.5581,83,74,80,2600,2800,0.478642,38,11.0271,0,0,4562,72911470356
28.8776,34.6289,11.8812,14.5581,83,74,80,2600,2800,0.478642,38,11.0271,0,0,4562,72946099735
28.6938,34.8508,11.8812,14.5581,83,74,80,2600,2800,0.478642,38,11.0271,0,0,4562,72980952161
31.0571,32.1988,11.8812,14.5581,83,74,80,2600,2800,0.478642,38,11.0271,0,0,4562,73013150010
30.9142,32.3476,11.8812,14.5581,83,74,80,2600,2800,0.478642,38,11.0271,0,0,4562,73045500675
31.9287,31.3197,11.8812,14.5581,83,74,80,2600,2800,0.478642,38,11.0271,0,0,4562,73076822198
30.0044,33.3285,11.8812,14.5581,83,74,80,2600,2800,0.478642,38,11.0271,0,0,4562,73110153504
30.6582,32.6177,11.8812,14.5581,83,74,80,2600,2800,0.478642,38,11.0271,0,0,4562,73142770576
30.6302,32.6475,11.8812,14.5581,83,74,80,2600,2800,0.478642,38,11.0271,0,0,4562,73175421542
30.6197,32.6587,11.8812,14.5581,83,74,80,2600,2800,0.478642,38,11.0271,0,0,4562,73208080853
30.0796,33.2451,11.8812,14.5581,83,74,80,2600,2800,0.478642,38,11.0271,0,0,4562,73241330306
28.8688,34.6395,11.8812,14.5581,83,74,80,2600,2800,0.478642,38,11.0271,0,0,4562,73275970445
30.5776,32.7037,9.00474,15.8114,83,74,80,2585,2800,0.478642,36,11.0403,0,0,4564,73308675151
31.0286,32.2283,9.00474,15.8114,83,74,80,2585,2800,0.478642,36,11.0403,0,0,4564,73340902285
31.103,32.1512,9.00474,15.8114,83,74,80,2585,2800,0.478642,36,11.0403,0,0,4564,73373059168
30.7275,32.5441,9.00474,15.8114,83,74,80,2585,2800,0.478642,36,11.0403,0,0,4564,73405602503
33.3838,29.9547,9.00474,15.8114,83,74,80,2585,2800,0.478642,36,11.0403,0,0,4564,73435561251
31.5421,31.7037,9.00474,15.8114,83,74,80,2585,2800,0.478642,36,11.0403,0,0,4564,73467266521
30.6533,32.6229,9.00474,15.8114,83,74,80,2585,2800,0.478642,36,11.0403,0,0,4564,73499887941
30.6453,32.6314,9.00474,15.8114,83,74,80,2585,2800,0.478642,36,11.0403,0,0,4564,73532523748
31.35,31.8979,9.00474,15.8114,83,74,80,2585,2800,0.478642,36,11.0403,0,0,4564,73564424483
30.3306,32.97,9.00474,15.8114,83,74,80,2585,2800,0.478642,36,11.0403,0,0,4564,73597392470
30.4785,32.81,9.00474,15.8114,83,74,80,2585,2800,0.478642,36,11.0403,0,0,4564,73630208103
29.521,33.8742,9.00474,15.8114,83,74,80,2585,2800,0.478642,36,11.0403,0,0,4564,73664081050
28.6011,34.9637,9.00474,15.8114,83,74,80,2585,2800,0.478642,36,11.0403,0,0,4564,73699045375
26.7198,37.4255,9.00474,15.8114,83,74,80,2585,2800,0.478642,36,11.0403,0,0,4564,73736471918
28.1969,35.4648,9.00474,15.8114,83,74,80,2585,2800,0.478642,36,11.0403,0,0,4564,73771937939
24.6921,40.4988,9.00474,15.8114,83,74,80,2585,2800,0.478642,36,11.0403,0,0,4564,73812442900
28.6185,34.9424,7.89164,12.9689,84,79,81,2600,2800,0.478642,39,11.0411,0,0,4572,73847385855
28.1183,35.5641,7.89164,12.9689,84,79,81,2600,2800,0.478642,39,11.0411,0,0,4572,73882947966
28.5704,35.0013,7.89164,12.9689,84,79,81,2600,2800,0.478642,39,11.0411,0,0,4572,73917951023
27.141,36.8447,7.89164,12.9689,84,79,81,2600,2800,0.478642,39,11.0411,0,0,4572,73954796921
27.0445,36.9761,7.89164,12.9689,84,79,81,2600,2800,0.478642,39,11.0411,0,0,4572,73991776649
28.4631,35.1332,7.89164,12.9689,84,79,81,2600,2800,0.478642,39,11.0411,0,0,4572,74026909599
28.1209,35.5607,7.89164,12.9689,84,79,81,2600,2800,0.478642,39,11.0411,0,0,4572,74062473584
27.6796,36.1277,7.89164,12.9689,84,79,81,2600,2800,0.478642,39,11.0411,0,0,4572,74098603355
27.6942,36.1086,7.89164,12.9689,84,79,81,2600,2800,0.478642,39,11.0411,0,0,4572,74134715433
28.1954,35.4668,7.89164,12.9689,84,79,81,2600,2800,0.478642,39,11.0411,0,0,4572,74170182166
26.3189,37.9955,7.89164,12.9689,84,79,81,2600,2800,0.478642,39,11.0411,0,0,4572,74208178191
27.183,36.7877,7.89164,12.9689,84,79,81,2600,2800,0.478642,39,11.0411,0,0,4572,74244968897
26.1739,38.206,7.89164,12.9689,84,79,81,2600,2800,0.478642,39,11.0411,0,0,4572,74283173492
29.1724,34.279,7.89164,12.9689,84,79,81,2600,2800,0.478642,39,11.0411,0,0,4572,74317456955
28.3665,35.2529,8.86392,13.3189,83,74,81,2600,2800,0.478642,36,11.0414,0,0,4574,74352712634
25.8985,38.6123,8.86392,13.3189,83,74,81,2600,2800,0.478642,36,11.0414,0,0,4574,74391323288
29.2366,34.2037,8.86392,13.3189,83,74,81,2600,2800,0.478642,36,11.0414,0,0,4574,74425531491
28.4965,35.092,8.86392,13.3189,83,74,81,2600,2800,0.478642,36,11.0414,0,0,4574,74460622101
27.7965,35.9758,8.86392,13.3189,83,74,81,2600,2800,0.478642,36,11.0414,0,0,4574,74496598777
27.4075,36.4864,8.86392,13.3189,83,74,81,2600,2800,0.478642,36,11.0414,0,0,4574,74533085975
28.025,35.6824,8.86392,13.3189,83,74,81,2600,2800,0.478642,36,11.0414,0,0,4574,74568769583
26.4279,37.8388,8.86392,13.3189,83,74,81,2600,2800,0.478642,36,11.0414,0,0,4574,74606610719
23.1675,43.1639,8.86392,13.3189,83,74,81,2600,2800,0.478642,36,11.0414,0,0,4574,74649780055
28.1699,35.4989,8.86392,13.3189,83,74,81,2600,2800,0.478642,36,11.0414,0,0,4574,74685276754
26.1977,38.1713,8.86392,13.3189,83,74,81,2600,2800,0.478642,36,11.0414,0,0,4574,74723452214
25.647,38.9909,8.86392,13.3189,83,74,81,2600,2800,0.478642,36,11.0414,0,0,4574,74762448367
26.371,37.9205,8.86392,13.3189,83,74,81,2600,2800,0.478642,36,11.0414,0,0,4574,74800366969
28.1622,35.5086,8.86392,13.3189,83,74,81,2600,2800,0.478642,36,11.0414,0,0,4574,74835883945
28.4867,35.1041,14.0948,11.6035,83,74,80,2599,2800,0.478642,37,11.0531,0,0,4610,74870983042
25.105,39.8326,14.0948,11.6035,83,74,80,2599,2800,0.478642,37,11.0531,0,0,4610,74910815126
27.2846,36.6508,14.0948,11.6035,83,74,80,2599,2800,0.478642,37,11.0531,0,0,4610,74947467673
27.6512,36.1648,14.0948,11.6035,83,74,80,2599,2800,0.478642,37,11.0531,0,0,4610,74983636427
28.4399,35.1618,14.0948,11.6035,83,74,80,2599,2800,0.478642,37,11.0531,0,0,4610,75018826253
27.5892,36.2461,14.0948,11.6035,83,74,80,2599,2800,0.478642,37,11.0531,0,0,4610,75055073273
26.8962,37.18,14.0948,11.6035,83,74,80,2599,2800,0.478642,37,11.0531,0,0,4610,75092257092
27.6539,36.1613,14.0948,11.6035,83,74,80,2599,2800,0.478642,37,11.0531,0,0,4610,75128417059
26.9692,37.0793,14.0948,11.6035,83,74,80,2599,2800,0.478642,37,11.0531,0,0,4610,75165500431
26.2396,38.1103,14.0948,11.6035,83,74,80,2599,2800,0.478642,37,11.0531,0,0,4610,75203611642
26.9315,37.1313,14.0948,11.6035,83,74,80,2599,2800,0.478642,37,11.0531,0,0,4610,75240745468
23.7787,42.0545,14.0948,11.6035,83,74,80,2599,2800,0.478642,37,11.0531,0,0,4610,75282799871
28.0335,35.6716,14.0948,11.6035,83,74,80,2599,2800,0.478642,37,11.0531,0,0,4610,75318474272
26.6946,37.4607,14.0948,11.6035,83,74,80,2599,2800,0.478642,37,11.0531,0,0,4610,75355940087
25.3584,39.4347,9.14561,15.0647,82,76,80,2455,2800,0.478642,39,11.051,0,0,4601,75395374048
28.307,35.327,9.14561,15.0647,82,76,80,2455,2800,0.478642,39,11.051,0,0,4601,75430702252
28.3749,35.2424,9.14561,15.0647,82,76,80,2455,2800,0.478642,39,11.051,0,0,4601,75465944416
29.2093,34.2357,9.14561,15.0647,82,76,80,2455,2800,0.478642,39,11.051,0,0,4601,75500184549
28.9741,34.5136,9.14561,15.0647,82,76,80,2455,2800,0.478642,39,11.051,0,0,4601,75534698823
28.7603,34.7701,9.14561,15.0647,82,76,80,2455,2800,0.478642,39,11.051,0,0,4601,75569468725
26.1069,38.304,9.14561,15.0647,82,76,80,2455,2800,0.478642,39,11.051,0,0,4601,75607776603
29.0381,34.4375,9.14561,15.0647,82,76,80,2455,2800,0.478642,39,11.051,0,0,4601,75642213694
29.4447,33.962,9.14561,15.0647,82,76,80,2455,2800,0.478642,39,11.051,0,0,4601,75676178633
29.7433,33.621,9.14561,15.0647,82,76,80,2455,2800,0.478642,39,11.051,0,0,4601,75709800120
30.1216,33.1987,9.14561,15.0647,82,76,80,2455,2800,0.478642,39,11.051,0,0,4601,75742998538
29.9195,33.423,9.14561,15.0647,82,76,80,2455,2800,0.478642,39,11.051,0,0,4601,75776426194
30.3298,32.9709,9.14561,15.0647,82,76,80,2455,2800,0.478642,39,11.051,0,0,4601,75809398299
30.0033,33.3296,9.14561,15.0647,82,76,80,2455,2800,0.478642,39,11.051,0,0,4601,75842729344
30.1525,33.1648,9.14561,15.0647,82,76,80,2455,2800,0.478642,39,11.051,0,0,4601,75875905180
29.3285,34.0966,7.65492,13.0262,82,80,81,2593,2800,0.478642,36,11.0549,0,0,4571,75909997035
30.2904,33.0138,7.65492,13.0262,82,80,81,2593,2800,0.478642,36,11.0549,0,0,4571,75943012662
28.498,35.0902,7.65492,13.0262,82,80,81,2593,2800,0.478642,36,11.0549,0,0,4571,75978106098
29.9314,33.4098,7.65492,13.0262,82,80,81,2593,2800,0.478642,36,11.0549,0,0,4571,76011518705
30.3654,32.9322,7.65492,13.0262,82,80,81,2593,2800,0.478642,36,11.0549,0,0,4571,76044451677
30.0193,33.3119,7.65492,13.0262,82,80,81,2593,2800,0.478642,36,11.0549,0,0,4571,76077767695
30.1316,33.1878,7.65492,13.0262,82,80,81,2593,2800,0.478642,36,11.0549,0,0,4571,76110957376
29.9897,33.3448,7.65492,13.0262,82,80,81,2593,2800,0.478642,36,11.0549,0,0,4571,76144307126
31.2338,32.0165,7.65492,13.0262,82,80,81,2593,2800,0.478642,36,11.0549,0,0,4571,76176323978
28.5076,35.0784,7.65492,13.0262,82,80,81,2593,2800,0.478642,36,11.0549,0,0,4571,76211403778
30.1988,33.1139,7.65492,13.0262,82,80,81,2593,2800,0.478642,36,11.0549,0,0,4571,76244523389
29.6882,33.6834,7.65492,13.0262,82,80,81,2593,2800,0.478642,36,11.0549,0,0,4571,76278206050
28.0608,35.637,7.65492,13.0262,82,80,81,2593,2800,0.478642,36,11.0549,0,0,4571,76313844955
29.9742,33.362,7.65492,13.0262,82,80,81,2593,2800,0.478642,36,11.0549,0,0,4571,76347211667
30.1144,33.2067,7.65492,13.0262,82,80,81,2593,2800,0.478642,36,11.0549,0,0,4571,76380423369
28.7559,34.7754,7.86517,13.8847,82,75,83,2542,2800,0.478642,33,11.0554,0,0,4590,76415196307
29.0233,34.4551,7.86517,13.8847,82,75,83,2542,2800,0.478642,33,11.0554,0,0,4590,76449649908
27.9222,35.8137,7.86517,13.8847,82,75,83,2542,2800,0.478642,33,11.0554,0,0,4590,76485466354
28.9868,34.4985,7.86517,13.8847,82,75,83,2542,2800,0.478642,33,11.0554,0,0,4590,76519969047
26.139,38.2571,7.86517,13.8847,82,75,83,2542,2800,0.478642,33,11.0554,0,0,4590,76558225199
29.5153,33.8808,7.86517,13.8847,82,75,83,2542,2800,0.478642,33,11.0554,0,0,4590,76592110509
30.1935,33.1197,7.86517,13.8847,82,75,83,2542,2800,0.478642,33,11.0554,0,0,4590,76625231372
29.3545,34.0664,7.86517,13.8847,82,75,83,2542,2800,0.478642,33,11.0554,0,0,4590,76659300054
30.2426,33.0659,7.86517,13.8847,82,75,83,2542,2800,0.478642,33,11.0554,0,0,4590,76692368529
29.72,33.6474,7.86517,13.8847,82,75,83,2542,2800,0.478642,33,11.0554,0,0,4590,76726015414
28.1568,35.5154,7.86517,13.8847,82,75,83,2542,2800,0.478642,33,11.0554,0,0,4590,76761530618
30.1935,33.1197,7.86517,13.8847,82,75,83,2542,2800,0.478642,33,11.0554,0,0,4590,76794655007
29.4614,33.9427,7.86517,13.8847,82,75,83,2542,2800,0.478642,33,11.0554,0,0,4590,76828600069
32.4973,30.7718,7.86517,13.8847,82,75,83,2542,2800,0.478642,33,11.0554,0,0,4590,76859373238
31.7235,31.5224,7.86517,13.8847,82,75,83,2542,2800,0.478642,33,11.0554,0,0,4590,76890901527
34.2349,29.21,13.2099,11.654,84,74,83,2553,2800,0.478642,33,11.05,0,0,4574,76920107360
26.7088,37.4408,13.2099,11.654,84,74,83,2553,2800,0.478642,33,11.05,0,0,4574,76957549582
29.3589,34.0612,13.2099,11.654,84,74,83,2553,2800,0.478642,33,11.05,0,0,4574,76991615209
32.9014,30.3938,13.2099,11.654,84,74,83,2553,2800,0.478642,33,11.05,0,0,4574,77022010142
27.3819,36.5205,13.2099,11.654,84,74,83,2553,2800,0.478642,33,11.05,0,0,4574,77058531344
29.0735,34.3956,13.2099,11.654,84,74,83,2553,2800,0.478642,33,11.05,0,0,4574,77092927468
27.1636,36.8139,13.2099,11.654,84,74,83,2553,2800,0.478642,33,11.05,0,0,4574,77129742308
28.632,34.926,13.2099,11.654,84,74,83,2553,2800,0.478642,33,11.05,0,0,4574,77164671367
31.3732,31.8744,13.2099,11.654,84,74,83,2553,2800,0.478642,33,11.05,0,0,4574,77196548768
30.1392,33.1794,13.2099,11.654,84,74,83,2553,2800,0.478642,33,11.05,0,0,4574,77229729032
26.9365,37.1243,13.2099,11.654,84,74,83,2553,2800,0.478642,33,11.05,0,0,4574,77266859812
29.7558,33.6069,13.2099,11.654,84,74,83,2553,2800,0.478642,33,11.05,0,0,4574,77300465350
30.7477,32.5228,13.2099,11.654,84,74,83,2553,2800,0.478642,33,11.05,0,0,4574,77332989719
31.7168,31.529,13.2099,11.654,84,74,83,2553,2800,0.478642,33,11.05,0,0,4574,77364521124
30.9227,32.3387,13.2099,11.654,84,74,83,2553,2800,0.478642,33,11.05,0,0,4574,77396870817
30.9336,32.3273,12.1402,12.3478,84,75,82,800,2800,0.478642,34,11.0219,0,0,4609,77429193329
31.0799,32.1751,12.1402,12.3478,84,75,82,800,2800,0.478642,34,11.0219,0,0,4609,77461372343
30.6964,32.5772,12.1402,12.3478,84,75,82,800,2800,0.478642,34,11.0219,0,0,4609,77493949140
30.3345,32.9658,12.1402,12.3478,84,75,82,800,2800,0.478642,34,11.0219,0,0,4609,77526917418
31.7301,31.5158,12.1402,12.3478,84,75,82,800,2800,0.478642,34,11.0219,0,0,4609,77558436470
30.9717,32.2876,12.1402,12.3478,84,75,82,800,2800,0.478642,34,11.0219,0,0,4609,77590722213
30.0154,33.3162,12.1402,12.3478,84,75,82,800,2800,0.478642,34,11.0219,0,0,4609,77624041046
31.7612,31.485,12.1402,12.3478,84,75,82,800,2800,0.478642,34,11.0219,0,0,4609,77655527056
31.6778,31.5678,12.1402,12.3478,84,75,82,800,2800,0.478642,34,11.0219,0,0,4609,77687097023
31.6475,31.5981,12.1402,12.3478,84,75,82,800,2800,0.478642,34,11.0219,0,0,4609,77718698199
33.995,29.4161,12.1402,12.3478,84,75,82,800,2800,0.478642,34,11.0219,0,0,4609,77748117460
30.3155,32.9864,12.1402,12.3478,84,75,82,800,2800,0.478642,34,11.0219,0,0,4609,77781102559
31.1538,32.0988,12.1402,12.3478,84,75,82,800,2800,0.478642,34,11.0219,0,0,4609,77813202866
30.8965,32.3661,12.1402,12.3478,84,75,82,800,2800,0.478642,34,11.0219,0,0,4609,77845571214
31.466,31.7803,12.1402,12.3478,84,75,82,800,2800,0.478642,34,11.0219,0,0,4609,77877358126
31.3322,31.9161,12.1402,12.3478,84,75,82,800,2800,0.478642,34,11.0219,0,0,4609,77909276283
31.0157,32.2417,7.48466,12.1277,83,80,82,2526,2800,0.478642,34,11.0027,0,0,4586,77941516903
30.2917,33.0123,7.48466,12.1277,83,80,82,2526,2800,0.478642,34,11.0027,0,0,4586,77974533441
31.1113,32.1427,7.48466,12.1277,83,80,82,2526,2800,0.478642,34,11.0027,0,0,4586,78006677510
30.0353,33.2942,7.48466,12.1277,83,80,82,2526,2800,0.478642,34,11.0027,0,0,4586,78039974532
30.3264,32.9746,7.48466,12.1277,83,80,82,2526,2800,0.478642,34,11.0027,0,0,4586,78072951095
31.487,31.7592,7.48466,12.1277,83,80,82,2526,2800,0.478642,34,11.0027,0,0,4586,78104707660
32.5185,30.7517,7.48466,12.1277,83,80,82,2526,2800,0.478642,34,11.0027,0,0,4586,78135464539
33.2158,30.1062,7.48466,12.1277,83,80,82,2526,2800,0.478642,34,11.0027,0,0,4586,78165572637
32.1778,31.0774,7.48466,12.1277,83,80,82,2526,2800,0.478642,34,11.0027,0,0,4586,78196654292
32.0034,31.2467,7.48466,12.1277,83,80,82,2526,2800,0.478642,34,11.0027,0,0,4586,78227901546
31.066,32.1896,7.48466,12.1277,83,80,82,2526,2800,0.478642,34,11.0027,0,0,4586,78260090429
31.1257,32.1278,7.48466,12.1277,83,80,82,2526,2800,0.478642,34,11.0027,0,0,4586,78292222385
20.1456,49.6386,7.48466,12.1277,83,80,82,2526,2800,0.478642,34,11.0027,0,0,4586,78341861721
31.1313,32.122,7.48466,12.1277,83,80,82,2526,2800,0.478642,34,11.0027,0,0,4586,78373983950
29.119,34.3418,7.48466,12.1277,83,80,82,2526,2800,0.478642,34,11.0027,0,0,4586,78408329008
30.1856,33.1284,7.48466,12.1277,83,80,82,2526,2800,0.478642,34,11.0027,0,0,4586,78441466372
30.7346,32.5366,8.04734,14.3746,83,78,84,2493,2800,0.478642,38,11.0012,0,0,4588,78473995550
29.1912,34.2569,8.04734,14.3746,83,78,84,2493,2800,0.478642,38,11.0012,0,0,4588,78508257012
28.8983,34.6042,8.04734,14.3746,83,78,84,2493,2800,0.478642,38,11.0012,0,0,4588,78542862217
28.0705,35.6246,8.04734,14.3746,83,78,84,2493,2800,0.478642,38,11.0012,0,0,4588,78578487807
29.1738,34.2774,8.04734,14.3746,83,78,84,2493,2800,0.478642,38,11.0012,0,0,4588,78612770198
28.7247,34.8133,8.04734,14.3746,83,78,84,2493,2800,0.478642,38,11.0012,0,0,4588,78647582098
27.3563,36.5546,8.04734,14.3746,83,78,84,2493,2800,0.478642,38,11.0012,0,0,4588,78684137234
30.007,33.3255,8.04734,14.3746,83,78,84,2493,2800,0.478642,38,11.0012,0,0,4588,78717464662
28.7194,34.8197,8.04734,14.3746,83,78,84,2493,2800,0.478642,38,11.0012,0,0,4588,78752285159
30.8564,32.4082,8.04734,14.3746,83,78,84,2493,2800,0.478642,38,11.0012,0,0,4588,78784694874
29.7638,33.5978,8.04734,14.3746,83,78,84,2493,2800,0.478642,38,11.0012,0,0,4588,78818297005
30.95,32.3102,8.04734,14.3746,83,78,84,2493,2800,0.478642,38,11.0012,0,0,4588,78850606683
32.2475,31.0102,8.04734,14.3746,83,78,84,2493,2800,0.478642,38,11.0012,0,0,4588,78881617276
30.7509,32.5194,8.04734,14.3746,83,78,84,2493,2800,0.478642,38,11.0012,0,0,4588,78914138489
30.2223,33.0881,8.04734,14.3746,83,78,84,2493,2800,0.478642,38,11.0012,0,0,4588,78947232151
29.3919,34.0229,14.1264,12.6141,83,74,83,2565,2800,0.478642,38,10.9956,0,0,4581,78981256240
30.6316,32.6461,14.1264,12.6141,83,74,83,2565,2800,0.478642,38,10.9956,0,0,4581,79013905012
33.3435,29.9908,14.1264,12.6141,83,74,83,2565,2800,0.478642,38,10.9956,0,0,4581,79043896662
32.101,31.1517,14.1264,12.6141,83,74,83,2565,2800,0.478642,38,10.9956,0,0,4581,79075048709
31.6409,31.6046,14.1264,12.6141,83,74,83,2565,2800,0.478642,38,10.9956,0,0,4581,79106652389
34.8403,28.7024,14.1264,12.6141,83,74,83,2565,2800,0.478642,38,10.9956,0,0,4581,79135360211
31.2872,31.962,14.1264,12.6141,83,74,83,2565,2800,0.478642,38,10.9956,0,0,4581,79167323483
31.4181,31.8288,14.1264,12.6141,83,74,83,2565,2800,0.478642,38,10.9956,0,0,4581,79199153205
32.2056,31.0505,14.1264,12.6141,83,74,83,2565,2800,0.478642,38,10.9956,0,0,4581,79230203471
30.7971,32.4706,14.1264,12.6141,83,74,83,2565,2800,0.478642,38,10.9956,0,0,4581,79262676334
33.3953,29.9443,14.1264,12.6141,83,74,83,2565,2800,0.478642,38,10.9956,0,0,4581,79292623141
32.0376,31.2134,14.1264,12.6141,83,74,83,2565,2800,0.478642,38,10.9956,0,0,4581,79323835340
33.0258,30.2794,14.1264,12.6141,83,74,83,2565,2800,0.478642,38,10.9956,0,0,4581,79354119245
30.3752,32.9216,14.1264,12.6141,83,74,83,2565,2800,0.478642,38,10.9956,0,0,4581,79387040576
31.5065,31.7395,14.1264,12.6141,83,74,83,2565,2800,0.478642,38,10.9956,0,0,4581,79418781923
30.7805,32.4881,14.1264,12.6141,83,74,83,2565,2800,0.478642,38,10.9956,0,0,4581,79451279301
29.44,33.9674,8.68486,14.9716,83,77,82,2510,2800,0.478642,34,10.9935,0,0,4577,79485243068
28.742,34.7922,8.68486,14.9716,83,77,82,2510,2800,0.478642,34,10.9935,0,0,4577,79520034400
31.6066,31.6389,8.68486,14.9716,83,77,82,2510,2800,0.478642,34,10.9935,0,0,4577,79551673837
31.7993,31.4473,8.68486,14.9716,83,77,82,2510,2800,0.478642,34,10.9935,0,0,4577,79583122607
32.3055,30.9545,8.68486,14.9716,83,77,82,2510,2800,0.478642,34,10.9935,0,0,4577,79614077556
30.567,32.715,8.68486,14.9716,83,77,82,2510,2800,0.478642,34,10.9935,0,0,4577,79646794906
34.5899,28.9101,8.68486,14.9716,83,77,82,2510,2800,0.478642,34,10.9935,0,0,4577,79675705357
32.7294,30.5536,8.68486,14.9716,83,77,82,2510,2800,0.478642,34,10.9935,0,0,4577,79706262853
33.9009,29.4978,8.68486,14.9716,83,77,82,2510,2800,0.478642,34,10.9935,0,0,4577,79735759940
31.7713,31.475,8.68486,14.9716,83,77,82,2510,2800,0.478642,34,10.9935,0,0,4577,79767235290
31.8972,31.3507,8.68486,14.9716,83,77,82,2510,2800,0.478642,34,10.9935,0,0,4577,79798586900
30.5469,32.7366,8.68486,14.9716,83,77,82,2510,2800,0.478642,34,10.9935,0,0,4577,79831324777
32.3236,30.9372,8.68486,14.9716,83,77,82,2510,2800,0.478642,34,10.9935,0,0,4577,79862262063
31.2668,31.9828,8.68486,14.9716,83,77,82,2510,2800,0.478642,34,10.9935,0,0,4577,79894246885
33.8662,29.528,8.68486,14.9716,83,77,82,2510,2800,0.478642,34,10.9935,0,0,4577,79923780389
32.861,30.4313,8.68486,14.9716,83,77,82,2510,2800,0.478642,34,10.9935,0,0,4577,79954213514
31.8786,31.369,8.21918,13.5615,83,81,84,2533,2800,0.478642,38,10.991,0,0,4577,79985580452
31.1575,32.095,8.21918,13.5615,83,81,84,2533,2800,0.478642,38,10.991,0,0,4577,80017676691
31.9133,31.3349,8.21918,13.5615,83,81,84,2533,2800,0.478642,38,10.991,0,0,4577,80049014334
30.596,32.6841,8.21918,13.5615,83,81,84,2533,2800,0.478642,38,10.991,0,0,4577,80081699093
30.8289,32.437,8.21918,13.5615,83,81,84,2533,2800,0.478642,38,10.991,0,0,4577,80114136820
31.7038,31.5419,8.21918,13.5615,83,81,84,2533,2800,0.478642,38,10.991,0,0,4577,80145680899
33.9488,29.4561,8.21918,13.5615,83,81,84,2533,2800,0.478642,38,10.991,0,0,4577,80175138822
30.0064,33.3262,8.21918,13.5615,83,81,84,2533,2800,0.478642,38,10.991,0,0,4577,80208467193
27.1127,36.8831,8.21918,13.5615,83,81,84,2533,2800,0.478642,38,10.991,0,0,4577,80245349659
32.6508,30.6271,8.21918,13.5615,83,81,84,2533,2800,0.478642,38,10.991,0,0,4577,80275980893
29.3606,34.0592,8.21918,13.5615,83,81,84,2533,2800,0.478642,38,10.991,0,0,4577,80310041631
26.4546,37.8005,8.21918,13.5615,83,81,84,2533,2800,0.478642,38,10.991,0,0,4577,80347841661
29.2502,34.1877,8.21918,13.5615,83,81,84,2533,2800,0.478642,38,10.991,0,0,4577,80382029777
29.2673,34.1679,8.21918,13.5615,83,81,84,2533,2800,0.478642,38,10.991,0,0,4577,80416201652
28.9417,34.5522,8.21918,13.5615,83,81,84,2533,2800,0.478642,38,10.991,0,0,4577,80450753176
27.7614,36.0212,8.21918,13.5615,83,81,84,2533,2800,0.478642,38,10.991,0,0,4577,80486779544
22.6953,44.0619,9.74178,10.7967,83,75,83,2592,2800,0.478642,33,10.9899,0,0,4183,80530838681
26.3219,37.9912,9.74178,10.7967,83,75,83,2592,2800,0.478642,33,10.9899,0,0,4183,80568831741
25.9481,38.5385,9.74178,10.7967,83,75,83,2592,2800,0.478642,33,10.9899,0,0,4183,80607370109
23.0901,43.3086,9.74178,10.7967,83,75,83,2592,2800,0.478642,33,10.9899,0,0,4183,80650682521
28.1288,35.5507,9.74178,10.7967,83,75,83,2592,2800,0.478642,33,10.9899,0,0,4183,80686233331
26.4013,37.8769,9.74178,10.7967,83,75,83,2592,2800,0.478642,33,10.9899,0,0,4183,80724111006
26.1285,38.2724,9.74178,10.7967,83,75,83,2592,2800,0.478642,33,10.9899,0,0,4183,80762384159
26.7018,37.4507,9.74178,10.7967,83,75,83,2592,2800,0.478642,33,10.9899,0,0,4183,80799835738
27.3744,36.5304,9.74178,10.7967,83,75,83,2592,2800,0.478642,33,10.9899,0,0,4183,80836367079
28.2499,35.3984,9.74178,10.7967,83,75,83,2592,2800,0.478642,33,10.9899,0,0,4183,80871766116
28.5328,35.0474,9.74178,10.7967,83,75,83,2592,2800,0.478642,33,10.9899,0,0,4183,80906814798
27.0706,36.9405,9.74178,10.7967,83,75,83,2592,2800,0.478642,33,10.9899,0,0,4183,80943756325
26.5168,37.712,9.74178,10.7967,83,75,83,2592,2800,0.478642,33,10.9899,0,0,4183,80981469462
29.2892,34.1422,9.74178,10.7967,83,75,83,2592,2800,0.478642,33,10.9899,0,0,4183,81015614428
29.0602,34.4113,13.658,13.0763,83,75,82,2380,2800,0.478642,38,11.0058,0,0,4572,81050026261
27.9277,35.8068,13.658,13.0763,83,75,82,2380,2800,0.478642,38,11.0058,0,0,4572,81085833820
29.1995,34.2471,13.658,13.0763,83,75,82,2380,2800,0.478642,38,11.0058,0,0,4572,81120082258
28.1229,35.5582,13.658,13.0763,83,75,82,2380,2800,0.478642,38,11.0058,0,0,4572,81155642065
28.9131,34.5864,13.658,13.0763,83,75,82,2380,2800,0.478642,38,11.0058,0,0,4572,81190229557
27.0224,37.0063,13.658,13.0763,83,75,82,2380,2800,0.478642,38,11.0058,0,0,4572,81227237517
27.8704,35.8804,13.658,13.0763,83,75,82,2380,2800,0.478642,38,11.0058,0,0,4572,81263118794
27.2968,36.6343,13.658,13.0763,83,75,82,2380,2800,0.478642,38,11.0058,0,0,4572,81299754150
27.3916,36.5075,13.658,13.0763,83,75,82,2380,2800,0.478642,38,11.0058,0,0,4572,81336262487
27.2124,36.7479,13.658,13.0763,83,75,82,2380,2800,0.478642,38,11.0058,0,0,4572,81373011535
28.159,35.5126,13.658,13.0763,83,75,82,2380,2800,0.478642,38,11.0058,0,0,4572,81408524995
24.7338,40.4305,13.658,13.0763,83,75,82,2380,2800,0.478642,38,11.0058,0,0,4572,81448956238
27.8981,35.8447,13.658,13.0763,83,75,82,2380,2800,0.478642,38,11.0058,0,0,4572,81484802369
26.814,37.294,13.658,13.0763,83,75,82,2380,2800,0.478642,38,11.0058,0,0,4572,81522100652
26.5289,37.6948,8.20895,13.2119,82,79,82,2600,2800,0.478642,33,11.0017,0,0,4587,81559792329
26.6248,37.5589,8.20895,13.2119,82,79,82,2600,2800,0.478642,33,11.0017,0,0,4587,81597352030
27.3549,36.5565,8.20895,13.2119,82,79,82,2600,2800,0.478642,33,11.0017,0,0,4587,81633909670
27.248,36.6999,8.20895,13.2119,82,79,82,2600,2800,0.478642,33,11.0017,0,0,4587,81670609886
25.5218,39.1821,8.20895,13.2119,82,79,82,2600,2800,0.478642,33,11.0017,0,0,4587,81709793169
25.3456,39.4546,8.20895,13.2119,82,79,82,2600,2800,0.478642,33,11.0017,0,0,4587,81749248870
25.0807,39.8713,8.20895,13.2119,82,79,82,2600,2800,0.478642,33,11.0017,0,0,4587,81789121229
24.6158,40.6243,8.20895,13.2119,82,79,82,2600,2800,0.478642,33,11.0017,0,0,4587,81829746855
26.609,37.5813,8.20895,13.2119,82,79,82,2600,2800,0.478642,33,11.0017,0,0,4587,81867328858
25.8029,38.7553,8.20895,13.2119,82,79,82,2600,2800,0.478642,33,11.0017,0,0,4587,81906084812
23.3255,42.8715,8.20895,13.2119,82,79,82,2600,2800,0.478642,33,11.0017,0,0,4587,81948958055
27.3405,36.5757,8.20895,13.2119,82,79,82,2600,2800,0.478642,33,11.0017,0,0,4587,81985533297
26.0878,38.332,8.20895,13.2119,82,79,82,2600,2800,0.478642,33,11.0017,0,0,4587,82023870270
26.6228,37.5618,8.38548,13.9946,82,80,83,800,2800,0.478642,33,11.0052,0,0,4587,82061430742
26.4049,37.8718,8.38548,13.9946,82,80,83,800,2800,0.478642,33,11.0052,0,0,4587,82099303367
26.8428,37.2539,8.38548,13.9946,82,80,83,800,2800,0.478642,33,11.0052,0,0,4587,82136557768
27.3482,36.5655,8.38548,13.9946,82,80,83,800,2800,0.478642,33,11.0052,0,0,4587,82173124405
24.3571,41.0558,8.38548,13.9946,82,80,83,800,2800,0.478642,33,11.0052,0,0,4587,82214182318
27.9203,35.8163,8.38548,13.9946,82,80,83,800,2800,0.478642,33,11.0052,0,0,4587,82249999826
28.2052,35.4544,8.38548,13.9946,82,80,83,800,2800,0.478642,33,11.0052,0,0,4587,82285454456
25.2694,39.5736,8.38548,13.9946,82,80,83,800,2800,0.478642,33,11.0052,0,0,4587,82325030172
27.524,36.332,8.38548,13.9946,82,80,83,800,2800,0.478642,33,11.0052,0,0,4587,82361361880
26.8955,37.181,8.38548,13.9946,82,80,83,800,2800,0.478642,33,11.0052,0,0,4587,82398543996
26.9883,37.053,8.38548,13.9946,82,80,83,800,2800,0.478642,33,11.0052,0,0,4587,82435597531
26.9065,37.1658,8.38548,13.9946,82,80,83,800,2800,0.478642,33,11.0052,0,0,4587,82472765561
24.9616,40.0616,8.38548,13.9946,82,80,83,800,2800,0.478642,33,11.0052,0,0,4587,82512829408
26.2556,38.0871,8.38548,13.9946,82,80,83,800,2800,0.478642,33,11.0052,0,0,4587,82550921874
26.3737,37.9166,8.94988,13.1552,81,77,83,2375,2800,0.478642,34,11.0019,0,0,4141,82588835085
26.4508,37.806,8.94988,13.1552,81,77,83,2375,2800,0.478642,34,11.0019,0,0,4141,82626642638
27.4166,36.4743,8.94988,13.1552,81,77,83,2375,2800,0.478642,34,11.0019,0,0,4141,82663117394
25.0617,39.9015,8.94988,13.1552,81,77,83,2375,2800,0.478642,34,11.0019,0,0,4141,82703019769
26.2312,38.1225,8.94988,13.1552,81,77,83,2375,2800,0.478642,34,11.0019,0,0,4141,82741143643
27.3621,36.5469,8.94988,13.1552,81,77,83,2375,2800,0.478642,34,11.0019,0,0,4141,82777691505
24.6335,40.5951,8.94988,13.1552,81,77,83,2375,2800,0.478642,34,11.0019,0,0,4141,82818287275
26.6019,37.5912,8.94988,13.1552,81,77,83,2375,2800,0.478642,34,11.0019,0,0,4141,82855880739
27.6079,36.2215,8.94988,13.1552,81,77,83,2375,2800,0.478642,34,11.0019,0,0,4141,82892102181
27.826,35.9376,8.94988,13.1552,81,77,83,2375,2800,0.478642,34,11.0019,0,0,4141,82928040885
28.2289,35.4247,8.94988,13.1552,81,77,83,2375,2800,0.478642,34,11.0019,0,0,4141,82963467063
28.0536,35.646,8.94988,13.1552,81,77,83,2375,2800,0.478642,34,11.0019,0,0,4141,82999113291
26.4315,37.8336,8.94988,13.1552,81,77,83,2375,2800,0.478642,34,11.0019,0,0,4141,83036948366
27.1211,36.8717,8.94988,13.1552,81,77,83,2375,2800,0.478642,34,11.0019,0,0,4141,83073823629
25.8888,38.6267,10.9639,14.0966,82,76,84,2514,2800,0.479378,28,10.998,0,0,4579,83112449601
28.1449,35.5304,10.9639,14.0966,82,76,84,2514,2800,0.479378,28,10.998,0,0,4579,83147981826
22.8774,43.7112,10.9639,14.0966,82,76,84,2514,2800,0.479378,28,10.998,0,0,4579,83191692833
27.8784,35.87,10.9639,14.0966,82,76,84,2514,2800,0.479378,28,10.998,0,0,4579,83227563540
28.0549,35.6444,10.9639,14.0966,82,76,84,2514,2800,0.479378,28,10.998,0,0,4579,83263210459
27.699,36.1023,10.9639,14.0966,82,76,84,2514,2800,0.479378,28,10.998,0,0,4579,83299313080
25.8676,38.6584,10.9639,14.0966,82,76,84,2514,2800,0.479378,28,10.998,0,0,4579,83337973386
27.2584,36.6859,10.9639,14.0966,82,76,84,2514,2800,0.479378,28,10.998,0,0,4579,83374658774
26.4437,37.8162,10.9639,14.0966,82,76,84,2514,2800,0.479378,28,10.998,0,0,4579,83412476527
27.926,35.8089,10.9639,14.0966,82,76,84,2514,2800,0.479378,28,10.998,0,0,4579,83448287653
27.8414,35.9178,10.9639,14.0966,82,76,84,2514,2800,0.479378,28,10.998,0,0,4579,83484207172
25.2104,39.6662,10.9639,14.0966,82,76,84,2514,2800,0.479378,28,10.998,0,0,4579,83523873486
27.6021,36.2291,10.9639,14.0966,82,76,84,2514,2800,0.479378,28,10.998,0,0,4579,83560102963
27.5484,36.2998,10.9639,14.0966,82,76,84,2514,2800,0.479378,28,10.998,0,0,4579,83596406739
28.2433,35.4066,7.47889,12.9942,83,77,84,2266,2800,0.479378,28,10.9972,0,0,4590,83631812508
26.7668,37.3597,7.47889,12.9942,83,77,84,2266,2800,0.479378,28,10.9972,0,0,4590,83669173348
26.5918,37.6056,7.47889,12.9942,83,77,84,2266,2800,0.479378,28,10.9972,0,0,4590,83706782171
27.2905,36.6428,7.47889,12.9942,83,77,84,2266,2800,0.479378,28,10.9972,0,0,4590,83743424529
25.909,38.5967,7.47889,12.9942,83,77,84,2266,2800,0.479378,28,10.9972,0,0,4590,83782022689
28.3708,35.2475,7.47889,12.9942,83,77,84,2266,2800,0.479378,28,10.9972,0,0,4590,83817271144
26.267,38.0706,7.47889,12.9942,83,77,84,2266,2800,0.479378,28,10.9972,0,0,4590,83855342932
26.1324,38.2667,7.47889,12.9942,83,77,84,2266,2800,0.479378,28,10.9972,0,0,4590,83893610474
27.9843,35.7343,7.47889,12.9942,83,77,84,2266,2800,0.479378,28,10.9972,0,0,4590,83929344847
27.5971,36.2357,7.47889,12.9942,83,77,84,2266,2800,0.479378,28,10.9972,0,0,4590,83965581888
28.6049,34.959,7.47889,12.9942,83,77,84,2266,2800,0.479378,28,10.9972,0,0,4590,84000542486
25.9418,38.5479,7.47889,12.9942,83,77,84,2266,2800,0.479378,28,10.9972,0,0,4590,84039090923
25.1254,39.8004,7.47889,12.9942,83,77,84,2266,2800,0.479378,28,10.9972,0,0,4590,84078892631
26.7783,37.3437,7.47889,12.9942,83,77,84,2266,2800,0.479378,28,10.9972,0,0,4590,84116239134
28.1818,35.4839,7.97101,12.3674,84,80,84,2357,2800,0.479378,28,10.9946,0,0,4580,84151722287
26.0122,38.4435,7.97101,12.3674,84,80,84,2357,2800,0.479378,28,10.9946,0,0,4580,84190169956
27.0446,36.9759,7.97101,12.3674,84,80,84,2357,2800,0.479378,28,10.9946,0,0,4580,84227145136
27.5569,36.2886,7.97101,12.3674,84,80,84,2357,2800,0.479378,28,10.9946,0,0,4580,84263434655
28.0413,35.6616,7.97101,12.3674,84,80,84,2357,2800,0.479378,28,10.9946,0,0,4580,84299096743
27.4853,36.3831,7.97101,12.3674,84,80,84,2357,2800,0.479378,28,10.9946,0,0,4580,84335480518
26.6507,37.5225,7.97101,12.3674,84,80,84,2357,2800,0.479378,28,10.9946,0,0,4580,84373006176
26.5873,37.6119,7.97101,12.3674,84,80,84,2357,2800,0.479378,28,10.9946,0,0,4580,84410618475
21.8935,45.6757,7.97101,12.3674,84,80,84,2357,2800,0.479378,28,10.9946,0,0,4580,84456293448
26.0973,38.3181,7.97101,12.3674,84,80,84,2357,2800,0.479378,28,10.9946,0,0,4580,84494612718
26.6191,37.567,7.97101,12.3674,84,80,84,2357,2800,0.479378,28,10.9946,0,0,4580,84532181095
26.1077,38.3029,7.97101,12.3674,84,80,84,2357,2800,0.479378,28,10.9946,0,0,4580,84570485456
25.0568,39.9093,7.97101,12.3674,84,80,84,2357,2800,0.479378,28,10.9946,0,0,4580,84610394654
25.4365,39.3136,7.97101,12.3674,84,80,84,2357,2800,0.479378,28,10.9946,0,0,4580,84649715143
25.4251,39.3312,10.3651,12.2983,84,75,84,2587,2800,0.479378,33,11.005,0,0,3741,84689042274
24.3663,41.0402,10.3651,12.2983,84,75,84,2587,2800,0.479378,33,11.005,0,0,3741,84730083496
26.2789,38.0533,10.3651,12.2983,84,75,84,2587,2800,0.479378,33,11.005,0,0,3741,84768137189
22.5231,44.399,10.3651,12.2983,84,75,84,2587,2800,0.479378,33,11.005,0,0,3741,84812537242
26.629,37.553,10.3651,12.2983,84,75,84,2587,2800,0.479378,33,11.005,0,0,3741,84850091984
27.2394,36.7116,10.3651,12.2983,84,75,84,2587,2800,0.479378,33,11.005,0,0,3741,84886803491
24.4939,40.8264,10.3651,12.2983,84,75,84,2587,2800,0.479378,33,11.005,0,0,3741,84927632426
25.8289,38.7164,10.3651,12.2983,84,75,84,2587,2800,0.479378,33,11.005,0,0,3741,84966349378
26.2436,38.1045,10.3651,12.2983,84,75,84,2587,2800,0.479378,33,11.005,0,0,3741,85004455690
25.1168,39.814,10.3651,12.2983,84,75,84,2587,2800,0.479378,33,11.005,0,0,3741,85044270241
26.3226,37.9902,10.3651,12.2983,84,75,84,2587,2800,0.479378,33,11.005,0,0,3741,85082261628
27.4116,36.4809,10.3651,12.2983,84,75,84,2587,2800,0.479378,33,11.005,0,0,3741,85118743106
25.355,39.4399,10.3651,12.2983,84,75,84,2587,2800,0.479378,33,11.005,0,0,3741,85158188418
26.806,37.3051,11.3861,13.6639,84,79,84,2363,2800,0.479378,36,11.0075,0,0,4589,85195490798
26.541,37.6775,11.3861,13.6639,84,79,84,2363,2800,0.479378,36,11.0075,0,0,4589,85233171735
27.945,35.7846,11.3861,13.6639,84,79,84,2363,2800,0.479378,36,11.0075,0,0,4589,85268956783
26.4175,37.8537,11.3861,13.6639,84,79,84,2363,2800,0.479378,36,11.0075,0,0,4589,85306810994
24.3386,41.0869,11.3861,13.6639,84,79,84,2363,2800,0.479378,36,11.0075,0,0,4589,85347898311
27.3949,36.5031,11.3861,13.6639,84,79,84,2363,2800,0.479378,36,11.0075,0,0,4589,85384402492
27.2224,36.7344,11.3861,13.6639,84,79,84,2363,2800,0.479378,36,11.0075,0,0,4589,85421137473
25.769,38.8063,11.3861,13.6639,84,79,84,2363,2800,0.479378,36,11.0075,0,0,4589,85459944873
27.4589,36.418,11.3861,13.6639,84,79,84,2363,2800,0.479378,36,11.0075,0,0,4589,85496364726
27.5389,36.3123,11.3861,13.6639,84,79,84,2363,2800,0.479378,36,11.0075,0,0,4589,85532681406
27.3184,36.6054,11.3861,13.6639,84,79,84,2363,2800,0.479378,36,11.0075,0,0,4589,85569286635
24.315,41.1269,11.3861,13.6639,84,79,84,2363,2800,0.479378,36,11.0075,0,0,4589,85610414719
25.38,39.4011,11.3861,13.6639,84,79,84,2363,2800,0.479378,36,11.0075,0,0,4589,85649815497
27.4429,36.4393,11.3861,13.6639,84,79,84,2363,2800,0.479378,36,11.0075,0,0,4589,85686257982
27.7465,36.0405,7.74732,11.5597,84,80,84,2328,2800,0.479378,31,11.0016,0,0,4579,85722297655
26.1718,38.2091,7.74732,11.5597,84,80,84,2328,2800,0.479378,31,11.0016,0,0,4579,85760508271
25.2434,39.6143,7.74732,11.5597,84,80,84,2328,2800,0.479378,31,11.0016,0,0,4579,85800123761
26.932,37.1305,7.74732,11.5597,84,80,84,2328,2800,0.479378,31,11.0016,0,0,4579,85837254491
22.4696,44.5045,7.74732,11.5597,84,80,84,2328,2800,0.479378,31,11.0016,0,0,4579,85881760091
26.667,37.4995,7.74732,11.5597,84,80,84,2328,2800,0.479378,31,11.0016,0,0,4579,85919260451
25.9871,38.4806,7.74732,11.5597,84,80,84,2328,2800,0.479378,31,11.0016,0,0,4579,85957742424
26.6258,37.5576,7.74732,11.5597,84,80,84,2328,2800,0.479378,31,11.0016,0,0,4579,85995300963
27.4341,36.451,7.74732,11.5597,84,80,84,2328,2800,0.479378,31,11.0016,0,0,4579,86031752625
27.5163,36.3421,7.74732,11.5597,84,80,84,2328,2800,0.479378,31,11.0016,0,0,4579,86068096596
26.9478,37.1088,7.74732,11.5597,84,80,84,2328,2800,0.479378,31,11.0016,0,0,4579,86105206377
22.9138,43.6417,7.74732,11.5597,84,80,84,2328,2800,0.479378,31,11.0016,0,0,4579,86148849928
26.7487,37.385,7.74732,11.5597,84,80,84,2328,2800,0.479378,31,11.0016,0,0,4579,86186237097
26.0894,38.3297,7.74732,11.5597,84,80,84,2328,2800,0.479378,31,11.0016,0,0,4579,86224568889
24.1919,41.3361,7.62016,13.1098,84,76,84,2176,2800,0.479378,27,11.0062,0,0,4585,86265903248
26.0016,38.4592,7.62016,13.1098,84,76,84,2176,2800,0.479378,27,11.0062,0,0,4585,86304364703
22.7449,43.9658,7.62016,13.1098,84,76,84,2176,2800,0.479378,27,11.0062,0,0,4585,86348332088
25.6616,38.9687,7.62016,13.1098,84,76,84,2176,2800,0.479378,27,11.0062,0,0,4585,86387300510
24.1536,41.4016,7.62016,13.1098,84,76,84,2176,2800,0.479378,27,11.0062,0,0,4585,86428705541
23.3344,42.8551,7.62016,13.1098,84,76,84,2176,2800,0.479378,27,11.0062,0,0,4585,86471561030
24.123,41.4542,7.62016,13.1098,84,76,84,2176,2800,0.479378,27,11.0062,0,0,4585,86513018408
23.0201,43.4403,7.62016,13.1098,84,76,84,2176,2800,0.479378,27,11.0062,0,0,4585,86556458740
24.1468,41.4134,7.62016,13.1098,84,76,84,2176,2800,0.479378,27,11.0062,0,0,4585,86597874741
18.3383,54.5306,7.62016,13.1098,84,76,84,2176,2800,0.479378,27,11.0062,0,0,4585,86652405400
26.1683,38.2142,7.62016,13.1098,84,76,84,2176,2800,0.479378,27,11.0062,0,0,4585,86690622308
22.3713,44.7002,7.62016,13.1098,84,76,84,2176,2800,0.479378,27,11.0062,0,0,4585,86735326139
24.803,40.3178,12.638,11.0218,83,76,84,2600,2800,0.479378,35,11.0009,0,0,4139,86775642146
22.5058,44.433,12.638,11.0218,83,76,84,2600,2800,0.479378,35,11.0009,0,0,4139,86820078367
25.2678,39.5761,12.638,11.0218,83,76,84,2600,2800,0.479378,35,11.0009,0,0,4139,86859653451
25.492,39.228,12.638,11.0218,83,76,84,2600,2800,0.479378,35,11.0009,0,0,4139,86898885735
26.9133,37.1563,12.638,11.0218,83,76,84,2600,2800,0.479378,35,11.0009,0,0,4139,86936042203
24.6419,40.5812,12.638,11.0218,83,76,84,2600,2800,0.479378,35,11.0009,0,0,4139,86976624257
23.9391,41.7727,12.638,11.0218,83,76,84,2600,2800,0.479378,35,11.0009,0,0,4139,87018400632
26.3497,37.951,12.638,11.0218,83,76,84,2600,2800,0.479378,35,11.0009,0,0,4139,87056351603
25.8246,38.7228,12.638,11.0218,83,76,84,2600,2800,0.479378,35,11.0009,0,0,4139,87095076490
24.8248,40.2822,12.638,11.0218,83,76,84,2600,2800,0.479378,35,11.0009,0,0,4139,87135360387
25.8287,38.7166,12.638,11.0218,83,76,84,2600,2800,0.479378,35,11.0009,0,0,4139,87174077990
24.5278,40.7701,12.638,11.0218,83,76,84,2600,2800,0.479378,35,11.0009,0,0,4139,87214850310
25.8647,38.6628,12.638,11.0218,83,76,84,2600,2800,0.479378,35,11.0009,0,0,4139,87253518831
26.8167,37.2901,9.92736,13.2148,82,79,83,2510,2800,0.479378,34,11.0086,0,0,4554,87290806544
24.6345,40.5935,9.92736,13.2148,82,79,83,2510,2800,0.479378,34,11.0086,0,0,4554,87331399299
25.0494,39.9211,9.92736,13.2148,82,79,83,2510,2800,0.479378,34,11.0086,0,0,4554,87371322693
26.0551,38.3802,9.92736,13.2148,82,79,83,2510,2800,0.479378,34,11.0086,0,0,4554,87409704519
21.6445,46.201,9.92736,13.2148,82,79,83,2510,2800,0.479378,34,11.0086,0,0,4554,87455907028
25.9662,38.5116,9.92736,13.2148,82,79,83,2510,2800,0.479378,34,11.0086,0,0,4554,87494418817
24.3148,41.1271,9.92736,13.2148,82,79,83,2510,2800,0.479378,34,11.0086,0,0,4554,87535549335
25.3055,39.517,9.92736,13.2148,82,79,83,2510,2800,0.479378,34,11.0086,0,0,4554,87575066811
23.8743,41.886,9.92736,13.2148,82,79,83,2510,2800,0.479378,34,11.0086,0,0,4554,87616955505
26.2693,38.0673,9.92736,13.2148,82,79,83,2510,2800,0.479378,34,11.0086,0,0,4554,87655023726
27.053,36.9644,9.92736,13.2148,82,79,83,2510,2800,0.479378,34,11.0086,0,0,4554,87691988847
24.1609,41.3892,9.92736,13.2148,82,79,83,2510,2800,0.479378,34,11.0086,0,0,4554,87733378940
24.7817,40.3523,9.92736,13.2148,82,79,83,2510,2800,0.479378,34,11.0086,0,0,4554,87773743939
23.6994,42.1952,8.90493,12.0183,82,80,84,2434,2800,0.479378,30,11.0086,0,0,4575,87815930719
25.5127,39.1961,8.90493,12.0183,82,80,84,2434,2800,0.479378,30,11.0086,0,0,4575,87855129481
26.666,37.501,8.90493,12.0183,82,80,84,2434,2800,0.479378,30,11.0086,0,0,4575,87892631073
24.2766,41.1919,8.90493,12.0183,82,80,84,2434,2800,0.479378,30,11.0086,0,0,4575,87933824990
26.098,38.3172,8.90493,12.0183,82,80,84,2434,2800,0.479378,30,11.0086,0,0,4575,87972143247
25.6648,38.9639,8.90493,12.0183,82,80,84,2434,2800,0.479378,30,11.0086,0,0,4575,88011107771
23.7006,42.1931,8.90493,12.0183,82,80,84,2434,2800,0.479378,30,11.0086,0,0,4575,88053304050
25.2582,39.5911,8.90493,12.0183,82,80,84,2434,2800,0.479378,30,11.0086,0,0,4575,88092895254
25.9189,38.5818,8.90493,12.0183,82,80,84,2434,2800,0.479378,30,11.0086,0,0,4575,88131480510
24.7338,40.4306,8.90493,12.0183,82,80,84,2434,2800,0.479378,30,11.0086,0,0,4575,88171911352
25.8951,38.6173,8.90493,12.0183,82,80,84,2434,2800,0.479378,30,11.0086,0,0,4575,88210529920
23.4338,42.6734,8.90493,12.0183,82,80,84,2434,2800,0.479378,30,11.0086,0,0,4575,88253206816
26.4993,37.7369,8.90493,12.0183,82,80,84,2434,2800,0.479378,30,11.0086,0,0,4575,88290950230
24.3221,41.1149,8.39416,14.2156,82,77,84,2171,2800,0.479378,31,11.0068,0,0,4582,88332073224
25.9523,38.5323,8.39416,14.2156,82,77,84,2171,2800,0.479378,31,11.0068,0,0,4582,88370594110
19.6952,50.7737,8.39416,14.2156,82,77,84,2171,2800,0.479378,31,11.0068,0,0,4582,88421368946
24.6738,40.5288,8.39416,14.2156,82,77,84,2171,2800,0.479378,31,11.0068,0,0,4582,88461899965
23.7982,42.0201,8.39416,14.2156,82,77,84,2171,2800,0.479378,31,11.0068,0,0,4582,88503921186
24.4904,40.8324,8.39416,14.2156,82,77,84,2171,2800,0.479378,31,11.0068,0,0,4582,88544755622
22.8668,43.7316,8.39416,14.2156,82,77,84,2171,2800,0.479378,31,11.0068,0,0,4582,88588488209
24.1138,41.47,8.39416,14.2156,82,77,84,2171,2800,0.479378,31,11.0068,0,0,4582,88629959744
22.6495,44.151,8.39416,14.2156,82,77,84,2171,2800,0.479378,31,11.0068,0,0,4582,88674113627
21.4996,46.5126,8.39416,14.2156,82,77,84,2171,2800,0.479378,31,11.0068,0,0,4582,88720627397
24.2379,41.2577,8.39416,14.2156,82,77,84,2171,2800,0.479378,31,11.0068,0,0,4582,88761887568
23.1413,43.2128,8.39416,14.2156,82,77,84,2171,2800,0.479378,31,11.0068,0,0,4582,88805107858
22.4775,44.489,13.6919,12.8795,81,77,83,2304,2800,0.479378,28,11.0273,0,0,3667,88849591006
25.514,39.1942,13.6919,12.8795,81,77,83,2304,2800,0.479378,28,11.0273,0,0,3667,88888792272
25.4053,39.3619,13.6919,12.8795,81,77,83,2304,2800,0.479378,28,11.0273,0,0,3667,88928150211
24.1058,41.4838,13.6919,12.8795,81,77,83,2304,2800,0.479378,28,11.0273,0,0,3667,88969634310
24.6983,40.4887,13.6919,12.8795,81,77,83,2304,2800,0.479378,28,11.0273,0,0,3667,89010124693
23.7382,42.1262,13.6919,12.8795,81,77,83,2304,2800,0.479378,28,11.0273,0,0,3667,89052255048
26.5543,37.6587,13.6919,12.8795,81,77,83,2304,2800,0.479378,28,11.0273,0,0,3667,89089912982
27.0578,36.958,13.6919,12.8795,81,77,83,2304,2800,0.479378,28,11.0273,0,0,3667,89126874837
25.1935,39.6927,13.6919,12.8795,81,77,83,2304,2800,0.479378,28,11.0273,0,0,3667,89166567982
26.0285,38.4195,13.6919,12.8795,81,77,83,2304,2800,0.479378,28,11.0273,0,0,3667,89204988540
26.0589,38.3746,13.6919,12.8795,81,77,83,2304,2800,0.479378,28,11.0273,0,0,3667,89243363934
23.7663,42.0763,13.6919,12.8795,81,77,83,2304,2800,0.479378,28,11.0273,0,0,3667,89285444426
25.6693,38.9571,13.6919,12.8795,81,77,83,2304,2800,0.479378,28,11.0273,0,0,3667,89324405203
26.7928,37.3234,8.99149,14.8023,81,79,83,2410,2800,0.479378,30,11.0148,0,0,4561,89361726389
24.8726,40.2049,8.99149,14.8023,81,79,83,2410,2800,0.479378,30,11.0148,0,0,4561,89401932401
25.357,39.4368,8.99149,14.8023,81,79,83,2410,2800,0.479378,30,11.0148,0,0,4561,89441370369
23.3245,42.8733,8.99149,14.8023,81,79,83,2410,2800,0.479378,30,11.0148,0,0,4561,89484245054
23.9318,41.7854,8.99149,14.8023,81,79,83,2410,2800,0.479378,30,11.0148,0,0,4561,89526032158
24.7402,40.42,8.99149,14.8023,81,79,83,2410,2800,0.479378,30,11.0148,0,0,4561,89566455015
18.3607,54.4641,8.99149,14.8023,81,79,83,2410,2800,0.479378,30,11.0148,0,0,4561,89620920262
23.5096,42.5358,8.99149,14.8023,81,79,83,2410,2800,0.479378,30,11.0148,0,0,4561,89663455233
24.1337,41.4358,8.99149,14.8023,81,79,83,2410,2800,0.479378,30,11.0148,0,0,4561,89704894508
25.0619,39.9011,8.99149,14.8023,81,79,83,2410,2800,0.479378,30,11.0148,0,0,4561,89744796232
22.9702,43.5346,8.99149,14.8023,81,79,83,2410,2800,0.479378,30,11.0148,0,0,4561,89788333344
25.2643,39.5815,8.99149,14.8023,81,79,83,2410,2800,0.479378,30,11.0148,0,0,4561,89827917685
23.5277,42.5031,8.72818,13.5577,81,80,83,2525,2800,0.479378,34,11.012,0,0,4596,89870418482
23.1681,43.1628,8.72818,13.5577,81,80,83,2525,2800,0.479378,34,11.012,0,0,4596,89913584812
21.5642,46.3731,8.72818,13.5577,81,80,83,2525,2800,0.479378,34,11.012,0,0,4596,89959957929
24.4087,40.969,8.72818,13.5577,81,80,83,2525,2800,0.479378,34,11.012,0,0,4596,90000928439
23.1714,43.1566,8.72818,13.5577,81,80,83,2525,2800,0.479378,34,11.012,0,0,4596,90044086773
22.4282,44.5868,8.72818,13.5577,81,80,83,2525,2800,0.479378,34,11.012,0,0,4596,90088679276
25.2893,39.5424,8.72818,13.5577,81,80,83,2525,2800,0.479378,34,11.012,0,0,4596,90128221959
23.3023,42.9142,8.72818,13.5577,81,80,83,2525,2800,0.479378,34,11.012,0,0,4596,90171136339
24.4755,40.8572,8.72818,13.5577,81,80,83,2525,2800,0.479378,34,11.012,0,0,4596,90211996432
22.9754,43.5249,8.72818,13.5577,81,80,83,2525,2800,0.479378,34,11.012,0,0,4596,90255522994
24.609,40.6355,8.72818,13.5577,81,80,83,2525,2800,0.479378,34,11.012,0,0,4596,90296160292
25.3911,39.3839,8.72818,13.5577,81,80,83,2525,2800,0.479378,34,11.012,0,0,4596,90335546152
23.9144,41.8159,8.32298,13.0467,80,77,82,800,2800,0.479378,35,11.0127,0,0,4573,90377362962
18.9846,52.6744,8.32298,13.0467,80,77,82,800,2800,0.479378,35,11.0127,0,0,4573,90430038858
22.9875,43.502,8.32298,13.0467,80,77,82,800,2800,0.479378,35,11.0127,0,0,4573,90473544130
23.2904,42.9361,8.32298,13.0467,80,77,82,800,2800,0.479378,35,11.0127,0,0,4573,90516480731
22.8281,43.8057,8.32298,13.0467,80,77,82,800,2800,0.479378,35,11.0127,0,0,4573,90560289701
26.3485,37.9528,8.32298,13.0467,80,77,82,800,2800,0.479378,35,11.0127,0,0,4573,90598241404
19.2788,51.8705,8.32298,13.0467,80,77,82,800,2800,0.479378,35,11.0127,0,0,4573,90650117766
24.305,41.1438,8.32298,13.0467,80,77,82,800,2800,0.479378,35,11.0127,0,0,4573,90691259997
25.2543,39.5972,8.32298,13.0467,80,77,82,800,2800,0.479378,35,11.0127,0,0,4573,90730875166
24.8239,40.2838,8.32298,13.0467,80,77,82,800,2800,0.479378,35,11.0127,0,0,4573,90771142442
19.9764,50.0591,8.32298,13.0467,80,77,82,800,2800,0.479378,35,11.0127,0,0,4573,90821203195
24.5833,40.678,8.32298,13.0467,80,77,82,800,2800,0.479378,35,11.0127,0,0,4573,90861885697
27.1618,36.8164,14.7971,12.8549,78,77,81,2367,2800,0.479378,23,11.0108,0,0,4231,90898701739
30.4737,32.8151,14.7971,12.8549,78,77,81,2367,2800,0.479378,23,11.0108,0,0,4231,90931517412
30.8709,32.393,14.7971,12.8549,78,77,81,2367,2800,0.479378,23,11.0108,0,0,4231,90963913612
29.2869,34.145,14.7971,12.8549,78,77,81,2367,2800,0.479378,23,11.0108,0,0,4231,90998058948
30.3188,32.9829,14.7971,12.8549,78,77,81,2367,2800,0.479378,23,11.0108,0,0,4231,91031044869
31.0184,32.239,14.7971,12.8549,78,77,81,2367,2800,0.479378,23,11.0108,0,0,4231,91063283935
28.9597,34.5307,14.7971,12.8549,78,77,81,2367,2800,0.479378,23,11.0108,0,0,4231,91097817235
28.2819,35.3583,14.7971,12.8549,78,77,81,2367,2800,0.479378,23,11.0108,0,0,4231,91133178000
29.565,33.8238,14.7971,12.8549,78,77,81,2367,2800,0.479378,23,11.0108,0,0,4231,91167002417
31.4534,31.7931,14.7971,12.8549,78,77,81,2367,2800,0.479378,23,11.0108,0,0,4231,91198795250
29.387,34.0286,14.7971,12.8549,78,77,81,2367,2800,0.479378,23,11.0108,0,0,4231,91232825841
30.5403,32.7436,14.7971,12.8549,78,77,81,2367,2800,0.479378,23,11.0108,0,0,4231,91265571083
28.2998,35.336,14.7971,12.8549,78,77,81,2367,2800,0.479378,23,11.0108,0,0,4231,91300907943
25.4846,39.2394,14.7971,12.8549,78,77,81,2367,2800,0.479378,23,11.0108,0,0,4231,91340152610
28.1302,35.549,14.7971,12.8549,78,77,81,2367,2800,0.479378,23,11.0108,0,0,4231,91375702449
24.8188,40.2921,8.43521,14.4671,77,80,81,800,2800,0.479378,31,11.0103,0,0,4593,91415996836
30.7392,32.5317,8.43521,14.4671,77,80,81,800,2800,0.479378,31,11.0103,0,0,4593,91448527827
27.0364,36.9871,8.43521,14.4671,77,80,81,800,2800,0.479378,31,11.0103,0,0,4593,91485516692
28.3295,35.2989,8.43521,14.4671,77,80,81,800,2800,0.479378,31,11.0103,0,0,4593,91520816874
28.2163,35.4405,8.43521,14.4671,77,80,81,800,2800,0.479378,31,11.0103,0,0,4593,91556257519
29.6023,33.7812,8.43521,14.4671,77,80,81,800,2800,0.479378,31,11.0103,0,0,4593,91590043493
31.7785,31.4678,8.43521,14.4671,77,80,81,800,2800,0.479378,31,11.0103,0,0,4593,91621510879
20.2606,49.3569,8.43521,14.4671,77,80,81,800,2800,0.479378,31,11.0103,0,0,4593,91670868669
29.9149,33.4281,8.43521,14.4671,77,80,81,800,2800,0.479378,31,11.0103,0,0,4593,91704298068
30.071,33.2546,8.43521,14.4671,77,80,81,800,2800,0.479378,31,11.0103,0,0,4593,91737553432
29.302,34.1274,8.43521,14.4671,77,80,81,800,2800,0.479378,31,11.0103,0,0,4593,91771681906
29.8534,33.497,8.43521,14.4671,77,80,81,800,2800,0.479378,31,11.0103,0,0,4593,91805180945
30.9574,32.3024,8.43521,14.4671,77,80,81,800,2800,0.479378,31,11.0103,0,0,4593,91837483681
28.0017,35.7121,8.43521,14.4671,77,80,81,800,2800,0.479378,31,11.0103,0,0,4593,91873198407
28.0327,35.6726,8.43521,14.4671,77,80,81,800,2800,0.479378,31,11.0103,0,0,4593,91908875953
33.1247,30.189,8.95171,10.8922,78,80,83,2377,2800,0.479378,30,11.0135,0,0,4166,91939061435
26.7383,37.3995,8.95171,10.8922,78,80,83,2377,2800,0.479378,30,11.0135,0,0,4166,91976464263
31.3781,31.8694,8.95171,10.8922,78,80,83,2377,2800,0.479378,30,11.0135,0,0,4166,92008333599
30.7314,32.54,8.95171,10.8922,78,80,83,2377,2800,0.479378,30,11.0135,0,0,4166,92040877996
30.4999,32.787,8.95171,10.8922,78,80,83,2377,2800,0.479378,30,11.0135,0,0,4166,92073664665
28.7268,34.8106,8.95171,10.8922,78,80,83,2377,2800,0.479378,30,11.0135,0,0,4166,92108474611
26.3927,37.8893,8.95171,10.8922,78,80,83,2377,2800,0.479378,30,11.0135,0,0,4166,92146366933
27.5923,36.242,8.95171,10.8922,78,80,83,2377,2800,0.479378,30,11.0135,0,0,4166,92182608182
28.4555,35.1426,8.95171,10.8922,78,80,83,2377,2800,0.479378,30,11.0135,0,0,4166,92217754567
30.2848,33.0198,8.95171,10.8922,78,80,83,2377,2800,0.479378,30,11.0135,0,0,4166,92250778028
30.8146,32.4522,8.95171,10.8922,78,80,83,2377,2800,0.479378,30,11.0135,0,0,4166,92283229471
28.6592,34.8929,8.95171,10.8922,78,80,83,2377,2800,0.479378,30,11.0135,0,0,4166,92318123455
30.8844,32.3788,8.95171,10.8922,78,80,83,2377,2800,0.479378,30,11.0135,0,0,4166,92350505588
27.3704,36.5358,8.95171,10.8922,78,80,83,2377,2800,0.479378,30,11.0135,0,0,4166,92387041969
31.836,31.411,8.95171,10.8922,78,80,83,2377,2800,0.479378,30,11.0135,0,0,4166,92418455834
26.5309,37.6919,8.6741,14.4318,77,77,82,2573,2800,0.479378,32,11.0139,0,0,4536,92456148343
27.0746,36.935,8.6741,14.4318,77,77,82,2573,2800,0.479378,32,11.0139,0,0,4536,92493083298
29.5399,33.8525,8.6741,14.4318,77,77,82,2573,2800,0.479378,32,11.0139,0,0,4536,92526937830
29.2877,34.144,8.6741,14.4318,77,77,82,2573,2800,0.479378,32,11.0139,0,0,4536,92561082405
29.4929,33.9065,8.6741,14.4318,77,77,82,2573,2800,0.479378,32,11.0139,0,0,4536,92594989896
29.8108,33.5449,8.6741,14.4318,77,77,82,2573,2800,0.479378,32,11.0139,0,0,4536,92628535532
29.1551,34.2993,8.6741,14.4318,77,77,82,2573,2800,0.479378,32,11.0139,0,0,4536,92662835266
29.0063,34.4752,8.6741,14.4318,77,77,82,2573,2800,0.479378,32,11.0139,0,0,4536,92697313123
29.2049,34.2409,8.6741,14.4318,77,77,82,2573,2800,0.479378,32,11.0139,0,0,4536,92731555650
28.9106,34.5894,8.6741,14.4318,77,77,82,2573,2800,0.479378,32,11.0139,0,0,4536,92766144454
30.0851,33.239,8.6741,14.4318,77,77,82,2573,2800,0.479378,32,11.0139,0,0,4536,92799388036
28.9184,34.5801,8.6741,14.4318,77,77,82,2573,2800,0.479378,32,11.0139,0,0,4536,92833968764
29.2505,34.1874,8.6741,14.4318,77,77,82,2573,2800,0.479378,32,11.0139,0,0,4536,92868158623
28.8717,34.6361,8.6741,14.4318,77,77,82,2573,2800,0.479378,32,11.0139,0,0,4536,92902795126
29.0171,34.4624,8.6741,14.4318,77,77,82,2573,2800,0.479378,32,11.0139,0,0,4536,92937260119
20.7403,48.2153,14.8599,12.8645,78,76,83,2344,2800,0.479378,32,11.0335,0,0,4543,92985476648
22.6364,44.1766,14.8599,12.8645,78,76,83,2344,2800,0.479378,32,11.0335,0,0,4543,93029654687
24.5368,40.7552,14.8599,12.8645,78,76,83,2344,2800,0.479378,32,11.0335,0,0,4543,93070410786
25.2432,39.6146,14.8599,12.8645,78,76,83,2344,2800,0.479378,32,11.0335,0,0,4543,93110026095
24.8905,40.176,14.8599,12.8645,78,76,83,2344,2800,0.479378,32,11.0335,0,0,4543,93150205718
24.2298,41.2715,14.8599,12.8645,78,76,83,2344,2800,0.479378,32,11.0335,0,0,4543,93191476178
25.5143,39.1937,14.8599,12.8645,78,76,83,2344,2800,0.479378,32,11.0335,0,0,4543,93230672765
24.8682,40.212,14.8599,12.8645,78,76,83,2344,2800,0.479378,32,11.0335,0,0,4543,93270883566
22.6167,44.215,14.8599,12.8645,78,76,83,2344,2800,0.479378,32,11.0335,0,0,4543,93315099465
23.9036,41.8348,14.8599,12.8645,78,76,83,2344,2800,0.479378,32,11.0335,0,0,4543,93356937284
25.4077,39.3581,14.8599,12.8645,78,76,83,2344,2800,0.479378,32,11.0335,0,0,4543,93396297026
25.1422,39.7738,14.8599,12.8645,78,76,83,2344,2800,0.479378,32,11.0335,0,0,4543,93436071333
22.9274,43.6159,14.8599,12.8645,78,76,83,2344,2800,0.479378,32,11.0335,0,0,4543,93479692642
25.208,39.67,9.39675,12.8611,79,79,82,2592,2800,0.479378,32,11.0316,0,0,4608,93519362252
23.9024,41.8369,9.39675,12.8611,79,79,82,2592,2800,0.479378,32,11.0316,0,0,4608,93561196535
24.4409,40.915,9.39675,12.8611,79,79,82,2592,2800,0.479378,32,11.0316,0,0,4608,93602115458
24.2124,41.3012,9.39675,12.8611,79,79,82,2592,2800,0.479378,32,11.0316,0,0,4608,93643418038
24.7605,40.3869,9.39675,12.8611,79,79,82,2592,2800,0.479378,32,11.0316,0,0,4608,93683806791
23.7257,42.1483,9.39675,12.8611,79,79,82,2592,2800,0.479378,32,11.0316,0,0,4608,93725959869
25.759,38.8214,9.39675,12.8611,79,79,82,2592,2800,0.479378,32,11.0316,0,0,4608,93764779893
24.7156,40.4603,9.39675,12.8611,79,79,82,2592,2800,0.479378,32,11.0316,0,0,4608,93805237946
24.9606,40.0632,9.39675,12.8611,79,79,82,2592,2800,0.479378,32,11.0316,0,0,4608,93845302233
24.776,40.3616,9.39675,12.8611,79,79,82,2592,2800,0.479378,32,11.0316,0,0,4608,93885668184
24.574,40.6934,9.39675,12.8611,79,79,82,2592,2800,0.479378,32,11.0316,0,0,4608,93926363951
25.0926,39.8523,9.39675,12.8611,79,79,82,2592,2800,0.479378,32,11.0316,0,0,4608,93966214599
24.9927,40.0117,9.39675,12.8611,79,79,82,2592,2800,0.479378,32,11.0316,0,0,4608,94006230446
24.9975,40.004,8.85168,13.1194,79,80,82,2574,2800,0.479378,35,11.0334,0,0,4589,94046235183
24.3671,41.039,8.85168,13.1194,79,80,82,2574,2800,0.479378,35,11.0334,0,0,4589,94087277586
24.7196,40.4537,8.85168,13.1194,79,80,82,2574,2800,0.479378,35,11.0334,0,0,4589,94127731571
24.924,40.122,8.85168,13.1194,79,80,82,2574,2800,0.479378,35,11.0334,0,0,4589,94167854609
24.9813,40.0299,8.85168,13.1194,79,80,82,2574,2800,0.479378,35,11.0334,0,0,4589,94207884532
26.3177,37.9972,8.85168,13.1194,79,80,82,2574,2800,0.479378,35,11.0334,0,0,4589,94245884665
24.2716,41.2004,8.85168,13.1194,79,80,82,2574,2800,0.479378,35,11.0334,0,0,4589,94287086597
24.2011,41.3204,8.85168,13.1194,79,80,82,2574,2800,0.479378,35,11.0334,0,0,4589,94328410026
24.6173,40.6218,8.85168,13.1194,79,80,82,2574,2800,0.479378,35,11.0334,0,0,4589,94369033217
24.4634,40.8774,8.85168,13.1194,79,80,82,2574,2800,0.479378,35,11.0334,0,0,4589,94409910262
23.7244,42.1507,8.85168,13.1194,79,80,82,2574,2800,0.479378,35,11.0334,0,0,4589,94452065674
21.78,45.9137,8.85168,13.1194,79,80,82,2574,2800,0.479378,35,11.0334,0,0,4589,94497984072
21.7297,46.02,8.85168,13.1194,79,80,82,2574,2800,0.479378,35,11.0334,0,0,4589,94544003689
23.6147,42.3465,9.83607,14.6408,79,77,82,2465,2800,0.479378,32,11.0309,0,0,4305,94586347603
23.4665,42.614,9.83607,14.6408,79,77,82,2465,2800,0.479378,32,11.0309,0,0,4305,94628963866
23.0098,43.4597,9.83607,14.6408,79,77,82,2465,2800,0.479378,32,11.0309,0,0,4305,94672424755
22.4427,44.5579,9.83607,14.6408,79,77,82,2465,2800,0.479378,32,11.0309,0,0,4305,94716983174
21.3892,46.7526,9.83607,14.6408,79,77,82,2465,2800,0.479378,32,11.0309,0,0,4305,94763736411
21.7169,46.0471,9.83607,14.6408,79,77,82,2465,2800,0.479378,32,11.0309,0,0,4305,94809785794
22.5208,44.4035,9.83607,14.6408,79,77,82,2465,2800,0.479378,32,11.0309,0,0,4305,94854189765
24.579,40.6851,9.83607,14.6408,79,77,82,2465,2800,0.479378,32,11.0309,0,0,4305,94894876925
24.8618,40.2223,9.83607,14.6408,79,77,82,2465,2800,0.479378,32,11.0309,0,0,4305,94935100981
20.5885,48.5708,9.83607,14.6408,79,77,82,2465,2800,0.479378,32,11.0309,0,0,4305,94983672323
19.3734,51.6171,9.83607,14.6408,79,77,82,2465,2800,0.479378,32,11.0309,0,0,4305,95035289973
24.1959,41.3294,9.83607,14.6408,79,77,82,2465,2800,0.479378,32,11.0309,0,0,4305,95076624903
24.2687,41.2053,12.9717,15.423,79,78,82,2513,2800,0.479134,26,11.0315,0,0,4592,95117827205
26.1062,38.3051,12.9717,15.423,79,78,82,2513,2800,0.479134,26,11.0315,0,0,4592,95156132608
25.45,39.2927,12.9717,15.423,79,78,82,2513,2800,0.479134,26,11.0315,0,0,4592,95195427750
28.2459,35.4034,12.9717,15.423,79,78,82,2513,2800,0.479134,26,11.0315,0,0,4592,95230831996
26.3892,37.8943,12.9717,15.423,79,78,82,2513,2800,0.479134,26,11.0315,0,0,4592,95268726783
25.9935,38.4711,12.9717,15.423,79,78,82,2513,2800,0.479134,26,11.0315,0,0,4592,95307199439
24.4503,40.8993,12.9717,15.423,79,78,82,2513,2800,0.479134,26,11.0315,0,0,4592,95348100699
26.9527,37.1021,12.9717,15.423,79,78,82,2513,2800,0.479134,26,11.0315,0,0,4592,95385203226
23.1824,43.1361,12.9717,15.423,79,78,82,2513,2800,0.479134,26,11.0315,0,0,4592,95428341924
26.7986,37.3154,12.9717,15.423,79,78,82,2513,2800,0.479134,26,11.0315,0,0,4592,95465658682
28.0815,35.6106,12.9717,15.423,79,78,82,2513,2800,0.479134,26,11.0315,0,0,4592,95501270085
24.8559,40.2318,12.9717,15.423,79,78,82,2513,2800,0.479134,26,11.0315,0,0,4592,95541502035
25.529,39.1711,12.9717,15.423,79,78,82,2513,2800,0.479134,26,11.0315,0,0,4592,95580677523
29.623,33.7575,8.84184,15.0206,78,80,80,2583,2800,0.479134,30,11.0299,0,0,4574,95614433382
28.8486,34.6638,8.84184,15.0206,78,80,80,2583,2800,0.479134,30,11.0299,0,0,4574,95649098398
22.9602,43.5537,8.84184,15.0206,78,80,80,2583,2800,0.479134,30,11.0299,0,0,4574,95692653523
28.0893,35.6007,8.84184,15.0206,78,80,80,2583,2800,0.479134,30,11.0299,0,0,4574,95728255278
27.6929,36.1103,8.84184,15.0206,78,80,80,2583,2800,0.479134,30,11.0299,0,0,4574,95764366725
28.3956,35.2167,8.84184,15.0206,78,80,80,2583,2800,0.479134,30,11.0299,0,0,4574,95799587008
26.771,37.3538,8.84184,15.0206,78,80,80,2583,2800,0.479134,30,11.0299,0,0,4574,95836939993
28.3361,35.2906,8.84184,15.0206,78,80,80,2583,2800,0.479134,30,11.0299,0,0,4574,95872233062
24.8936,40.1709,8.84184,15.0206,78,80,80,2583,2800,0.479134,30,11.0299,0,0,4574,95912406864
29.6688,33.7055,8.84184,15.0206,78,80,80,2583,2800,0.479134,30,11.0299,0,0,4574,95946113591
25.3679,39.4198,8.84184,15.0206,78,80,80,2583,2800,0.479134,30,11.0299,0,0,4574,95985535689
28.2847,35.3548,8.84184,15.0206,78,80,80,2583,2800,0.479134,30,11.0299,0,0,4574,96020890804
28.1219,35.5594,8.84184,15.0206,78,80,80,2583,2800,0.479134,30,11.0299,0,0,4574,96056451152
28.1604,35.5109,8.84184,15.0206,78,80,80,2583,2800,0.479134,30,11.0299,0,0,4574,96091968239
28.7334,34.8026,8.59951,14.5627,78,79,82,2219,2800,0.479134,36,11.0241,0,0,4605,96126766964
29.3129,34.1147,8.59951,14.5627,78,79,82,2219,2800,0.479134,36,11.0241,0,0,4605,96160884688
27.5517,36.2954,8.59951,14.5627,78,79,82,2219,2800,0.479134,36,11.0241,0,0,4605,96197181511
28.6685,34.8815,8.59951,14.5627,78,79,82,2219,2800,0.479134,36,11.0241,0,0,4605,96232066508
28.1808,35.4852,8.59951,14.5627,78,79,82,2219,2800,0.479134,36,11.0241,0,0,4605,96267551616
28.6445,34.9107,8.59951,14.5627,78,79,82,2219,2800,0.479134,36,11.0241,0,0,4605,96302462020
29.0771,34.3913,8.59951,14.5627,78,79,82,2219,2800,0.479134,36,11.0241,0,0,4605,96336857903
27.7988,35.9728,8.59951,14.5627,78,79,82,2219,2800,0.479134,36,11.0241,0,0,4605,96372829760
26.1525,38.2372,8.59951,14.5627,78,79,82,2219,2800,0.479134,36,11.0241,0,0,4605,96411068158
27.1514,36.8305,8.59951,14.5627,78,79,82,2219,2800,0.479134,36,11.0241,0,0,4605,96447901543
26.7923,37.3242,8.59951,14.5627,78,79,82,2219,2800,0.479134,36,11.0241,0,0,4605,96485224902
19.2165,52.0385,8.59951,14.5627,78,79,82,2219,2800,0.479134,36,11.0241,0,0,4605,96537266103
25.445,39.3005,8.59951,14.5627,78,79,82,2219,2800,0.479134,36,11.0241,0,0,4605,96576566775
26.9072,37.1647,8.59951,14.5627,78,79,82,2219,2800,0.479134,36,11.0241,0,0,4605,96613739012
27.0975,36.9038,11.3117,13.164,78,76,83,2424,2800,0.479134,32,11.0319,0,0,4041,96650638060
25.1728,39.7253,11.3117,13.164,78,76,83,2424,2800,0.479134,32,11.0319,0,0,4041,96690363635
28.1746,35.493,11.3117,13.164,78,76,83,2424,2800,0.479134,32,11.0319,0,0,4041,96725858671
28.2798,35.3609,11.3117,13.164,78,76,83,2424,2800,0.479134,32,11.0319,0,0,4041,96761224265
24.4414,40.9142,11.3117,13.164,78,76,83,2424,2800,0.479134,32,11.0319,0,0,4041,96802137277
26.0236,38.4267,11.3117,13.164,78,76,83,2424,2800,0.479134,32,11.0319,0,0,4041,96840564708
27.3442,36.5708,11.3117,13.164,78,76,83,2424,2800,0.479134,32,11.0319,0,0,4041,96877139250
27.9479,35.7809,11.3117,13.164,78,76,83,2424,2800,0.479134,32,11.0319,0,0,4041,96912921341
25.9459,38.5418,11.3117,13.164,78,76,83,2424,2800,0.479134,32,11.0319,0,0,4041,96951463697
27.2702,36.6701,11.3117,13.164,78,76,83,2424,2800,0.479134,32,11.0319,0,0,4041,96988136703
27.4387,36.4448,11.3117,13.164,78,76,83,2424,2800,0.479134,32,11.0319,0,0,4041,97024582894
29.814,33.5413,11.3117,13.164,78,76,83,2424,2800,0.479134,32,11.0319,0,0,4041,97058125585
24.9782,40.0348,11.3117,13.164,78,76,83,2424,2800,0.479134,32,11.0319,0,0,4041,97098163493
29.1669,34.2854,11.3117,13.164,78,76,83,2424,2800,0.479134,32,11.0319,0,0,4041,97132455493
28.4828,35.109,11.8788,12.9032,78,75,81,2598,2800,0.479134,35,11.0193,0,0,4585,97167561663
26.6636,37.5044,11.8788,12.9032,78,75,81,2598,2800,0.479134,35,11.0193,0,0,4585,97205069867
28.5377,35.0414,11.8788,12.9032,78,75,81,2598,2800,0.479134,35,11.0193,0,0,4585,97240111186
30.145,33.173,11.8788,12.9032,78,75,81,2598,2800,0.479134,35,11.0193,0,0,4585,97273288725
28.6429,34.9127,11.8788,12.9032,78,75,81,2598,2800,0.479134,35,11.0193,0,0,4585,97308202075
28.9461,34.5469,11.8788,12.9032,78,75,81,2598,2800,0.479134,35,11.0193,0,0,4585,97342749691
28.677,34.8712,11.8788,12.9032,78,75,81,2598,2800,0.479134,35,11.0193,0,0,4585,97377623137
29.5072,33.89,11.8788,12.9032,78,75,81,2598,2800,0.479134,35,11.0193,0,0,4585,97411514418
29.579,33.8077,11.8788,12.9032,78,75,81,2598,2800,0.479134,35,11.0193,0,0,4585,97445324167
27.7568,36.0272,11.8788,12.9032,78,75,81,2598,2800,0.479134,35,11.0193,0,0,4585,97481353290
28.454,35.1444,11.8788,12.9032,78,75,81,2598,2800,0.479134,35,11.0193,0,0,4585,97516501488
29.849,33.5019,11.8788,12.9032,78,75,81,2598,2800,0.479134,35,11.0193,0,0,4585,97550005497
29.2895,34.142,11.8788,12.9032,78,75,81,2598,2800,0.479134,35,11.0193,0,0,4585,97584148388
26.977,37.0686,11.8788,12.9032,78,75,81,2598,2800,0.479134,35,11.0193,0,0,4585,97621218575
28.2003,35.4607,11.8788,12.9032,78,75,81,2598,2800,0.479134,35,11.0193,0,0,4585,97656687261
26.5547,37.6582,8.37321,14.8575,78,80,81,2195,2800,0.479134,31,11.0172,0,0,4567,97694344074
29.4291,33.9799,8.37321,14.8575,78,80,81,2195,2800,0.479134,31,11.0172,0,0,4567,97728322107
28.8713,34.6365,8.37321,14.8575,78,80,81,2195,2800,0.479134,31,11.0172,0,0,4567,97762962487
28.6876,34.8583,8.37321,14.8575,78,80,81,2195,2800,0.479134,31,11.0172,0,0,4567,97797819362
29.0952,34.37,8.37321,14.8575,78,80,81,2195,2800,0.479134,31,11.0172,0,0,4567,97832191110
29.9298,33.4115,8.37321,14.8575,78,80,81,2195,2800,0.479134,31,11.0172,0,0,4567,97865603187
28.6744,34.8743,8.37321,14.8575,78,80,81,2195,2800,0.479134,31,11.0172,0,0,4567,97900479457
29.6719,33.702,8.37321,14.8575,78,80,81,2195,2800,0.479134,31,11.0172,0,0,4567,97934182236
29.3121,34.1156,8.37321,14.8575,78,80,81,2195,2800,0.479134,31,11.0172,0,0,4567,97968301834
29.6055,33.7775,8.37321,14.8575,78,80,81,2195,2800,0.479134,31,11.0172,0,0,4567,98002077760
29.2683,34.1667,8.37321,14.8575,78,80,81,2195,2800,0.479134,31,11.0172,0,0,4567,98036246590
26.7306,37.4104,8.37321,14.8575,78,80,81,2195,2800,0.479134,31,11.0172,0,0,4567,98073659627
29.6978,33.6725,8.37321,14.8575,78,80,81,2195,2800,0.479134,31,11.0172,0,0,4567,98107332400
29.93,33.4113,8.37321,14.8575,78,80,81,2195,2800,0.479134,31,11.0172,0,0,4567,98140743365
29.7972,33.5602,8.37321,14.8575,78,80,81,2195,2800,0.479134,31,11.0172,0,0,4567,98174308677
29.6623,33.7128,7.80488,11.9668,79,79,83,2540,2800,0.479134,32,11.0173,0,0,4567,98208019312
28.9001,34.6019,7.80488,11.9668,79,79,83,2540,2800,0.479134,32,11.0173,0,0,4567,98242623073
29.0648,34.4059,7.80488,11.9668,79,79,83,2540,2800,0.479134,32,11.0173,0,0,4567,98277031310
29.0344,34.442,7.80488,11.9668,79,79,83,2540,2800,0.479134,32,11.0173,0,0,4567,98311474502
28.5414,35.0368,7.80488,11.9668,79,79,83,2540,2800,0.479134,32,11.0173,0,0,4567,98346512053
28.9328,34.5629,7.80488,11.9668,79,79,83,2540,2800,0.479134,32,11.0173,0,0,4567,98381076181
28.1797,35.4865,7.80488,11.9668,79,79,83,2540,2800,0.479134,32,11.0173,0,0,4567,98416568792
28.7641,34.7655,7.80488,11.9668,79,79,83,2540,2800,0.479134,32,11.0173,0,0,4567,98451332823
26.5719,37.6337,7.80488,11.9668,79,79,83,2540,2800,0.479134,32,11.0173,0,0,4567,98488967234
27.5725,36.268,7.80488,11.9668,79,79,83,2540,2800,0.479134,32,11.0173,0,0,4567,98525237347
27.6456,36.1721,7.80488,11.9668,79,79,83,2540,2800,0.479134,32,11.0173,0,0,4567,98561411481
28.8313,34.6846,7.80488,11.9668,79,79,83,2540,2800,0.479134,32,11.0173,0,0,4567,98596096424
27.5223,36.3341,7.80488,11.9668,79,79,83,2540,2800,0.479134,32,11.0173,0,0,4567,98632435376
27.2059,36.7567,7.80488,11.9668,79,79,83,2540,2800,0.479134,32,11.0173,0,0,4567,98669191546
26.6773,37.4851,7.80488,11.9668,79,79,83,2540,2800,0.479134,32,11.0173,0,0,4567,98706680004
28.2594,35.3865,10.6132,12.684,80,75,83,2197,2800,0.479134,32,11.0154,0,0,4049,98742064504
28.3764,35.2406,10.6132,12.684,80,75,83,2197,2800,0.479134,32,11.0154,0,0,4049,98777305696
27.2132,36.7469,10.6132,12.684,80,75,83,2197,2800,0.479134,32,11.0154,0,0,4049,98814054613
28.907,34.5937,10.6132,12.684,80,75,83,2197,2800,0.479134,32,11.0154,0,0,4049,98848648907
27.1536,36.8276,10.6132,12.684,80,75,83,2197,2800,0.479134,32,11.0154,0,0,4049,98885478695
29.8962,33.449,10.6132,12.684,80,75,83,2197,2800,0.479134,32,11.0154,0,0,4049,98918928802
28.8621,34.6476,10.6132,12.684,80,75,83,2197,2800,0.479134,32,11.0154,0,0,4049,98953577398
29.5795,33.8073,10.6132,12.684,80,75,83,2197,2800,0.479134,32,11.0154,0,0,4049,98987385243
30.1806,33.1339,10.6132,12.684,80,75,83,2197,2800,0.479134,32,11.0154,0,0,4049,99020519551
30.6005,32.6792,10.6132,12.684,80,75,83,2197,2800,0.479134,32,11.0154,0,0,4049,99053202076
29.5565,33.8335,10.6132,12.684,80,75,83,2197,2800,0.479134,32,11.0154,0,0,4049,99087037723
30.3915,32.904,10.6132,12.684,80,75,83,2197,2800,0.479134,32,11.0154,0,0,4049,99119940268
29.0861,34.3807,10.6132,12.684,80,75,83,2197,2800,0.479134,32,11.0154,0,0,4049,99154321735
30.719,32.5532,10.6132,12.684,80,75,83,2197,2800,0.479134,32,11.0154,0,0,4049,99186880548
29.9232,33.4189,10.6132,12.684,80,75,83,2197,2800,0.479134,32,11.0154,0,0,4049,99220300710
31.1357,32.1175,9.1687,12.8489,81,75,83,2546,2800,0.479134,33,11.0222,0,0,4604,99252418500
28.7345,34.8013,9.1687,12.8489,81,75,83,2546,2800,0.479134,33,11.0222,0,0,4604,99287220352
31.2946,31.9543,9.1687,12.8489,81,75,83,2546,2800,0.479134,33,11.0222,0,0,4604,99319178213
28.7611,34.7692,9.1687,12.8489,81,75,83,2546,2800,0.479134,33,11.0222,0,0,4604,99353946642
28.4219,35.1841,9.1687,12.8489,81,75,83,2546,2800,0.479134,33,11.0222,0,0,4604,99389131268
25.0978,39.8442,9.1687,12.8489,81,75,83,2546,2800,0.479134,33,11.0222,0,0,4604,99428977589
30.5998,32.6799,9.1687,12.8489,81,75,83,2546,2800,0.479134,33,11.0222,0,0,4604,99461659161
30.118,33.2027,9.1687,12.8489,81,75,83,2546,2800,0.479134,33,11.0222,0,0,4604,99494864342
29.8149,33.5403,9.1687,12.8489,81,75,83,2546,2800,0.479134,33,11.0222,0,0,4604,99528406171
30.2309,33.0788,9.1687,12.8489,81,75,83,2546,2800,0.479134,33,11.0222,0,0,4604,99561484664
30.4918,32.7957,9.1687,12.8489,81,75,83,2546,2800,0.479134,33,11.0222,0,0,4604,99594281863
30.1171,33.2038,9.1687,12.8489,81,75,83,2546,2800,0.479134,33,11.0222,0,0,4604,99627486342
30.2919,33.0121,9.1687,12.8489,81,75,83,2546,2800,0.479134,33,11.0222,0,0,4604,99660498692
30.9868,32.2718,9.1687,12.8489,81,75,83,2546,2800,0.479134,33,11.0222,0,0,4604,99692771872
30.4106,32.8833,9.1687,12.8489,81,75,83,2546,2800,0.479134,33,11.0222,0,0,4604,99725661944
31.6315,31.614,7.34745,13.2141,82,79,84,2350,2800,0.479134,33,11.0226,0,0,4606,99757271124
30.4932,32.7942,7.34745,13.2141,82,79,84,2350,2800,0.479134,33,11.0226,0,0,4606,99790066149
31.9029,31.3451,7.34745,13.2141,82,79,84,2350,2800,0.479134,33,11.0226,0,0,4606,99821412067
27.3261,36.5951,7.34745,13.2141,82,79,84,2350,2800,0.479134,33,11.0226,0,0,4606,99858008259
26.3801,37.9074,7.34745,13.2141,82,79,84,2350,2800,0.479134,33,11.0226,0,0,4606,99895918575
16.1176,62.0439,7.34745,13.2141,82,79,84,2350,2800,0.479134,33,11.0226,0,0,4606,99957965308
26.338,37.9679,7.34745,13.2141,82,79,84,2350,2800,0.479134,33,11.0226,0,0,4606,99995933852
30.3132,32.9889,7.34745,13.2141,82,79,84,2350,2800,0.479134,33,11.0226,0,0,4606,100028922508
28.772,34.756,7.34745,13.2141,82,79,84,2350,2800,0.479134,33,11.0226,0,0,4606,100063680197
30.7387,32.5323,7.34745,13.2141,82,79,84,2350,2800,0.479134,33,11.0226,0,0,4606,100096213313
29.5287,33.8654,7.34745,13.2141,82,79,84,2350,2800,0.479134,33,11.0226,0,0,4606,100130081471
28.6141,34.9478,7.34745,13.2141,82,79,84,2350,2800,0.479134,33,11.0226,0,0,4606,100165028073
30.6259,32.6521,7.34745,13.2141,82,79,84,2350,2800,0.479134,33,11.0226,0,0,4606,100197682875
30.6218,32.6565,7.34745,13.2141,82,79,84,2350,2800,0.479134,33,11.0226,0,0,4606,100230340894
29.9743,33.3619,9.09091,11.1285,83,76,84,2448,2800,0.479134,35,11.036,0,0,4577,100263704129
30.6176,32.661,9.09091,11.1285,83,76,84,2448,2800,0.479134,35,11.036,0,0,4577,100296366496
30.4444,32.8467,9.09091,11.1285,83,76,84,2448,2800,0.479134,35,11.036,0,0,4577,100329213638
31.2492,32.0008,9.09091,11.1285,83,76,84,2448,2800,0.479134,35,11.036,0,0,4577,100361215872
30.5431,32.7406,9.09091,11.1285,83,76,84,2448,2800,0.479134,35,11.036,0,0,4577,100393957256
30.9197,32.3418,9.09091,11.1285,83,76,84,2448,2800,0.479134,35,11.036,0,0,4577,100426301028
32.486,30.7825,9.09091,11.1285,83,76,84,2448,2800,0.479134,35,11.036,0,0,4577,100457084817
30.1277,33.1921,9.09091,11.1285,83,76,84,2448,2800,0.479134,35,11.036,0,0,4577,100490279308
30.4847,32.8034,9.09091,11.1285,83,76,84,2448,2800,0.479134,35,11.036,0,0,4577,100523088719
29.2867,34.1451,9.09091,11.1285,83,76,84,2448,2800,0.479134,35,11.036,0,0,4577,100557231049
28.4143,35.1936,9.09091,11.1285,83,76,84,2448,2800,0.479134,35,11.036,0,0,4577,100592427818
21.993,45.469,9.09091,11.1285,83,76,84,2448,2800,0.479134,35,11.036,0,0,4577,100637897859
29.5157,33.8802,9.09091,11.1285,83,76,84,2448,2800,0.479134,35,11.036,0,0,4577,100671777589
26.4307,37.8348,9.09091,11.1285,83,76,84,2448,2800,0.479134,35,11.036,0,0,4577,100709613375
30.7423,32.5285,9.09091,11.1285,83,76,84,2448,2800,0.479134,35,11.036,0,0,4577,100742144367
28.3796,35.2366,15.0062,10.83,83,74,82,2600,2800,0.479134,35,10.9696,0,0,3772,100777381982
27.4091,36.4842,15.0062,10.83,83,74,82,2600,2800,0.479134,35,10.9696,0,0,3772,100813868379
26.9772,37.0684,15.0062,10.83,83,74,82,2600,2800,0.479134,35,10.9696,0,0,3772,100850939367
27.967,35.7564,15.0062,10.83,83,74,82,2600,2800,0.479134,35,10.9696,0,0,3772,100886695330
30.922,32.3394,15.0062,10.83,83,74,82,2600,2800,0.479134,35,10.9696,0,0,3772,100919034083
33.0608,30.2473,15.0062,10.83,83,74,82,2600,2800,0.479134,35,10.9696,0,0,3772,100949284656
30.5573,32.7254,15.0062,10.83,83,74,82,2600,2800,0.479134,35,10.9696,0,0,3772,100982009049
30.2011,33.1114,15.0062,10.83,83,74,82,2600,2800,0.479134,35,10.9696,0,0,3772,101015122488
31.1383,32.1148,15.0062,10.83,83,74,82,2600,2800,0.479134,35,10.9696,0,0,3772,101047238084
30.2946,33.0092,15.0062,10.83,83,74,82,2600,2800,0.479134,35,10.9696,0,0,3772,101080248300
30.1194,33.2011,15.0062,10.83,83,74,82,2600,2800,0.479134,35,10.9696,0,0,3772,101113450745
29.3904,34.0248,15.0062,10.83,83,74,82,2600,2800,0.479134,35,10.9696,0,0,3772,101147476287
27.4056,36.489,15.0062,10.83,83,74,82,2600,2800,0.479134,35,10.9696,0,0,3772,101183970699
29.6709,33.703,15.0062,10.83,83,74,82,2600,2800,0.479134,35,10.9696,0,0,3772,101217675933
29.6193,33.7617,15.0062,10.83,83,74,82,2600,2800,0.479134,35,10.9696,0,0,3772,101251442892
31.1373,32.1158,8.88889,13.9421,83,79,82,800,2800,0.479134,28,10.9812,0,0,4601,101283556605
31.8238,31.4231,8.88889,13.9421,83,79,82,800,2800,0.479134,28,10.9812,0,0,4601,101314978074
29.4427,33.9643,8.88889,13.9421,83,79,82,800,2800,0.479134,28,10.9812,0,0,4601,101348943444
30.5845,32.6963,8.88889,13.9421,83,79,82,800,2800,0.479134,28,10.9812,0,0,4601,101381640816
29.1595,34.2941,8.88889,13.9421,83,79,82,800,2800,0.479134,28,10.9812,0,0,4601,101415935581
30.7326,32.5388,8.88889,13.9421,83,79,82,800,2800,0.479134,28,10.9812,0,0,4601,101448477703
29.6743,33.6992,8.88889,13.9421,83,79,82,800,2800,0.479134,28,10.9812,0,0,4601,101482178138
30.6486,32.6279,8.88889,13.9421,83,79,82,800,2800,0.479134,28,10.9812,0,0,4601,101514805049
30.4854,32.8026,8.88889,13.9421,83,79,82,800,2800,0.479134,28,10.9812,0,0,4601,101547610362
29.7006,33.6694,8.88889,13.9421,83,79,82,800,2800,0.479134,28,10.9812,0,0,4601,101581280060
30.9784,32.2806,8.88889,13.9421,83,79,82,800,2800,0.479134,28,10.9812,0,0,4601,101613561556
31.1621,32.0902,8.88889,13.9421,83,79,82,800,2800,0.479134,28,10.9812,0,0,4601,101645653517
32.0077,31.2424,8.88889,13.9421,83,79,82,800,2800,0.479134,28,10.9812,0,0,4601,101676900421
30.0683,33.2576,8.88889,13.9421,83,79,82,800,2800,0.479134,28,10.9812,0,0,4601,101710157188
30.2966,33.007,8.88889,13.9421,83,79,82,800,2800,0.479134,28,10.9812,0,0,4601,101743165090
30.6784,32.5962,8.88889,13.9421,83,79,82,800,2800,0.479134,28,10.9812,0,0,4601,101775767204
30.5655,32.7166,7.69231,11.5494,83,76,83,2473,2800,0.479134,29,10.9816,0,0,4567,101808479864
28.6637,34.8874,7.69231,11.5494,83,76,83,2473,2800,0.479134,29,10.9816,0,0,4567,101843368749
30.9019,32.3604,7.69231,11.5494,83,76,83,2473,2800,0.479134,29,10.9816,0,0,4567,101875731416
30.6661,32.6093,7.69231,11.5494,83,76,83,2473,2800,0.479134,29,10.9816,0,0,4567,101908339842
28.3309,35.2972,7.69231,11.5494,83,76,83,2473,2800,0.479134,29,10.9816,0,0,4567,101943638611
30.8075,32.4596,7.69231,11.5494,83,76,83,2473,2800,0.479134,29,10.9816,0,0,4567,101976100123
31.5214,31.7245,7.69231,11.5494,83,76,83,2473,2800,0.479134,29,10.9816,0,0,4567,102007824769
32.1316,31.122,7.69231,11.5494,83,76,83,2473,2800,0.479134,29,10.9816,0,0,4567,102038951739
28.755,34.7765,7.69231,11.5494,83,76,83,2473,2800,0.479134,29,10.9816,0,0,4567,102073728894
34.3738,29.0919,7.69231,11.5494,83,76,83,2473,2800,0.479134,29,10.9816,0,0,4567,102102819782
30.7972,32.4705,7.69231,11.5494,83,76,83,2473,2800,0.479134,29,10.9816,0,0,4567,102135292525
30.4678,32.8215,7.69231,11.5494,83,76,83,2473,2800,0.479134,29,10.9816,0,0,4567,102168115451
30.8474,32.4177,7.69231,11.5494,83,76,83,2473,2800,0.479134,29,10.9816,0,0,4567,102200533031
30.7344,32.5368,7.69231,11.5494,83,76,83,2473,2800,0.479134,29,10.9816,0,0,4567,102233071567
30.422,32.8709,7.69231,11.5494,83,76,83,2473,2800,0.479134,29,10.9816,0,0,4567,102265943745
29.4863,33.9141,7.69231,11.5494,83,76,83,2473,2800,0.479134,29,10.9816,0,0,4567,102299861015
29.9951,33.3387,8.99281,10.9186,83,73,82,2507,2800,0.479134,32,10.9847,0,0,4596,102333200025
30.4294,32.8629,8.99281,10.9186,83,73,82,2507,2800,0.479134,32,10.9847,0,0,4596,102366063457
31.0641,32.1915,8.99281,10.9186,83,73,82,2507,2800,0.479134,32,10.9847,0,0,4596,102398258892
29.6853,33.6868,8.99281,10.9186,83,73,82,2507,2800,0.479134,32,10.9847,0,0,4596,102431942806
27.7676,36.0131,8.99281,10.9186,83,73,82,2507,2800,0.479134,32,10.9847,0,0,4596,102467956871
29.3254,34.1001,8.99281,10.9186,83,73,82,2507,2800,0.479134,32,10.9847,0,0,4596,102502058075
27.5854,36.251,8.99281,10.9186,83,73,82,2507,2800,0.479134,32,10.9847,0,0,4596,102538311206
31.0777,32.1774,8.99281,10.9186,83,73,82,2507,2800,0.479134,32,10.9847,0,0,4596,102570493767
27.9555,35.7711,8.99281,10.9186,83,73,82,2507,2800,0.479134,32,10.9847,0,0,4596,102606266181
30.4681,32.8212,8.99281,10.9186,83,73,82,2507,2800,0.479134,32,10.9847,0,0,4596,102639085871
30.5685,32.7135,8.99281,10.9186,83,73,82,2507,2800,0.479134,32,10.9847,0,0,4596,102671803721
27.9024,35.8392,8.99281,10.9186,83,73,82,2507,2800,0.479134,32,10.9847,0,0,4596,102707640776
29.1554,34.2989,8.99281,10.9186,83,73,82,2507,2800,0.479134,32,10.9847,0,0,4596,102741942554
29.5725,33.8152,8.99281,10.9186,83,73,82,2507,2800,0.479134,32,10.9847,0,0,4596,102775759907
29.043,34.4318,8.99281,10.9186,83,73,82,2507,2800,0.479134,32,10.9847,0,0,4596,102810196186
30.0183,33.3131,13.4804,13.2948,83,75,82,2323,2800,0.479134,32,10.9941,0,0,3941,102843504699
31.8292,31.4176,13.4804,13.2948,83,75,82,2323,2800,0.479134,32,10.9941,0,0,3941,102874924225
29.139,34.3183,13.4804,13.2948,83,75,82,2323,2800,0.479134,32,10.9941,0,0,3941,102909246832
29.4029,34.0102,13.4804,13.2948,83,75,82,2323,2800,0.479134,32,10.9941,0,0,3941,102943259260
31.315,31.9336,13.4804,13.2948,83,75,82,2323,2800,0.479134,32,10.9941,0,0,3941,102975194900
26.5544,37.6586,13.4804,13.2948,83,75,82,2323,2800,0.479134,32,10.9941,0,0,3941,103012852814
29.4715,33.9311,13.4804,13.2948,83,75,82,2323,2800,0.479134,32,10.9941,0,0,3941,103046785803
30.2829,33.0219,13.4804,13.2948,83,75,82,2323,2800,0.479134,32,10.9941,0,0,3941,103079806930
32.4894,30.7793,13.4804,13.2948,83,75,82,2323,2800,0.479134,32,10.9941,0,0,3941,103110589286
32.3006,30.9592,13.4804,13.2948,83,75,82,2323,2800,0.479134,32,10.9941,0,0,3941,103141549875
28.8752,34.6318,13.4804,13.2948,83,75,82,2323,2800,0.479134,32,10.9941,0,0,3941,103176181449
31.984,31.2657,13.4804,13.2948,83,75,82,2323,2800,0.479134,32,10.9941,0,0,3941,103207449813
29.0018,34.4807,13.4804,13.2948,83,75,82,2323,2800,0.479134,32,10.9941,0,0,3941,103241930214
30.6943,32.5794,13.4804,13.2948,83,75,82,2323,2800,0.479134,32,10.9941,0,0,3941,103274512692
31.1358,32.1174,13.4804,13.2948,83,75,82,2323,2800,0.479134,32,10.9941,0,0,3941,103306630502
27.5623,36.2815,13.4804,13.2948,83,75,82,2323,2800,0.479134,32,10.9941,0,0,3941,103342915673
31.8309,31.4161,8.57814,13.1619,83,79,82,2507,2800,0.479134,35,10.9796,0,0,4586,103374331432
29.2296,34.2119,8.57814,13.1619,83,79,82,2507,2800,0.479134,35,10.9796,0,0,4586,103408543272
30.3852,32.9108,8.57814,13.1619,83,79,82,2507,2800,0.479134,35,10.9796,0,0,4586,103441456898
30.512,32.774,8.57814,13.1619,83,79,82,2507,2800,0.479134,35,10.9796,0,0,4586,103474232646
30.3382,32.9617,8.57814,13.1619,83,79,82,2507,2800,0.479134,35,10.9796,0,0,4586,103507193931
29.9847,33.3503,8.57814,13.1619,83,79,82,2507,2800,0.479134,35,10.9796,0,0,4586,103540548921
31.9727,31.2767,8.57814,13.1619,83,79,82,2507,2800,0.479134,35,10.9796,0,0,4586,103571824038
30.8147,32.452,8.57814,13.1619,83,79,82,2507,2800,0.479134,35,10.9796,0,0,4586,103604280991
32.2348,31.0224,8.57814,13.1619,83,79,82,2507,2800,0.479134,35,10.9796,0,0,4586,103635303736
29.84,33.512,8.57814,13.1619,83,79,82,2507,2800,0.479134,35,10.9796,0,0,4586,103668817933
30.3499,32.949,8.57814,13.1619,83,79,82,2507,2800,0.479134,35,10.9796,0,0,4586,103701768659
31.034,32.2227,8.57814,13.1619,83,79,82,2507,2800,0.479134,35,10.9796,0,0,4586,103733991575
29.0582,34.4137,8.57814,13.1619,83,79,82,2507,2800,0.479134,35,10.9796,0,0,4586,103768409680
29.4567,33.9482,8.57814,13.1619,83,79,82,2507,2800,0.479134,35,10.9796,0,0,4586,103802356174
30.1381,33.1806,8.57814,13.1619,83,79,82,2507,2800,0.479134,35,10.9796,0,0,4586,103835537941
32.2606,30.9976,8.57814,13.1619,83,79,82,2507,2800,0.479134,35,10.9796,0,0,4586,103866543905
30.2464,33.0618,8.13397,9.3278,84,74,83,2598,2800,0.479134,39,10.9708,0,0,4581,103899601540
29.5173,33.8784,8.13397,9.3278,84,74,83,2598,2800,0.479134,39,10.9708,0,0,4581,103933481730
28.0362,35.6681,8.13397,9.3278,84,74,83,2598,2800,0.479134,39,10.9708,0,0,4581,103969151112
31.4163,31.8307,8.13397,9.3278,84,74,83,2598,2800,0.479134,39,10.9708,0,0,4581,104000984921
29.7359,33.6294,8.13397,9.3278,84,74,83,2598,2800,0.479134,39,10.9708,0,0,4581,104034618852
29.5745,33.8129,8.13397,9.3278,84,74,83,2598,2800,0.479134,39,10.9708,0,0,4581,104068430695
29.9817,33.3537,8.13397,9.3278,84,74,83,2598,2800,0.479134,39,10.9708,0,0,4581,104101784874
29.7116,33.6569,8.13397,9.3278,84,74,83,2598,2800,0.479134,39,10.9708,0,0,4581,104135442489
29.6348,33.7441,8.13397,9.3278,84,74,83,2598,2800,0.479134,39,10.9708,0,0,4581,104169190412
28.8654,34.6436,8.13397,9.3278,84,74,83,2598,2800,0.479134,39,10.9708,0,0,4581,104203833948
31.7125,31.5333,8.13397,9.3278,84,74,83,2598,2800,0.479134,39,10.9708,0,0,4581,104235371234
22.0636,45.3234,8.13397,9.3278,84,74,83,2598,2800,0.479134,39,10.9708,0,0,4581,104280694451
30.4898,32.7979,8.13397,9.3278,84,74,83,2598,2800,0.479134,39,10.9708,0,0,4581,104313493764
31.0611,32.1946,8.13397,9.3278,84,74,83,2598,2800,0.479134,39,10.9708,0,0,4581,104345688858
30.2842,33.0205,8.13397,9.3278,84,74,83,2598,2800,0.479134,39,10.9708,0,0,4581,104378722468
30.1828,33.1315,7.84314,10.5136,84,73,82,800,2800,0.479134,30,10.9695,0,0,4555,104411850654
29.166,34.2864,7.84314,10.5136,84,73,82,800,2800,0.479134,30,10.9695,0,0,4555,104446137104
28.7345,34.8013,7.84314,10.5136,84,73,82,800,2800,0.479134,30,10.9695,0,0,4555,104480940228
29.4246,33.9852,7.84314,10.5136,84,73,82,800,2800,0.479134,30,10.9695,0,0,4555,104514924993
28.0911,35.5985,7.84314,10.5136,84,73,82,800,2800,0.479134,30,10.9695,0,0,4555,104550527139
27.8173,35.9488,7.84314,10.5136,84,73,82,800,2800,0.479134,30,10.9695,0,0,4555,104586476063
26.9433,37.1149,7.84314,10.5136,84,73,82,800,2800,0.479134,30,10.9695,0,0,4555,104623590713
29.1262,34.3333,7.84314,10.5136,84,73,82,800,2800,0.479134,30,10.9695,0,0,4555,104657927646
28.1521,35.5213,7.84314,10.5136,84,73,82,800,2800,0.479134,30,10.9695,0,0,4555,104693448651
28.6263,34.933,7.84314,10.5136,84,73,82,800,2800,0.479134,30,10.9695,0,0,4555,104728384693
29.3065,34.1221,7.84314,10.5136,84,73,82,800,2800,0.479134,30,10.9695,0,0,4555,104762507426
29.3421,34.0807,7.84314,10.5136,84,73,82,800,2800,0.479134,30,10.9695,0,0,4555,104796588161
28.7883,34.7363,7.84314,10.5136,84,73,82,800,2800,0.479134,30,10.9695,0,0,4555,104831334118
29.92,33.4225,7.84314,10.5136,84,73,82,800,2800,0.479134,30,10.9695,0,0,4555,104864751575
30.3858,32.9101,7.84314,10.5136,84,73,82,800,2800,0.479134,30,10.9695,0,0,4555,104897665532
30.5715,32.7102,12.7893,10.8183,84,73,82,2279,2800,0.479134,30,10.9965,0,0,4525,104930374175
30.002,33.3311,12.7893,10.8183,84,73,82,2279,2800,0.479134,30,10.9965,0,0,4525,104963708476
30.2082,33.1036,12.7893,10.8183,84,73,82,2279,2800,0.479134,30,10.9965,0,0,4525,104996810895
30.723,32.5489,12.7893,10.8183,84,73,82,2279,2800,0.479134,30,10.9965,0,0,4525,105029361883
29.915,33.428,12.7893,10.8183,84,73,82,2279,2800,0.479134,30,10.9965,0,0,4525,105062792124
30.6813,32.5931,12.7893,10.8183,84,73,82,2279,2800,0.479134,30,10.9965,0,0,4525,105095386814
30.149,33.1685,12.7893,10.8183,84,73,82,2279,2800,0.479134,30,10.9965,0,0,4525,105128557159
31.1903,32.0612,12.7893,10.8183,84,73,82,2279,2800,0.479134,30,10.9965,0,0,4525,105160619736
30.4092,32.8848,12.7893,10.8183,84,73,82,2279,2800,0.479134,30,10.9965,0,0,4525,105193505260
30.9033,32.359,12.7893,10.8183,84,73,82,2279,2800,0.479134,30,10.9965,0,0,4525,105225866865
31.1679,32.0843,12.7893,10.8183,84,73,82,2279,2800,0.479134,30,10.9965,0,0,4525,105257953737
31.1622,32.0902,12.7893,10.8183,84,73,82,2279,2800,0.479134,30,10.9965,0,0,4525,105290042002
32.6136,30.6621,12.7893,10.8183,84,73,82,2279,2800,0.479134,30,10.9965,0,0,4525,105320705276
31.5723,31.6734,12.7893,10.8183,84,73,82,2279,2800,0.479134,30,10.9965,0,0,4525,105352383425
31.0707,32.1846,12.7893,10.8183,84,73,82,2279,2800,0.479134,30,10.9965,0,0,4525,105384567549
28.2328,35.4198,12.7893,10.8183,84,73,82,2279,2800,0.479134,30,10.9965,0,0,4525,105419990550
30.907,32.3551,7.21154,12.8642,84,79,82,2496,2800,0.479134,30,10.9967,0,0,4594,105452346154
30.8291,32.4369,7.21154,12.8642,84,79,82,2496,2800,0.479134,30,10.9967,0,0,4594,105484783290
31.7851,31.4612,7.21154,12.8642,84,79,82,2496,2800,0.479134,30,10.9967,0,0,4594,105516244685
31.0939,32.1606,7.21154,12.8642,84,79,82,2496,2800,0.479134,30,10.9967,0,0,4594,105548407639
29.6265,33.7535,7.21154,12.8642,84,79,82,2496,2800,0.479134,30,10.9967,0,0,4594,105582163016
30.5068,32.7796,7.21154,12.8642,84,79,82,2496,2800,0.479134,30,10.9967,0,0,4594,105614945628
29.975,33.3611,7.21154,12.8642,84,79,82,2496,2800,0.479134,30,10.9967,0,0,4594,105648304715
30.3467,32.9525,7.21154,12.8642,84,79,82,2496,2800,0.479134,30,10.9967,0,0,4594,105681260179
29.8518,33.4989,7.21154,12.8642,84,79,82,2496,2800,0.479134,30,10.9967,0,0,4594,105714760811
29.411,34.0009,7.21154,12.8642,84,79,82,2496,2800,0.479134,30,10.9967,0,0,4594,105748760976
30.2753,33.0302,7.21154,12.8642,84,79,82,2496,2800,0.479134,30,10.9967,0,0,4594,105781792642
29.9429,33.3969,7.21154,12.8642,84,79,82,2496,2800,0.479134,30,10.9967,0,0,4594,105815190883
31.1356,32.1175,7.21154,12.8642,84,79,82,2496,2800,0.479134,30,10.9967,0,0,4594,105847308613
29.9396,33.4005,7.21154,12.8642,84,79,82,2496,2800,0.479134,30,10.9967,0,0,4594,105880711412
30.3299,32.9708,7.21154,12.8642,84,79,82,2496,2800,0.479134,30,10.9967,0,0,4594,105913682906
29.803,33.5537,7.21154,12.8642,84,79,82,2496,2800,0.479134,30,10.9967,0,0,4594,105947240735
29.3585,34.0617,7.2619,12.353,84,74,83,2600,2800,0.479134,32,10.9965,0,0,4602,105981302805
31.2564,31.9934,7.2619,12.353,84,74,83,2600,2800,0.479134,32,10.9965,0,0,4602,106013297876
30.0967,33.2263,7.2619,12.353,84,74,83,2600,2800,0.479134,32,10.9965,0,0,4602,106046525378
31.5117,31.7343,7.2619,12.353,84,74,83,2600,2800,0.479134,32,10.9965,0,0,4602,106078259922
31.921,31.3273,7.2619,12.353,84,74,83,2600,2800,0.479134,32,10.9965,0,0,4602,106109587537
31.5214,31.7245,7.2619,12.353,84,74,83,2600,2800,0.479134,32,10.9965,0,0,4602,106141312263
31.2266,32.0239,7.2619,12.353,84,74,83,2600,2800,0.479134,32,10.9965,0,0,4602,106173338411
32.1318,31.1218,7.2619,12.353,84,74,83,2600,2800,0.479134,32,10.9965,0,0,4602,106204464860
31.8606,31.3867,7.2619,12.353,84,74,83,2600,2800,0.479134,32,10.9965,0,0,4602,106235850573
31.2757,31.9737,7.2619,12.353,84,74,83,2600,2800,0.479134,32,10.9965,0,0,4602,106267823843
28.7332,34.803,7.2619,12.353,84,74,83,2600,2800,0.479134,32,10.9965,0,0,4602,106302628190
27.7429,36.0453,7.2619,12.353,84,74,83,2600,2800,0.479134,32,10.9965,0,0,4602,106338678101
30.3842,32.9119,7.2619,12.353,84,74,83,2600,2800,0.479134,32,10.9965,0,0,4602,106371591297
32.3773,30.8858,7.2619,12.353,84,74,83,2600,2800,0.479134,32,10.9965,0,0,4602,106402477617
31.0737,32.1816,7.2619,12.353,84,74,83,2600,2800,0.479134,32,10.9965,0,0,4602,106434659246
30.3595,32.9387,7.2619,12.353,84,74,83,2600,2800,0.479134,32,10.9965,0,0,4602,106467602427
31.487,31.7592,7.8219,10.8812,84,73,82,2534,2800,0.479134,35,10.9984,0,0,4612,106499361006
30.8229,32.4434,7.8219,10.8812,84,73,82,2534,2800,0.479134,35,10.9984,0,0,4612,106531805176
30.9995,32.2586,7.8219,10.8812,84,73,82,2534,2800,0.479134,35,10.9984,0,0,4612,106564063959
30.376,32.9208,7.8219,10.8812,84,73,82,2534,2800,0.479134,35,10.9984,0,0,4612,106596985500
31.7918,31.4546,7.8219,10.8812,84,73,82,2534,2800,0.479134,35,10.9984,0,0,4612,106628441143
30.9295,32.3316,7.8219,10.8812,84,73,82,2534,2800,0.479134,35,10.9984,0,0,4612,106660773955
29.8646,33.4844,7.8219,10.8812,84,73,82,2534,2800,0.479134,35,10.9984,0,0,4612,106694258997
29.529,33.865,7.8219,10.8812,84,73,82,2534,2800,0.479134,35,10.9984,0,0,4612,106728125332
30.8899,32.3731,7.8219,10.8812,84,73,82,2534,2800,0.479134,35,10.9984,0,0,4612,106760501565
31.2819,31.9674,7.8219,10.8812,84,73,82,2534,2800,0.479134,35,10.9984,0,0,4612,106792470517
33.0048,30.2986,7.8219,10.8812,84,73,82,2534,2800,0.479134,35,10.9984,0,0,4612,106822771985
31.4907,31.7555,7.8219,10.8812,84,73,82,2534,2800,0.479134,35,10.9984,0,0,4612,106854527659
31.739,31.507,7.8219,10.8812,84,73,82,2534,2800,0.479134,35,10.9984,0,0,4612,106886035360
30.5066,32.7798,7.8219,10.8812,84,73,82,2534,2800,0.479134,35,10.9984,0,0,4612,106918816128
29.4215,33.9887,7.8219,10.8812,84,73,82,2534,2800,0.479134,35,10.9984,0,0,4612,106952807366
30.0435,33.2851,7.8219,10.8812,84,73,82,2534,2800,0.479134,35,10.9984,0,0,4612,106986095421
32.2373,31.02,12.5457,9.5282,84,72,81,2593,2800,0.479134,34,10.9856,0,0,4599,107017114329
30.6767,32.598,12.5457,9.5282,84,72,81,2593,2800,0.479134,34,10.9856,0,0,4599,107049713307
32.809,30.4794,12.5457,9.5282,84,72,81,2593,2800,0.479134,34,10.9856,0,0,4599,107080194171
37.0519,26.9891,12.5457,9.5282,84,72,81,2593,2800,0.479134,34,10.9856,0,0,4599,107107187642
32.947,30.3518,12.5457,9.5282,84,72,81,2593,2800,0.479134,34,10.9856,0,0,4599,107137538193
30.8913,32.3716,12.5457,9.5282,84,72,81,2593,2800,0.479134,34,10.9856,0,0,4599,107169911149
31.9567,31.2924,12.5457,9.5282,84,72,81,2593,2800,0.479134,34,10.9856,0,0,4599,107201203718
32.6723,30.6069,12.5457,9.5282,84,72,81,2593,2800,0.479134,34,10.9856,0,0,4599,107231811879
32.6188,30.6572,12.5457,9.5282,84,72,81,2593,2800,0.479134,34,10.9856,0,0,4599,107262470835
31.6479,31.5977,12.5457,9.5282,84,72,81,2593,2800,0.479134,34,10.9856,0,0,4599,107294070938
34.9277,28.6306,12.5457,9.5282,84,72,81,2593,2800,0.479134,34,10.9856,0,0,4599,107322705234
33.5976,29.764,12.5457,9.5282,84,72,81,2593,2800,0.479134,34,10.9856,0,0,4599,107352466534
31.3996,31.8475,12.5457,9.5282,84,72,81,2593,2800,0.479134,34,10.9856,0,0,4599,107384315762
31.6174,31.6281,12.5457,9.5282,84,72,81,2593,2800,0.479134,34,10.9856,0,0,4599,107415944930
33.3481,29.9868,12.5457,9.5282,84,72,81,2593,2800,0.479134,34,10.9856,0,0,4599,107445932763
33.469,29.8784,12.5457,9.5282,84,72,81,2593,2800,0.479134,34,10.9856,0,0,4599,107475811522
31.9615,31.2876,12.5457,9.5282,84,72,81,2593,2800,0.479134,34,10.9856,0,0,4599,107507102799
33.573,29.7858,7.48792,13.5722,83,79,81,2600,2800,0.479134,34,10.9815,0,0,4585,107536886991
31.2647,31.9849,7.48792,13.5722,83,79,81,2600,2800,0.479134,34,10.9815,0,0,4585,107568875360
31.4706,31.7757,7.48792,13.5722,83,79,81,2600,2800,0.479134,34,10.9815,0,0,4585,107600652674
33.9645,29.4425,7.48792,13.5722,83,79,81,2600,2800,0.479134,34,10.9815,0,0,4585,107630095098
31.7727,31.4736,7.48792,13.5722,83,79,81,2600,2800,0.479134,34,10.9815,0,0,4585,107661568996
36.2612,27.5777,7.48792,13.5722,83,79,81,2600,2800,0.479134,34,10.9815,0,0,4585,107689150125
35.926,27.835,7.48792,13.5722,83,79,81,2600,2800,0.479134,34,10.9815,0,0,4585,107716989216
33.4338,29.9099,7.48792,13.5722,83,79,81,2600,2800,0.479134,34,10.9815,0,0,4585,107746896959
33.4165,29.9253,7.48792,13.5722,83,79,81,2600,2800,0.479134,34,10.9815,0,0,4585,107776822756
26.4195,37.8509,7.48792,13.5722,83,79,81,2600,2800,0.479134,34,10.9815,0,0,4585,107814675344
37.1443,26.9221,7.48792,13.5722,83,79,81,2600,2800,0.479134,34,10.9815,0,0,4585,107841598835
34.4083,29.0628,7.48792,13.5722,83,79,81,2600,2800,0.479134,34,10.9815,0,0,4585,107870662643
32.2132,31.0432,7.48792,13.5722,83,79,81,2600,2800,0.479134,34,10.9815,0,0,4585,107901711096
32.5699,30.7032,7.48792,13.5722,83,79,81,2600,2800,0.479134,34,10.9815,0,0,4585,107932412341
32.2088,31.0474,7.48792,13.5722,83,79,81,2600,2800,0.479134,34,10.9815,0,0,4585,107963460875
36.5292,27.3754,7.48792,13.5722,83,79,81,2600,2800,0.479134,34,10.9815,0,0,4585,107990839926
35.3206,28.3121,7.48792,13.5722,83,79,81,2600,2800,0.479134,34,10.9815,0,0,4585,108019160476
34.1367,29.294,7.02836,11.3127,83,74,82,2597,2800,0.479134,33,10.9869,0,0,4571,108048450967
39.6562,25.2167,7.02836,11.3127,83,74,82,2597,2800,0.479134,33,10.9869,0,0,4571,108073665537
36.2485,27.5874,7.02836,11.3127,83,74,82,2597,2800,0.479134,33,10.9869,0,0,4571,108101253008
30.4898,32.7979,7.02836,11.3127,83,74,82,2597,2800,0.479134,33,10.9869,0,0,4571,108134056989
33.3763,29.9613,7.02836,11.3127,83,74,82,2597,2800,0.479134,33,10.9869,0,0,4571,108164019154
37.3468,26.7761,7.02836,11.3127,83,74,82,2597,2800,0.479134,33,10.9869,0,0,4571,108190798056
36.0062,27.773,7.02836,11.3127,83,74,82,2597,2800,0.479134,33,10.9869,0,0,4571,108218569901
32.9189,30.3777,7.02836,11.3127,83,74,82,2597,2800,0.479134,33,10.9869,0,0,4571,108248952952
37.8652,26.4095,7.02836,11.3127,83,74,82,2597,2800,0.479134,33,10.9869,0,0,4571,108275359908
36.762,27.202,7.02836,11.3127,83,74,82,2597,2800,0.479134,33,10.9869,0,0,4571,108302563803
33.0283,30.2771,7.02836,11.3127,83,74,82,2597,2800,0.479134,33,10.9869,0,0,4571,108332841728
37.6342,26.5716,7.02836,11.3127,83,74,82,2597,2800,0.479134,33,10.9869,0,0,4571,108359417850
36.2379,27.5954,7.02836,11.3127,83,74,82,2597,2800,0.479134,33,10.9869,0,0,4571,108387014418
33.2044,30.1165,7.02836,11.3127,83,74,82,2597,2800,0.479134,33,10.9869,0,0,4571,108417132935
32.975,30.326,7.02836,11.3127,83,74,82,2597,2800,0.479134,33,10.9869,0,0,4571,108447457727
39.7735,25.1424,7.02836,11.3127,83,74,82,2597,2800,0.479134,33,10.9869,0,0,4571,108472601746
33.0636,30.2447,7.02836,11.3127,83,74,82,2597,2800,0.479134,33,10.9869,0,0,4571,108502849274
31.7007,31.5451,7.02836,11.3127,83,74,82,2597,2800,0.479134,33,10.9869,0,0,4571,108534402489
34.015,29.3988,8.90244,11.9111,83,73,81,2600,2800,0.479134,31,10.9982,0,0,4071,108563795692
36.6669,27.2726,8.90244,11.9111,83,73,81,2600,2800,0.479134,31,10.9982,0,0,4071,108591068906
31.4644,31.782,8.90244,11.9111,83,73,81,2600,2800,0.479134,31,10.9982,0,0,4071,108622851480
32.3733,30.8897,8.90244,11.9111,83,73,81,2600,2800,0.479134,31,10.9982,0,0,4071,108653741367
30.2951,33.0087,8.90244,11.9111,83,73,81,2600,2800,0.479134,31,10.9982,0,0,4071,108686754719
34.6203,28.8847,8.90244,11.9111,83,73,81,2600,2800,0.479134,31,10.9982,0,0,4071,108715638371
32.3201,30.9405,8.90244,11.9111,83,73,81,2600,2800,0.479134,31,10.9982,0,0,4071,108746583681
41.5901,24.0442,8.90244,11.9111,83,73,81,2600,2800,0.479134,31,10.9982,0,0,4071,108770626524
33.1735,30.1446,8.90244,11.9111,83,73,81,2600,2800,0.479134,31,10.9982,0,0,4071,108800773624
34.1182,29.3099,8.90244,11.9111,83,73,81,2600,2800,0.479134,31,10.9982,0,0,4071,108830085876
38.787,25.7818,8.90244,11.9111,83,73,81,2600,2800,0.479134,31,10.9982,0,0,4071,108855869659
38.3532,26.0734,8.90244,11.9111,83,73,81,2600,2800,0.479134,31,10.9982,0,0,4071,108881942321
36.2822,27.5617,8.90244,11.9111,83,73,81,2600,2800,0.479134,31,10.9982,0,0,4071,108909506378
39.9646,25.0221,8.90244,11.9111,83,73,81,2600,2800,0.479134,31,10.9982,0,0,4071,108934530804
34.6244,28.8813,8.90244,11.9111,83,73,81,2600,2800,0.479134,31,10.9982,0,0,4071,108963410958
40.0877,24.9453,8.90244,11.9111,83,73,81,2600,2800,0.479134,31,10.9982,0,0,4071,108988359502
36.9968,27.0294,8.90244,11.9111,83,73,81,2600,2800,0.479134,31,10.9982,0,0,4071,109015388170
33.3708,29.9663,8.90244,11.9111,83,73,81,2600,2800,0.479134,31,10.9982,0,0,4071,109045360443
41.7888,23.9299,11.2346,11.9129,83,73,81,2570,2800,0.479134,35,11.0102,0,0,4602,109069287470
30.3564,32.942,11.2346,11.9129,83,73,81,2570,2800,0.479134,35,11.0102,0,0,4602,109102230470
33.0285,30.2769,11.2346,11.9129,83,73,81,2570,2800,0.479134,35,11.0102,0,0,4602,109132510739
36.2407,27.5933,11.2346,11.9129,83,73,81,2570,2800,0.479134,35,11.0102,0,0,4602,109160104512
40.2673,24.834,11.2346,11.9129,83,73,81,2570,2800,0.479134,35,11.0102,0,0,4602,109184941397
33.7844,29.5995,11.2346,11.9129,83,73,81,2570,2800,0.479134,35,11.0102,0,0,4602,109214541686
42.2545,23.6661,11.2346,11.9129,83,73,81,2570,2800,0.479134,35,11.0102,0,0,4602,109238209018
36.7851,27.1849,11.2346,11.9129,83,73,81,2570,2800,0.479134,35,11.0102,0,0,4602,109265396412
33.8407,29.5502,11.2346,11.9129,83,73,81,2570,2800,0.479134,35,11.0102,0,0,4602,109294945996
40.2474,24.8464,11.2346,11.9129,83,73,81,2570,2800,0.479134,35,11.0102,0,0,4602,109319794703
34.0947,29.3301,11.2346,11.9129,83,73,81,2570,2800,0.479134,35,11.0102,0,0,4602,109349126301
38.1642,26.2026,11.2346,11.9129,83,73,81,2570,2800,0.479134,35,11.0102,0,0,4602,109375332242
37.388,26.7465,11.2346,11.9129,83,73,81,2570,2800,0.479134,35,11.0102,0,0,4602,109402080547
35.4916,28.1757,11.2346,11.9129,83,73,81,2570,2800,0.479134,35,11.0102,0,0,4602,109430253901
40.4766,24.7057,11.2346,11.9129,83,73,81,2570,2800,0.479134,35,11.0102,0,0,4602,109454963749
36.3003,27.548,11.2346,11.9129,83,73,81,2570,2800,0.479134,35,11.0102,0,0,4602,109482512207
33.8784,29.5173,11.2346,11.9129,83,73,81,2570,2800,0.479134,35,11.0102,0,0,4602,109512035643
41.7823,23.9336,11.2346,11.9129,83,73,81,2570,2800,0.479134,35,11.0102,0,0,4602,109535969122
36.2738,27.5681,11.2346,11.9129,83,73,81,2570,2800,0.479134,35,11.0102,0,0,4602,109563546373
39.3061,25.4414,7.29927,11.2325,83,80,81,2533,2800,0.479134,31,11.0077,0,0,4600,109588982477
35.741,27.9791,7.29927,11.2325,83,80,81,2533,2800,0.479134,31,11.0077,0,0,4600,109616960648
32.649,30.6288,7.29927,11.2325,83,80,81,2533,2800,0.479134,31,11.0077,0,0,4600,109647590690
43.083,23.211,7.29927,11.2325,83,80,81,2533,2800,0.479134,31,11.0077,0,0,4600,109670805817
34.7908,28.7433,7.29927,11.2325,83,80,81,2533,2800,0.479134,31,11.0077,0,0,4600,109699547343
34.8573,28.6884,7.29927,11.2325,83,80,81,2533,2800,0.479134,31,11.0077,0,0,4600,109728236921
39.2324,25.4891,7.29927,11.2325,83,80,81,2533,2800,0.479134,31,11.0077,0,0,4600,109753730723
33.9129,29.4873,7.29927,11.2325,83,80,81,2533,2800,0.479134,31,11.0077,0,0,4600,109783218983
43.1514,23.1742,7.29927,11.2325,83,80,81,2533,2800,0.479134,31,11.0077,0,0,4600,109806392643
37.0233,27.01,7.29927,11.2325,83,80,81,2533,2800,0.479134,31,11.0077,0,0,4600,109833403718
34.7888,28.7448,7.29927,11.2325,83,80,81,2533,2800,0.479134,31,11.0077,0,0,4600,109862152767
39.828,25.108,7.29927,11.2325,83,80,81,2533,2800,0.479134,31,11.0077,0,0,4600,109887262111
35.6303,28.066,7.29927,11.2325,83,80,81,2533,2800,0.479134,31,11.0077,0,0,4600,109915328126
42.9318,23.2928,7.29927,11.2325,83,80,81,2533,2800,0.479134,31,11.0077,0,0,4600,109938621228
34.4062,29.0645,7.29927,11.2325,83,80,81,2533,2800,0.479134,31,11.0077,0,0,4600,109967686539
32.3609,30.9015,7.29927,11.2325,83,80,81,2533,2800,0.479134,31,11.0077,0,0,4600,109998591534
35.0579,28.5242,7.29927,11.2325,83,80,81,2533,2800,0.479134,31,11.0077,0,0,4600,110027117217
33.9046,29.4945,7.29927,11.2325,83,80,81,2533,2800,0.479134,31,11.0077,0,0,4600,110056613151
34.6446,28.8645,7.29927,11.2325,83,80,81,2533,2800,0.479134,31,11.0077,0,0,4600,110085484329
33.4247,29.918,7.94224,12.0747,83,74,82,2534,2800,0.479134,28,11.0017,0,0,4623,110115399516
42.7405,23.397,7.94224,12.0747,83,74,82,2534,2800,0.479134,28,11.0017,0,0,4623,110138794910
33.9761,29.4324,7.94224,12.0747,83,74,82,2534,2800,0.479134,28,11.0017,0,0,4623,110168228558
34.0353,29.3813,7.94224,12.0747,83,74,82,2534,2800,0.479134,28,11.0017,0,0,4623,110197613565
40.3262,24.7978,7.94224,12.0747,83,74,82,2534,2800,0.479134,28,11.0017,0,0,4623,110222412530
34.1225,29.3062,7.94224,12.0747,83,74,82,2534,2800,0.479134,28,11.0017,0,0,4623,110251718339
41.5812,24.0493,7.94224,12.0747,83,74,82,2534,2800,0.479134,28,11.0017,0,0,4623,110275767584
35.643,28.056,7.94224,12.0747,83,74,82,2534,2800,0.479134,28,11.0017,0,0,4623,110303828058
35.2976,28.3305,7.94224,12.0747,83,74,82,2534,2800,0.479134,28,11.0017,0,0,4623,110332159428
38.4798,25.9877,7.94224,12.0747,83,74,82,2534,2800,0.479134,28,11.0017,0,0,4623,110358149336
35.553,28.127,7.94224,12.0747,83,74,82,2534,2800,0.479134,28,11.0017,0,0,4623,110386276304
33.4058,29.9349,7.94224,12.0747,83,74,82,2534,2800,0.479134,28,11.0017,0,0,4623,110416214023
40.5106,24.6849,7.94224,12.0747,83,74,82,2534,2800,0.479134,28,11.0017,0,0,4623,110440898093
34.574,28.9234,7.94224,12.0747,83,74,82,2534,2800,0.479134,28,11.0017,0,0,4623,110469823522
33.621,29.7433,7.94224,12.0747,83,74,82,2534,2800,0.479134,28,11.0017,0,0,4623,110499567189
37.8173,26.4429,7.94224,12.0747,83,74,82,2534,2800,0.479134,28,11.0017,0,0,4623,110526011295
33.93,29.4724,7.94224,12.0747,83,74,82,2534,2800,0.479134,28,11.0017,0,0,4623,110555485579
35.3319,28.303,7.94224,12.0747,83,74,82,2534,2800,0.479134,28,11.0017,0,0,4623,110583789809
38.8802,25.72,7.94224,12.0747,83,74,82,2534,2800,0.479134,28,11.0017,0,0,4623,110609513029
33.3866,29.9522,10.0599,10.1935,83,73,81,2499,2800,0.479134,28,11.006,0,0,3914,110639468100
34.6233,28.8822,10.0599,10.1935,83,73,81,2499,2800,0.479134,28,11.006,0,0,3914,110668348506
33.5293,29.8246,10.0599,10.1935,83,73,81,2499,2800,0.479134,28,11.006,0,0,3914,110698176119
36.9657,27.0521,10.0599,10.1935,83,73,81,2499,2800,0.479134,28,11.006,0,0,3914,110725231537
37.4515,26.7012,10.0599,10.1935,83,73,81,2499,2800,0.479134,28,11.006,0,0,3914,110751934196
34.5276,28.9624,10.0599,10.1935,83,73,81,2499,2800,0.479134,28,11.006,0,0,3914,110780895562
43.8857,22.7865,10.0599,10.1935,83,73,81,2499,2800,0.479134,28,11.006,0,0,3914,110803683632
36.2774,27.5654,10.0599,10.1935,83,73,81,2499,2800,0.479134,28,11.006,0,0,3914,110831250103
40.4782,24.7047,10.0599,10.1935,83,73,81,2499,2800,0.479134,28,11.006,0,0,3914,110855956895
36.1936,27.6292,10.0599,10.1935,83,73,81,2499,2800,0.479134,28,11.006,0,0,3914,110883587126
39.9188,25.0508,10.0599,10.1935,83,73,81,2499,2800,0.479134,28,11.006,0,0,3914,110908641598
36.9187,27.0866,10.0599,10.1935,83,73,81,2499,2800,0.479134,28,11.006,0,0,3914,110935729265
33.3466,29.9881,10.0599,10.1935,83,73,81,2499,2800,0.479134,28,11.006,0,0,3914,110965720855
41.8546,23.8922,10.0599,10.1935,83,73,81,2499,2800,0.479134,28,11.006,0,0,3914,110989612345
37.3918,26.7438,10.0599,10.1935,83,73,81,2499,2800,0.479134,28,11.006,0,0,3914,111016356301
44.0463,22.7034,10.0599,10.1935,83,73,81,2499,2800,0.479134,28,11.006,0,0,3914,111039062428
36.105,27.697,10.0599,10.1935,83,73,81,2499,2800,0.479134,28,11.006,0,0,3914,111066759243
40.4723,24.7083,10.0599,10.1935,83,73,81,2499,2800,0.479134,28,11.006,0,0,3914,111091470093
39.2064,25.506,10.0599,10.1935,83,73,81,2499,2800,0.479134,28,11.006,0,0,3914,111116980836
37.4454,26.7056,11.1386,14.3441,83,73,80,2600,2800,0.479134,32,10.9881,0,0,4600,111143688133
39.2202,25.4971,11.1386,14.3441,83,73,80,2600,2800,0.479134,32,10.9881,0,0,4600,111169183017
36.9706,27.0485,11.1386,14.3441,83,73,80,2600,2800,0.479134,32,10.9881,0,0,4600,111196232043
39.3834,25.3914,11.1386,14.3441,83,73,80,2600,2800,0.479134,32,10.9881,0,0,4600,111221625748
35.8899,27.863,11.1386,14.3441,83,73,80,2600,2800,0.479134,32,10.9881,0,0,4600,111249488382
45.176,22.1357,11.1386,14.3441,83,73,80,2600,2800,0.479134,32,10.9881,0,0,4600,111271624585
36.5572,27.3544,11.1386,14.3441,83,73,80,2600,2800,0.479134,32,10.9881,0,0,4600,111298981465
23.803,42.0116,11.1386,14.3441,83,73,80,2600,2800,0.479134,32,10.9881,0,0,4600,111340996465
38.7411,25.8124,11.1386,14.3441,83,73,80,2600,2800,0.479134,32,10.9881,0,0,4600,111366812258
34.9366,28.6232,11.1386,14.3441,83,73,80,2600,2800,0.479134,32,10.9881,0,0,4600,111395438729
41.848,23.896,11.1386,14.3441,83,73,80,2600,2800,0.479134,32,10.9881,0,0,4600,111419332713
33.4108,29.9305,11.1386,14.3441,83,73,80,2600,2800,0.479134,32,10.9881,0,0,4600,111449263971
45.8867,21.7928,11.1386,14.3441,83,73,80,2600,2800,0.479134,32,10.9881,0,0,4600,111471057503
36.5818,27.336,11.1386,14.3441,83,73,80,2600,2800,0.479134,32,10.9881,0,0,4600,111498395759
38.256,26.1397,11.1386,14.3441,83,73,80,2600,2800,0.479134,32,10.9881,0,0,4600,111524536589
35.9959,27.7809,11.1386,14.3441,83,73,80,2600,2800,0.479134,32,10.9881,0,0,4600,111552318122
43.3719,23.0564,11.1386,14.3441,83,73,80,2600,2800,0.479134,32,10.9881,0,0,4600,111575374943
33.6236,29.7411,11.1386,14.3441,83,73,80,2600,2800,0.479134,32,10.9881,0,0,4600,111605118480
33.7619,29.6192,11.1386,14.3441,83,73,80,2600,2800,0.479134,32,10.9881,0,0,4600,111634744207
38.9684,25.6618,8.09179,12.6441,82,80,81,2570,2800,0.479134,31,11.0496,0,0,4602,111660402025
35.6992,28.0119,8.09179,12.6441,82,80,81,2570,2800,0.479134,31,11.0496,0,0,4602,111688415561
34.6619,28.8501,8.09179,12.6441,82,80,81,2570,2800,0.479134,31,11.0496,0,0,4602,111717265880
43.087,23.2088,8.09179,12.6441,82,80,81,2570,2800,0.479134,31,11.0496,0,0,4602,111740477020
34.8024,28.7336,8.09179,12.6441,82,80,81,2570,2800,0.479134,31,11.0496,0,0,4602,111769209839
36.573,27.3426,8.09179,12.6441,82,80,81,2570,2800,0.479134,31,11.0496,0,0,4602,111796553195
35.8432,27.8993,8.09179,12.6441,82,80,81,2570,2800,0.479134,31,11.0496,0,0,4602,111824454692
33.9643,29.4426,8.09179,12.6441,82,80,81,2570,2800,0.479134,31,11.0496,0,0,4602,111853900783
35.6283,28.0676,8.09179,12.6441,82,80,81,2570,2800,0.479134,31,11.0496,0,0,4602,111881971256
35.2784,28.346,8.09179,12.6441,82,80,81,2570,2800,0.479134,31,11.0496,0,0,4602,111910317103
34.3726,29.0929,8.09179,12.6441,82,80,81,2570,2800,0.479134,31,11.0496,0,0,4602,111939412109
34.2174,29.2249,8.09179,12.6441,82,80,81,2570,2800,0.479134,31,11.0496,0,0,4602,111968640283
34.8518,28.6929,8.09179,12.6441,82,80,81,2570,2800,0.479134,31,11.0496,0,0,4602,111997333108
35.916,27.8427,8.09179,12.6441,82,80,81,2570,2800,0.479134,31,11.0496,0,0,4602,112025177248
33.8167,29.5712,8.09179,12.6441,82,80,81,2570,2800,0.479134,31,11.0496,0,0,4602,112054750117
29.8903,33.4557,8.09179,12.6441,82,80,81,2570,2800,0.479134,31,11.0496,0,0,4602,112088206225
35.8902,27.8627,8.09179,12.6441,82,80,81,2570,2800,0.479134,31,11.0496,0,0,4602,112116069882
38.368,26.0634,8.09179,12.6441,82,80,81,2570,2800,0.479134,31,11.0496,0,0,4602,112142138958
34.076,29.3462,8.03461,11.5455,81,73,81,2202,2800,0.479134,29,11.0532,0,0,4577,112171483650
33.2746,30.0529,8.03461,11.5455,81,73,81,2202,2800,0.479134,29,11.0532,0,0,4577,112201536504
38.2651,26.1335,8.03461,11.5455,81,73,81,2202,2800,0.479134,29,11.0532,0,0,4577,112227674849
34.7138,28.807,8.03461,11.5455,81,73,81,2202,2800,0.479134,29,11.0532,0,0,4577,112256480084
34.5641,28.9317,8.03461,11.5455,81,73,81,2202,2800,0.479134,29,11.0532,0,0,4577,112285413308
40.88,24.4618,8.03461,11.5455,81,73,81,2202,2800,0.479134,29,11.0532,0,0,4577,112309878118
34.1068,29.3196,8.03461,11.5455,81,73,81,2202,2800,0.479134,29,11.0532,0,0,4577,112339199226
33.1028,30.209,8.03461,11.5455,81,73,81,2202,2800,0.479134,29,11.0532,0,0,4577,112369407120
38.2717,26.129,8.03461,11.5455,81,73,81,2202,2800,0.479134,29,11.0532,0,0,4577,112395538743
33.5676,29.7906,8.03461,11.5455,81,73,81,2202,2800,0.479134,29,11.0532,0,0,4577,112425329738
33.1372,30.1776,8.03461,11.5455,81,73,81,2202,2800,0.479134,29,11.0532,0,0,4577,112455508407
34.6222,28.8832,8.03461,11.5455,81,73,81,2202,2800,0.479134,29,11.0532,0,0,4577,112484393952
36.9705,27.0486,8.03461,11.5455,81,73,81,2202,2800,0.479134,29,11.0532,0,0,4577,112511443759
33.818,29.5701,8.03461,11.5455,81,73,81,2202,2800,0.479134,29,11.0532,0,0,4577,112541017879
32.298,30.9617,8.03461,11.5455,81,73,81,2202,2800,0.479134,29,11.0532,0,0,4577,112571977707
32.6003,30.6746,8.03461,11.5455,81,73,81,2202,2800,0.479134,29,11.0532,0,0,4577,112602653835
31.9361,31.3125,8.03461,11.5455,81,73,81,2202,2800,0.479134,29,11.0532,0,0,4577,112633966953
36.5487,27.3608,8.03461,11.5455,81,73,81,2202,2800,0.479134,29,11.0532,0,0,4577,112661330475
33.5576,29.7995,10.9223,10.7731,82,73,81,800,2800,0.479134,33,11.0604,0,0,4543,112691132031
32.4763,30.7917,10.9223,10.7731,82,73,81,800,2800,0.479134,33,11.0604,0,0,4543,112721922412
34.6257,28.8803,10.9223,10.7731,82,73,81,800,2800,0.479134,33,11.0604,0,0,4543,112750804891
36.6946,27.252,10.9223,10.7731,82,73,81,800,2800,0.479134,33,11.0604,0,0,4543,112778069850
34.0226,29.3922,10.9223,10.7731,82,73,81,800,2800,0.479134,33,11.0604,0,0,4543,112807457722
32.0837,31.1685,10.9223,10.7731,82,73,81,800,2800,0.479134,33,11.0604,0,0,4543,112838627061
38.0528,26.2793,10.9223,10.7731,82,73,81,800,2800,0.479134,33,11.0604,0,0,4543,112864906159
36.177,27.6419,10.9223,10.7731,82,73,81,800,2800,0.479134,33,11.0604,0,0,4543,112892548693
32.6128,30.6628,10.9223,10.7731,82,73,81,800,2800,0.479134,33,11.0604,0,0,4543,112923212528
36.6045,27.3191,10.9223,10.7731,82,73,81,800,2800,0.479134,33,11.0604,0,0,4543,112950535475
36.5447,27.3638,10.9223,10.7731,82,73,81,800,2800,0.479134,33,11.0604,0,0,4543,112977901653
35.0494,28.5312,10.9223,10.7731,82,73,81,800,2800,0.479134,33,11.0604,0,0,4543,113006433267
35.0302,28.5468,10.9223,10.7731,82,73,81,800,2800,0.479134,33,11.0604,0,0,4543,113034982584
36.6244,27.3042,10.9223,10.7731,82,73,81,800,2800,0.479134,33,11.0604,0,0,4543,113062285924
35.0698,28.5145,10.9223,10.7731,82,73,81,800,2800,0.479134,33,11.0604,0,0,4543,113090802791
34.7926,28.7417,10.9223,10.7731,82,73,81,800,2800,0.479134,33,11.0604,0,0,4543,113119547362
39.9337,25.0415,10.9223,10.7731,82,73,81,800,2800,0.479134,33,11.0604,0,0,4543,113144587467
34.6916,28.8255,10.9223,10.7731,82,73,81,800,2800,0.479134,33,11.0604,0,0,4543,113173417688
33.7861,29.5979,10.049,11.3872,82,72,81,2562,2800,0.479134,34,11.0634,0,0,4585,113203013699
38.8758,25.723,10.049,11.3872,82,72,81,2562,2800,0.479134,34,11.0634,0,0,4585,113228739975
34.7841,28.7488,10.049,11.3872,82,72,81,2562,2800,0.479134,34,11.0634,0,0,4585,113257490007
34.5585,28.9365,10.049,11.3872,82,72,81,2562,2800,0.479134,34,11.0634,0,0,4585,113286425885
41.3616,24.177,10.049,11.3872,82,72,81,2562,2800,0.479134,34,11.0634,0,0,4585,113310607367
33.9252,29.4766,10.049,11.3872,82,72,81,2562,2800,0.479134,34,11.0634,0,0,4585,113340082763
33.5993,29.7625,10.049,11.3872,82,72,81,2562,2800,0.479134,34,11.0634,0,0,4585,113369846537
38.7003,25.8396,10.049,11.3872,82,72,81,2562,2800,0.479134,34,11.0634,0,0,4585,113395689000
35.9834,27.7906,10.049,11.3872,82,72,81,2562,2800,0.479134,34,11.0634,0,0,4585,113423480312
37.0854,26.9648,10.049,11.3872,82,72,81,2562,2800,0.479134,34,11.0634,0,0,4585,113450450821
36.3065,27.5433,10.049,11.3872,82,72,81,2562,2800,0.479134,34,11.0634,0,0,4585,113477991304
34.9751,28.5918,10.049,11.3872,82,72,81,2562,2800,0.479134,34,11.0634,0,0,4585,113506584483
33.4445,29.9003,10.049,11.3872,82,72,81,2562,2800,0.479134,34,11.0634,0,0,4585,113536485754
37.7317,26.5029,10.049,11.3872,82,72,81,2562,2800,0.479134,34,11.0634,0,0,4585,113562987938
35.2809,28.344,10.049,11.3872,82,72,81,2562,2800,0.479134,34,11.0634,0,0,4585,113591335579
34.4643,29.0155,10.049,11.3872,82,72,81,2562,2800,0.479134,34,11.0634,0,0,4585,113620350756
40.1741,24.8916,10.049,11.3872,82,72,81,2562,2800,0.479134,34,11.0634,0,0,4585,113645243425
35.4912,28.176,10.049,11.3872,82,72,81,2562,2800,0.479134,34,11.0634,0,0,4585,113673424594
34.5185,28.9699,7.2956,14.2157,83,81,82,2436,2800,0.479134,36,11.0631,0,0,4603,113702392914
38.1804,26.1914,7.2956,14.2157,83,81,82,2436,2800,0.479134,36,11.0631,0,0,4603,113728585781
35.8538,27.891,7.2956,14.2157,83,81,82,2436,2800,0.479134,36,11.0631,0,0,4603,113756477800
34.3387,29.1217,7.2956,14.2157,83,81,82,2436,2800,0.479134,36,11.0631,0,0,4603,113785602602
41.0187,24.3792,7.2956,14.2157,83,81,82,2436,2800,0.479134,36,11.0631,0,0,4603,113809982083
34.4082,29.0629,7.2956,14.2157,83,81,82,2436,2800,0.479134,36,11.0631,0,0,4603,113839045700
33.1645,30.1527,7.2956,14.2157,83,81,82,2436,2800,0.479134,36,11.0631,0,0,4603,113869199012
39.7211,25.1755,7.2956,14.2157,83,81,82,2436,2800,0.479134,36,11.0631,0,0,4603,113894376343
33.3375,29.9963,7.2956,14.2157,83,81,82,2436,2800,0.479134,36,11.0631,0,0,4603,113924373453
37.2919,26.8155,7.2956,14.2157,83,81,82,2436,2800,0.479134,36,11.0631,0,0,4603,113951194182
38.1169,26.2351,7.2956,14.2157,83,81,82,2436,2800,0.479134,36,11.0631,0,0,4603,113977428276
34.9753,28.5916,7.2956,14.2157,83,81,82,2436,2800,0.479134,36,11.0631,0,0,4603,114006019301
33.8216,29.5669,7.2956,14.2157,83,81,82,2436,2800,0.479134,36,11.0631,0,0,4603,114035588372
34.7987,28.7367,7.2956,14.2157,83,81,82,2436,2800,0.479134,36,11.0631,0,0,4603,114064327563
35.1756,28.4288,7.2956,14.2157,83,81,82,2436,2800,0.479134,36,11.0631,0,0,4603,114092756275
32.81,30.4785,7.2956,14.2157,83,81,82,2436,2800,0.479134,36,11.0631,0,0,4603,114123236547
37.1919,26.8876,7.2956,14.2157,83,81,82,2436,2800,0.479134,36,11.0631,0,0,4603,114150124602
37.0192,27.013,7.2956,14.2157,83,81,82,2436,2800,0.479134,36,11.0631,0,0,4603,114177141939
34.7265,28.7965,7.61548,9.67135,84,72,81,2288,2800,0.479134,30,11.0675,0,0,4605,114205937385
33.7581,29.6225,7.61548,9.67135,84,72,81,2288,2800,0.479134,30,11.0675,0,0,4605,114235562721
37.8982,26.3865,7.61548,9.67135,84,72,81,2288,2800,0.479134,30,11.0675,0,0,4605,114261948358
34.5398,28.9521,7.61548,9.67135,84,72,81,2288,2800,0.479134,30,11.0675,0,0,4605,114290902441
37.6386,26.5685,7.61548,9.67135,84,72,81,2288,2800,0.479134,30,11.0675,0,0,4605,114317471300
38.7852,25.783,7.61548,9.67135,84,72,81,2288,2800,0.479134,30,11.0675,0,0,4605,114343254302
33.3435,29.9908,7.61548,9.67135,84,72,81,2288,2800,0.479134,30,11.0675,0,0,4605,114373248687
33.4726,29.8752,7.61548,9.67135,84,72,81,2288,2800,0.479134,30,11.0675,0,0,4605,114403125372
37.6799,26.5393,7.61548,9.67135,84,72,81,2288,2800,0.479134,30,11.0675,0,0,4605,114429666249
35.0814,28.5051,7.61548,9.67135,84,72,81,2288,2800,0.479134,30,11.0675,0,0,4605,114458172746
32.833,30.4572,7.61548,9.67135,84,72,81,2288,2800,0.479134,30,11.0675,0,0,4605,114488631608
35.1223,28.4719,7.61548,9.67135,84,72,81,2288,2800,0.479134,30,11.0675,0,0,4605,114517103451
37.1636,26.9081,7.61548,9.67135,84,72,81,2288,2800,0.479134,30,11.0675,0,0,4605,114544014308
33.5843,29.7758,7.61548,9.67135,84,72,81,2288,2800,0.479134,30,11.0675,0,0,4605,114573791778
33.7719,29.6104,7.61548,9.67135,84,72,81,2288,2800,0.479134,30,11.0675,0,0,4605,114603402026
37.1106,26.9465,7.61548,9.67135,84,72,81,2288,2800,0.479134,30,11.0675,0,0,4605,114630350925
33.7943,29.5908,7.61548,9.67135,84,72,81,2288,2800,0.479134,30,11.0675,0,0,4605,114659941586
32.5208,30.7495,7.61548,9.67135,84,72,81,2288,2800,0.479134,30,11.0675,0,0,4605,114690696161
35.3572,28.2828,10.7843,12.4996,84,72,82,2226,2800,0.479134,31,11.0666,0,0,4404,114718977357
35.0539,28.5275,10.7843,12.4996,84,72,82,2226,2800,0.479134,31,11.0666,0,0,4404,114747506546
36.7406,27.2179,10.7843,12.4996,84,72,82,2226,2800,0.479134,31,11.0666,0,0,4404,114774727002
32.6971,30.5838,10.7843,12.4996,84,72,82,2226,2800,0.479134,31,11.0666,0,0,4404,114805309936
36.3656,27.4985,10.7843,12.4996,84,72,82,2226,2800,0.479134,31,11.0666,0,0,4404,114832814783
35.6639,28.0396,10.7843,12.4996,84,72,82,2226,2800,0.479134,31,11.0666,0,0,4404,114860852705
30.9289,32.3322,10.7843,12.4996,84,72,82,2226,2800,0.479134,31,11.0666,0,0,4404,114893185666
25.4966,39.2209,10.7843,12.4996,84,72,82,2226,2800,0.479134,31,11.0666,0,0,4404,114932407661
27.0642,36.9492,10.7843,12.4996,84,72,82,2226,2800,0.479134,31,11.0666,0,0,4404,114969358656
25.3981,39.373,10.7843,12.4996,84,72,82,2226,2800,0.479134,31,11.0666,0,0,4404,115008731522
26.3851,37.9002,10.7843,12.4996,84,72,82,2226,2800,0.479134,31,11.0666,0,0,4404,115046633051
23.4547,42.6353,10.7843,12.4996,84,72,82,2226,2800,0.479134,31,11.0666,0,0,4404,115089270253
24.4307,40.9321,10.7843,12.4996,84,72,82,2226,2800,0.479134,31,11.0666,0,0,4404,115130203232
24.8521,40.2381,10.7843,12.4996,84,72,82,2226,2800,0.479134,31,11.0666,0,0,4404,115170442877
25.1764,39.7198,10.7843,12.4996,84,72,82,2226,2800,0.479134,31,11.0666,0,0,4404,115210166789
24.0379,41.601,9.62241,11.0347,84,72,81,2600,2800,0.478642,36,11.0734,0,0,4593,115251767926
24.9018,40.1577,9.62241,11.0347,84,72,81,2600,2800,0.478642,36,11.0734,0,0,4593,115291924937
26.1799,38.1972,9.62241,11.0347,84,72,81,2600,2800,0.478642,36,11.0734,0,0,4593,115330125455
24.9088,40.1465,9.62241,11.0347,84,72,81,2600,2800,0.478642,36,11.0734,0,0,4593,115370273298
24.8245,40.2827,9.62241,11.0347,84,72,81,2600,2800,0.478642,36,11.0734,0,0,4593,115410557406
25.6431,38.9969,9.62241,11.0347,84,72,81,2600,2800,0.478642,36,11.0734,0,0,4593,115449555904
24.6618,40.5486,9.62241,11.0347,84,72,81,2600,2800,0.478642,36,11.0734,0,0,4593,115490106930
24.8757,40.1999,9.62241,11.0347,84,72,81,2600,2800,0.478642,36,11.0734,0,0,4593,115530306240
25.2795,39.5577,9.62241,11.0347,84,72,81,2600,2800,0.478642,36,11.0734,0,0,4593,115569867929
26.6334,37.5469,9.62241,11.0347,84,72,81,2600,2800,0.478642,36,11.0734,0,0,4593,115607416449
26.7874,37.331,9.62241,11.0347,84,72,81,2600,2800,0.478642,36,11.0734,0,0,4593,115644748475
23.4703,42.607,9.62241,11.0347,84,72,81,2600,2800,0.478642,36,11.0734,0,0,4593,115687356792
26.0387,38.4043,9.62241,11.0347,84,72,81,2600,2800,0.478642,36,11.0734,0,0,4593,115725766040
26.1951,38.1751,8.50547,13.444,83,80,80,2590,2800,0.478642,32,11.0712,0,0,4592,115763938485
24.6753,40.5264,8.50547,13.444,83,80,80,2590,2800,0.478642,32,11.0712,0,0,4592,115804465005
25.7405,38.8493,8.50547,13.444,83,80,80,2590,2800,0.478642,32,11.0712,0,0,4592,115843315316
24.0002,41.6663,8.50547,13.444,83,80,80,2590,2800,0.478642,32,11.0712,0,0,4592,115884982346
25.9735,38.5007,8.50547,13.444,83,80,80,2590,2800,0.478642,32,11.0712,0,0,4592,115923483786
25.1925,39.6943,8.50547,13.444,83,80,80,2590,2800,0.478642,32,11.0712,0,0,4592,115963180928
25.5072,39.2046,8.50547,13.444,83,80,80,2590,2800,0.478642,32,11.0712,0,0,4592,116002388175
26.7423,37.3939,8.50547,13.444,83,80,80,2590,2800,0.478642,32,11.0712,0,0,4592,116039781655
25.0752,39.8801,8.50547,13.444,83,80,80,2590,2800,0.478642,32,11.0712,0,0,4592,116079664715
24.4439,40.91,8.50547,13.444,83,80,80,2590,2800,0.478642,32,11.0712,0,0,4592,116120578228
26.6479,37.5264,8.50547,13.444,83,80,80,2590,2800,0.478642,32,11.0712,0,0,4592,116158103915
26.5666,37.6413,8.50547,13.444,83,80,80,2590,2800,0.478642,32,11.0712,0,0,4592,116195746260
24.958,40.0673,8.50547,13.444,83,80,80,2590,2800,0.478642,32,11.0712,0,0,4592,116235815137
25.794,38.7688,7.78739,11.8369,82,73,80,2600,2800,0.478642,36,11.0757,0,0,4617,116274583965
25.8728,38.6507,7.78739,11.8369,82,73,80,2600,2800,0.478642,36,11.0757,0,0,4617,116313237959
24.8968,40.1658,7.78739,11.8369,82,73,80,2600,2800,0.478642,36,11.0757,0,0,4617,116353404798
26.2694,38.067,7.78739,11.8369,82,73,80,2600,2800,0.478642,36,11.0757,0,0,4617,116391471045
25.7373,38.8541,7.78739,11.8369,82,73,80,2600,2800,0.478642,36,11.0757,0,0,4617,116430326315
24.5491,40.7347,7.78739,11.8369,82,73,80,2600,2800,0.478642,36,11.0757,0,0,4617,116471062377
25.8679,38.6579,7.78739,11.8369,82,73,80,2600,2800,0.478642,36,11.0757,0,0,4617,116509743402
25.2647,39.581,7.78739,11.8369,82,73,80,2600,2800,0.478642,36,11.0757,0,0,4617,116549305482
21.9087,45.644,7.78739,11.8369,82,73,80,2600,2800,0.478642,36,11.0757,0,0,4617,116594950389
27.4317,36.4541,7.78739,11.8369,82,73,80,2600,2800,0.478642,36,11.0757,0,0,4617,116631405177
23.5578,42.4487,7.78739,11.8369,82,73,80,2600,2800,0.478642,36,11.0757,0,0,4617,116673857063
25.4312,39.3218,7.78739,11.8369,82,73,80,2600,2800,0.478642,36,11.0757,0,0,4617,116713179465
23.8992,41.8424,7.78739,11.8369,82,73,80,2600,2800,0.478642,36,11.0757,0,0,4617,116755026521
26.1878,38.1857,12.5908,13.6555,82,73,81,2600,2800,0.479134,35,11.0871,0,0,4563,116793210828
23.5031,42.5475,12.5908,13.6555,82,73,81,2600,2800,0.479134,35,11.0871,0,0,4563,116835758493
26.8415,37.2557,12.5908,13.6555,82,73,81,2600,2800,0.479134,35,11.0871,0,0,4563,116873015459
26.1127,38.2955,12.5908,13.6555,82,73,81,2600,2800,0.479134,35,11.0871,0,0,4563,116911311364
23.3621,42.8043,12.5908,13.6555,82,73,81,2600,2800,0.479134,35,11.0871,0,0,4563,116954121339
25.0874,39.8606,12.5908,13.6555,82,73,81,2600,2800,0.479134,35,11.0871,0,0,4563,116993980703
26.3568,37.9409,12.5908,13.6555,82,73,81,2600,2800,0.479134,35,11.0871,0,0,4563,117031922277
26.0649,38.3658,12.5908,13.6555,82,73,81,2600,2800,0.479134,35,11.0871,0,0,4563,117070288013
26.12,38.2848,12.5908,13.6555,82,73,81,2600,2800,0.479134,35,11.0871,0,0,4563,117108574552
25.5399,39.1544,12.5908,13.6555,82,73,81,2600,2800,0.479134,35,11.0871,0,0,4563,117147731004
23.9,41.841,12.5908,13.6555,82,73,81,2600,2800,0.479134,35,11.0871,0,0,4563,117189572670
26.2717,38.0637,12.5908,13.6555,82,73,81,2600,2800,0.479134,35,11.0871,0,0,4563,117227638286
26.3416,37.9627,12.5908,13.6555,82,73,81,2600,2800,0.479134,35,11.0871,0,0,4563,117265605007
25.414,39.3485,8.64198,10.9992,82,73,80,2594,2800,0.479134,31,11.0897,0,0,4600,117304953758
25.366,39.4228,8.64198,10.9992,82,73,80,2594,2800,0.479134,31,11.0897,0,0,4600,117344376728
24.8203,40.2896,8.64198,10.9992,82,73,80,2594,2800,0.479134,31,11.0897,0,0,4600,117384667799
22.2107,45.0233,8.64198,10.9992,82,73,80,2594,2800,0.479134,31,11.0897,0,0,4600,117429691226
26.0987,38.3161,8.64198,10.9992,82,73,80,2594,2800,0.479134,31,11.0897,0,0,4600,117468008592
25.7241,38.8741,8.64198,10.9992,82,73,80,2594,2800,0.479134,31,11.0897,0,0,4600,117506884190
26.0176,38.4356,8.64198,10.9992,82,73,80,2594,2800,0.479134,31,11.0897,0,0,4600,117545321820
25.0859,39.863,8.64198,10.9992,82,73,80,2594,2800,0.479134,31,11.0897,0,0,4600,117585185103
25.3671,39.4211,8.64198,10.9992,82,73,80,2594,2800,0.479134,31,11.0897,0,0,4600,117624609986
26.2076,38.1569,8.64198,10.9992,82,73,80,2594,2800,0.479134,31,11.0897,0,0,4600,117662767764
25.6421,38.9984,8.64198,10.9992,82,73,80,2594,2800,0.479134,31,11.0897,0,0,4600,117701768966
25.2293,39.6364,8.64198,10.9992,82,73,80,2594,2800,0.479134,31,11.0897,0,0,4600,117741406036
26.4514,37.8051,8.64198,10.9992,82,73,80,2594,2800,0.479134,31,11.0897,0,0,4600,117779216946
25.5534,39.1337,8.08824,15.0403,82,80,80,800,2800,0.479134,31,11.0864,0,0,4576,117818346869
25.0093,39.9851,8.08824,15.0403,82,80,80,800,2800,0.479134,31,11.0864,0,0,4576,117858335305
25.742,38.847,8.08824,15.0403,82,80,80,800,2800,0.479134,31,11.0864,0,0,4576,117897184153
26.422,37.8472,8.08824,15.0403,82,80,80,800,2800,0.479134,31,11.0864,0,0,4576,117935031942
25.6348,39.0095,8.08824,15.0403,82,80,80,800,2800,0.479134,31,11.0864,0,0,4576,117974041510
25.7747,38.7978,8.08824,15.0403,82,80,80,800,2800,0.479134,31,11.0864,0,0,4576,118012842339
26.5007,37.7348,8.08824,15.0403,82,80,80,800,2800,0.479134,31,11.0864,0,0,4576,118050580503
24.6911,40.5005,8.08824,15.0403,82,80,80,800,2800,0.479134,31,11.0864,0,0,4576,118091080754
26.1427,38.2516,8.08824,15.0403,82,80,80,800,2800,0.479134,31,11.0864,0,0,4576,118129335162
25.1237,39.8031,8.08824,15.0403,82,80,80,800,2800,0.479134,31,11.0864,0,0,4576,118169138463
26.8344,37.2656,8.08824,15.0403,82,80,80,800,2800,0.479134,31,11.0864,0,0,4576,118206403784
26.223,38.1345,8.08824,15.0403,82,80,80,800,2800,0.479134,31,11.0864,0,0,4576,118244539921
24.9871,40.0207,8.08824,15.0403,82,80,80,800,2800,0.479134,31,11.0864,0,0,4576,118284562260
25.0988,39.8425,7.84558,11.1972,82,72,80,2600,2800,0.479134,29,11.0868,0,0,4622,118324404173
25.7154,38.8872,7.84558,11.1972,82,72,80,2600,2800,0.479134,29,11.0868,0,0,4622,118363294128
26.1218,38.2823,7.84558,11.1972,82,72,80,2600,2800,0.479134,29,11.0868,0,0,4622,118401575075
25.5848,39.0857,7.84558,11.1972,82,72,80,2600,2800,0.479134,29,11.0868,0,0,4622,118440662910
25.1988,39.6844,7.84558,11.1972,82,72,80,2600,2800,0.479134,29,11.0868,0,0,4622,118480349943
23.5067,42.5411,7.84558,11.1972,82,72,80,2600,2800,0.479134,29,11.0868,0,0,4622,118522892908
25.2008,39.6814,7.84558,11.1972,82,72,80,2600,2800,0.479134,29,11.0868,0,0,4622,118562576415
24.3707,41.0329,7.84558,11.1972,82,72,80,2600,2800,0.479134,29,11.0868,0,0,4622,118603610453
24.8713,40.2071,7.84558,11.1972,82,72,80,2600,2800,0.479134,29,11.0868,0,0,4622,118643821605
23.7423,42.1189,7.84558,11.1972,82,72,80,2600,2800,0.479134,29,11.0868,0,0,4622,118685938305
24.4368,40.9218,7.84558,11.1972,82,72,80,2600,2800,0.479134,29,11.0868,0,0,4622,118726863099
26.5345,37.6869,7.84558,11.1972,82,72,80,2600,2800,0.479134,29,11.0868,0,0,4622,118764551350
22.907,43.6547,7.84558,11.1972,82,72,80,2600,2800,0.479134,29,11.0868,0,0,4622,118808214377
26.8675,37.2197,13.0539,14.0646,82,74,81,2600,2800,0.479134,32,11.0935,0,0,4115,118845428242
23.6129,42.3498,13.0539,14.0646,82,74,81,2600,2800,0.479134,32,11.0935,0,0,4115,118887779169
25.4227,39.3349,13.0539,14.0646,82,74,81,2600,2800,0.479134,32,11.0935,0,0,4115,118927114806
26.6169,37.5702,13.0539,14.0646,82,74,81,2600,2800,0.479134,32,11.0935,0,0,4115,118964687501
24.35,41.0677,13.0539,14.0646,82,74,81,2600,2800,0.479134,32,11.0935,0,0,4115,119005758348
25.3957,39.3767,13.0539,14.0646,82,74,81,2600,2800,0.479134,32,11.0935,0,0,4115,119045133349
25.5579,39.1269,13.0539,14.0646,82,74,81,2600,2800,0.479134,32,11.0935,0,0,4115,119084261999
25.4069,39.3593,13.0539,14.0646,82,74,81,2600,2800,0.479134,32,11.0935,0,0,4115,119123622833
26.7709,37.354,13.0539,14.0646,82,74,81,2600,2800,0.479134,32,11.0935,0,0,4115,119160979666
27.2515,36.6952,13.0539,14.0646,82,74,81,2600,2800,0.479134,32,11.0935,0,0,4115,119197676886
27.2812,36.6553,13.0539,14.0646,82,74,81,2600,2800,0.479134,32,11.0935,0,0,4115,119234330054
25.8802,38.6396,13.0539,14.0646,82,74,81,2600,2800,0.479134,32,11.0935,0,0,4115,119272973980
27.2632,36.6795,13.0539,14.0646,82,74,81,2600,2800,0.479134,32,11.0935,0,0,4115,119309661212
26.6622,37.5063,8.64662,11.2715,82,73,80,2537,2800,0.479134,41,11.0938,0,0,4544,119347161792
25.6412,38.9997,8.64662,11.2715,82,73,80,2537,2800,0.479134,41,11.0938,0,0,4544,119386162825
25.0742,39.8816,8.64662,11.2715,82,73,80,2537,2800,0.479134,41,11.0938,0,0,4544,119426049140
25.0365,39.9417,8.64662,11.2715,82,73,80,2537,2800,0.479134,41,11.0938,0,0,4544,119465990678
27.184,36.7863,8.64662,11.2715,82,73,80,2537,2800,0.479134,41,11.0938,0,0,4544,119502778067
26.2053,38.1602,8.64662,11.2715,82,73,80,2537,2800,0.479134,41,11.0938,0,0,4544,119540939632
27.3125,36.6132,8.64662,11.2715,82,73,80,2537,2800,0.479134,41,11.0938,0,0,4544,119577557164
28.2632,35.3816,8.64662,11.2715,82,73,80,2537,2800,0.479134,41,11.0938,0,0,4544,119612938277
29.2933,34.1375,8.64662,11.2715,82,73,80,2537,2800,0.479134,41,11.0938,0,0,4544,119647078112
26.647,37.5277,8.64662,11.2715,82,73,80,2537,2800,0.479134,41,11.0938,0,0,4544,119684613949
27.6478,36.1692,8.64662,11.2715,82,73,80,2537,2800,0.479134,41,11.0938,0,0,4544,119720780368
26.4745,37.7722,8.64662,11.2715,82,73,80,2537,2800,0.479134,41,11.0938,0,0,4544,119758551814
28.1157,35.5673,8.64662,11.2715,82,73,80,2537,2800,0.479134,41,11.0938,0,0,4544,119794120768
28.4627,35.1337,8.64662,11.2715,82,73,80,2537,2800,0.479134,41,11.0938,0,0,4544,119829257084
28.662,34.8895,8.69565,12.3869,82,80,80,2167,2800,0.479134,35,11.094,0,0,4594,119864145999
27.9779,35.7425,8.69565,12.3869,82,80,80,2167,2800,0.479134,35,11.094,0,0,4594,119899890951
27.0272,36.9997,8.69565,12.3869,82,80,80,2167,2800,0.479134,35,11.094,0,0,4594,119936890115
26.1549,38.2338,8.69565,12.3869,82,80,80,2167,2800,0.479134,35,11.094,0,0,4594,119975127331
27.8065,35.9628,8.69565,12.3869,82,80,80,2167,2800,0.479134,35,11.094,0,0,4594,120011090812
27.5204,36.3367,8.69565,12.3869,82,80,80,2167,2800,0.479134,35,11.094,0,0,4594,120047427339
27.4001,36.4962,8.69565,12.3869,82,80,80,2167,2800,0.479134,35,11.094,0,0,4594,120083924787
27.7319,36.0596,8.69565,12.3869,82,80,80,2167,2800,0.479134,35,11.094,0,0,4594,120119985138
26.611,37.5784,8.69565,12.3869,82,80,80,2167,2800,0.479134,35,11.094,0,0,4594,120157566580
28.2646,35.3799,8.69565,12.3869,82,80,80,2167,2800,0.479134,35,11.094,0,0,4594,120192946130
28.4842,35.1071,8.69565,12.3869,82,80,80,2167,2800,0.479134,35,11.094,0,0,4594,120228056017
27.7032,36.0969,8.69565,12.3869,82,80,80,2167,2800,0.479134,35,11.094,0,0,4594,120264154770
27.7173,36.0786,8.69565,12.3869,82,80,80,2167,2800,0.479134,35,11.094,0,0,4594,120300235349
27.2459,36.7028,8.69565,12.3869,82,80,80,2167,2800,0.479134,35,11.094,0,0,4594,120336940845
25.4742,39.2554,8.64198,11.2903,81,73,80,2571,2800,0.479134,35,11.0934,0,0,4585,120376194749
27.0327,36.9923,8.64198,11.2903,81,73,80,2571,2800,0.479134,35,11.0934,0,0,4585,120413189796
26.3508,37.9495,8.64198,11.2903,81,73,80,2571,2800,0.479134,35,11.0934,0,0,4585,120451138583
25.4029,39.3656,8.64198,11.2903,81,73,80,2571,2800,0.479134,35,11.0934,0,0,4585,120490507743
25.5433,39.1492,8.64198,11.2903,81,73,80,2571,2800,0.479134,35,11.0934,0,0,4585,120529659527
26.4422,37.8183,8.64198,11.2903,81,73,80,2571,2800,0.479134,35,11.0934,0,0,4585,120567479023
25.8304,38.7141,8.64198,11.2903,81,73,80,2571,2800,0.479134,35,11.0934,0,0,4585,120606192498
24.1955,41.3299,8.64198,11.2903,81,73,80,2571,2800,0.479134,35,11.0934,0,0,4585,120647523260
24.2657,41.2104,8.64198,11.2903,81,73,80,2571,2800,0.479134,35,11.0934,0,0,4585,120688734349
25.2057,39.6735,8.64198,11.2903,81,73,80,2571,2800,0.479134,35,11.0934,0,0,4585,120728411664
25.6174,39.0359,8.64198,11.2903,81,73,80,2571,2800,0.479134,35,11.0934,0,0,4585,120767448263
24.2396,41.2547,8.64198,11.2903,81,73,80,2571,2800,0.479134,35,11.0934,0,0,4585,120808703775
25.8474,38.6885,8.64198,11.2903,81,73,80,2571,2800,0.479134,35,11.0934,0,0,4585,120847395690
25.8781,38.6427,14.0567,12.0365,81,73,80,2599,2800,0.479134,29,11.1056,0,0,4581,120886037721
25.4952,39.223,14.0567,12.0365,81,73,80,2599,2800,0.479134,29,11.1056,0,0,4581,120925261179
26.8083,37.3019,14.0567,12.0365,81,73,80,2599,2800,0.479134,29,11.1056,0,0,4581,120962565183
26.1769,38.2016,14.0567,12.0365,81,73,80,2599,2800,0.479134,29,11.1056,0,0,4581,121000767193
25.9381,38.5534,14.0567,12.0365,81,73,80,2599,2800,0.479134,29,11.1056,0,0,4581,121039320479
24.9841,40.0255,14.0567,12.0365,81,73,80,2599,2800,0.479134,29,11.1056,0,0,4581,121079347647
25.8148,38.7374,14.0567,12.0365,81,73,80,2599,2800,0.479134,29,11.1056,0,0,4581,121118089235
24.6948,40.4943,14.0567,12.0365,81,73,80,2599,2800,0.479134,29,11.1056,0,0,4581,121158583455
23.1896,43.1228,14.0567,12.0365,81,73,80,2599,2800,0.479134,29,11.1056,0,0,4581,121201706875
26.7099,37.4392,14.0567,12.0365,81,73,80,2599,2800,0.479134,29,11.1056,0,0,4581,121239150078
24.3735,41.0281,14.0567,12.0365,81,73,80,2599,2800,0.479134,29,11.1056,0,0,4581,121280178506
24.2597,41.2207,14.0567,12.0365,81,73,80,2599,2800,0.479134,29,11.1056,0,0,4581,121321400004
23.8049,42.0081,14.0567,12.0365,81,73,80,2599,2800,0.479134,29,11.1056,0,0,4581,121363414834
23.4433,42.6561,8.42491,14.3902,81,73,79,2600,2800,0.479134,36,11.1058,0,0,4607,121406066773
25.7207,38.8792,8.42491,14.3902,81,73,79,2600,2800,0.479134,36,11.1058,0,0,4607,121444947671
26.1346,38.2635,8.42491,14.3902,81,73,79,2600,2800,0.479134,36,11.1058,0,0,4607,121483214622
24.6589,40.5533,8.42491,14.3902,81,73,79,2600,2800,0.479134,36,11.1058,0,0,4607,121523768033
26.6615,37.5073,8.42491,14.3902,81,73,79,2600,2800,0.479134,36,11.1058,0,0,4607,121561278061
27.9817,35.7376,8.42491,14.3902,81,73,79,2600,2800,0.479134,36,11.1058,0,0,4607,121597016802
26.8263,37.2769,8.42491,14.3902,81,73,79,2600,2800,0.479134,36,11.1058,0,0,4607,121634295939
24.7906,40.3378,8.42491,14.3902,81,73,79,2600,2800,0.479134,36,11.1058,0,0,4607,121674636523
26.615,37.5728,8.42491,14.3902,81,73,79,2600,2800,0.479134,36,11.1058,0,0,4607,121712210761
26.0505,38.3869,8.42491,14.3902,81,73,79,2600,2800,0.479134,36,11.1058,0,0,4607,121750597947
25.3055,39.5171,8.42491,14.3902,81,73,79,2600,2800,0.479134,36,11.1058,0,0,4607,121790117167
28.18,35.4861,8.42491,14.3902,81,73,79,2600,2800,0.479134,36,11.1058,0,0,4607,121825605039
27.9858,35.7324,8.42491,14.3902,81,73,79,2600,2800,0.479134,36,11.1058,0,0,4607,121861338881
28.8066,34.7142,8.42491,14.3902,81,73,79,2600,2800,0.479134,36,11.1058,0,0,4607,121896056415
27.2166,36.7422,8.52071,14.4723,81,81,80,2181,2800,0.479134,35,11.105,0,0,4626,121932796416
26.3988,37.8805,8.52071,14.4723,81,81,80,2181,2800,0.479134,35,11.105,0,0,4626,121970678509
28.742,34.7923,8.52071,14.4723,81,81,80,2181,2800,0.479134,35,11.105,0,0,4626,122005473628
28.6547,34.8983,8.52071,14.4723,81,81,80,2181,2800,0.479134,35,11.105,0,0,4626,122040373091
27.0252,37.0025,8.52071,14.4723,81,81,80,2181,2800,0.479134,35,11.105,0,0,4626,122077376824
29.5319,33.8617,8.52071,14.4723,81,81,80,2181,2800,0.479134,35,11.105,0,0,4626,122111240494
29.5834,33.8027,8.52071,14.4723,81,81,80,2181,2800,0.479134,35,11.105,0,0,4626,122145046085
26.2436,38.1046,8.52071,14.4723,81,81,80,2181,2800,0.479134,35,11.105,0,0,4626,122183150243
29.2262,34.2158,8.52071,14.4723,81,81,80,2181,2800,0.479134,35,11.105,0,0,4626,122217368044
26.5447,37.6723,8.52071,14.4723,81,81,80,2181,2800,0.479134,35,11.105,0,0,4626,122255040305
28.4384,35.1637,8.52071,14.4723,81,81,80,2181,2800,0.479134,35,11.105,0,0,4626,122290205585
28.4173,35.1899,8.52071,14.4723,81,81,80,2181,2800,0.479134,35,11.105,0,0,4626,122325395722
28.3929,35.2201,8.52071,14.4723,81,81,80,2181,2800,0.479134,35,11.105,0,0,4626,122360621064
29.0521,34.421,8.52071,14.4723,81,81,80,2181,2800,0.479134,35,11.105,0,0,4626,122395043267
28.0866,35.6042,8.52071,14.4723,81,81,80,2181,2800,0.479134,35,11.105,0,0,4626,122430652005
28.1592,35.5124,8.47059,13.6954,80,73,79,2600,2800,0.479134,33,11.1033,0,0,4600,122466163562
21.54,46.4252,8.47059,13.6954,80,73,79,2600,2800,0.479134,33,11.1033,0,0,4600,122512589438
26.6049,37.5871,8.47059,13.6954,80,73,79,2600,2800,0.479134,33,11.1033,0,0,4600,122550176920
28.5455,35.0318,8.47059,13.6954,80,73,79,2600,2800,0.479134,33,11.1033,0,0,4600,122585211577
25.2314,39.6331,8.47059,13.6954,80,73,79,2600,2800,0.479134,33,11.1033,0,0,4600,122624846993
27.7777,36.0001,8.47059,13.6954,80,73,79,2600,2800,0.479134,33,11.1033,0,0,4600,122660849086
27.2154,36.7439,8.47059,13.6954,80,73,79,2600,2800,0.479134,33,11.1033,0,0,4600,122697592693
28.3619,35.2586,8.47059,13.6954,80,73,79,2600,2800,0.479134,33,11.1033,0,0,4600,122732851799
27.7111,36.0866,8.47059,13.6954,80,73,79,2600,2800,0.479134,33,11.1033,0,0,4600,122768940844
24.6922,40.4985,8.47059,13.6954,80,73,79,2600,2800,0.479134,33,11.1033,0,0,4600,122809443580
29.1405,34.3164,8.47059,13.6954,80,73,79,2600,2800,0.479134,33,11.1033,0,0,4600,122843757831
27.9043,35.8367,8.47059,13.6954,80,73,79,2600,2800,0.479134,33,11.1033,0,0,4600,122879598161
27.7423,36.046,8.47059,13.6954,80,73,79,2600,2800,0.479134,33,11.1033,0,0,4600,122915644447
28.5029,35.0841,8.47059,13.6954,80,73,79,2600,2800,0.479134,33,11.1033,0,0,4600,122950739345
27.105,36.8936,12.954,13.8976,81,72,78,2229,2800,0.479134,32,11.0975,0,0,4595,122987626290
27.0514,36.9667,12.954,13.8976,81,72,78,2229,2800,0.479134,32,11.0975,0,0,4595,123024595128
29.9979,33.3357,12.954,13.8976,81,72,78,2229,2800,0.479134,32,11.0975,0,0,4595,123057932756
28.8123,34.7074,12.954,13.8976,81,72,78,2229,2800,0.479134,32,11.0975,0,0,4595,123092639950
29.7619,33.6,12.954,13.8976,81,72,78,2229,2800,0.479134,32,11.0975,0,0,4595,123126243304
27.4295,36.4571,12.954,13.8976,81,72,78,2229,2800,0.479134,32,11.0975,0,0,4595,123162702019
28.2258,35.4286,12.954,13.8976,81,72,78,2229,2800,0.479134,32,11.0975,0,0,4595,123198134078
29.4441,33.9626,12.954,13.8976,81,72,78,2229,2800,0.479134,32,11.0975,0,0,4595,123232096792
28.7651,34.7643,12.954,13.8976,81,72,78,2229,2800,0.479134,32,11.0975,0,0,4595,123266861364
25.9068,38.5999,12.954,13.8976,81,72,78,2229,2800,0.479134,32,11.0975,0,0,4595,123305463061
27.0271,36.9999,12.954,13.8976,81,72,78,2229,2800,0.479134,32,11.0975,0,0,4595,123342465782
27.3959,36.5018,12.954,13.8976,81,72,78,2229,2800,0.479134,32,11.0975,0,0,4595,123378977797
26.5731,37.632,12.954,13.8976,81,72,78,2229,2800,0.479134,32,11.0975,0,0,4595,123416604583
28.7973,34.7254,12.954,13.8976,81,72,78,2229,2800,0.479134,32,11.0975,0,0,4595,123451335502
29.6272,33.7528,8.44893,13.2428,81,80,80,2366,2800,0.479134,33,11.0982,0,0,4598,123485082714
27.8888,35.8567,8.44893,13.2428,81,80,80,2366,2800,0.479134,33,11.0982,0,0,4598,123520944355
26.3211,37.9924,8.44893,13.2428,81,80,80,2366,2800,0.479134,33,11.0982,0,0,4598,123558937535
31.1151,32.1387,8.44893,13.2428,81,80,80,2366,2800,0.479134,33,11.0982,0,0,4598,123591079320
26.2231,38.1343,8.44893,13.2428,81,80,80,2366,2800,0.479134,33,11.0982,0,0,4598,123629212301
32.5998,30.6751,8.44893,13.2428,81,80,80,2366,2800,0.479134,33,11.0982,0,0,4598,123659888279
33.8856,29.5111,8.44893,13.2428,81,80,80,2366,2800,0.479134,33,11.0982,0,0,4598,123689402758
35.8404,27.9015,8.44893,13.2428,81,80,80,2366,2800,0.479134,33,11.0982,0,0,4598,123717304025
32.0529,31.1984,8.44893,13.2428,81,80,80,2366,2800,0.479134,33,11.0982,0,0,4598,123748504071
32.5913,30.6831,8.44893,13.2428,81,80,80,2366,2800,0.479134,33,11.0982,0,0,4598,123779192723
33.9384,29.4651,8.44893,13.2428,81,80,80,2366,2800,0.479134,33,11.0982,0,0,4598,123808657559
34.0434,29.3742,8.44893,13.2428,81,80,80,2366,2800,0.479134,33,11.0982,0,0,4598,123838030103
35.8678,27.8801,8.44893,13.2428,81,80,80,2366,2800,0.479134,33,11.0982,0,0,4598,123865910761
31.2431,32.0071,8.44893,13.2428,81,80,80,2366,2800,0.479134,33,11.0982,0,0,4598,123897920810
31.4527,31.7938,8.44893,13.2428,81,80,80,2366,2800,0.479134,33,11.0982,0,0,4598,123929714796
31.7286,31.5173,8.44893,13.2428,81,80,80,2366,2800,0.479134,33,11.0982,0,0,4598,123961235481
31.0999,32.1545,7.78739,11.6101,81,72,79,2582,2800,0.479134,39,11.0968,0,0,4634,123993390720
32.1178,31.1354,7.78739,11.6101,81,72,79,2582,2800,0.479134,39,11.0968,0,0,4634,124024526988
30.7458,32.5247,7.78739,11.6101,81,72,79,2582,2800,0.479134,39,11.0968,0,0,4634,124057054533
31.9613,31.2878,7.78739,11.6101,81,72,79,2582,2800,0.479134,39,11.0968,0,0,4634,124088342283
34.8647,28.6823,7.78739,11.6101,81,72,79,2582,2800,0.479134,39,11.0968,0,0,4634,124117029968
30.9164,32.3453,7.78739,11.6101,81,72,79,2582,2800,0.479134,39,11.0968,0,0,4634,124149376916
27.5732,36.267,7.78739,11.6101,81,72,79,2582,2800,0.479134,39,11.0968,0,0,4634,124185644915
28.8195,34.6987,7.78739,11.6101,81,72,79,2582,2800,0.479134,39,11.0968,0,0,4634,124220344355
32.9316,30.3659,7.78739,11.6101,81,72,79,2582,2800,0.479134,39,11.0968,0,0,4634,124250713200
32.4103,30.8544,7.78739,11.6101,81,72,79,2582,2800,0.479134,39,11.0968,0,0,4634,124281567150
30.5165,32.7692,7.78739,11.6101,81,72,79,2582,2800,0.479134,39,11.0968,0,0,4634,124314335675
32.8844,30.4095,7.78739,11.6101,81,72,79,2582,2800,0.479134,39,11.0968,0,0,4634,124344746167
30.0907,33.2329,7.78739,11.6101,81,72,79,2582,2800,0.479134,39,11.0968,0,0,4634,124377984499
31.4543,31.7922,7.78739,11.6101,81,72,79,2582,2800,0.479134,39,11.0968,0,0,4634,124409777082
30.7324,32.5389,7.78739,11.6101,81,72,79,2582,2800,0.479134,39,11.0968,0,0,4634,124442319544
33.0777,30.2319,7.78739,11.6101,81,72,79,2582,2800,0.479134,39,11.0968,0,0,4634,124472556883
37.348,26.7752,11.358,12.1936,81,73,79,2600,2800,0.479134,29,11.0534,0,0,4609,124499330044
34.4058,29.0648,11.358,12.1936,81,73,79,2600,2800,0.479134,29,11.0534,0,0,4609,124528395835
31.6612,31.5844,11.358,12.1936,81,73,79,2600,2800,0.479134,29,11.0534,0,0,4609,124559981802
33.6969,29.6763,11.358,12.1936,81,73,79,2600,2800,0.479134,29,11.0534,0,0,4609,124589661660
33.5289,29.825,11.358,12.1936,81,73,79,2600,2800,0.479134,29,11.0534,0,0,4609,124619487410
33.1413,30.1738,11.358,12.1936,81,73,79,2600,2800,0.479134,29,11.0534,0,0,4609,124649663104
33.197,30.1232,11.358,12.1936,81,73,79,2600,2800,0.479134,29,11.0534,0,0,4609,124679789405
26.1119,38.2967,11.358,12.1936,81,73,79,2600,2800,0.479134,29,11.0534,0,0,4609,124718089258
22.8706,43.7243,11.358,12.1936,81,73,79,2600,2800,0.479134,29,11.0534,0,0,4609,124761811576
29.098,34.3666,11.358,12.1936,81,73,79,2600,2800,0.479134,29,11.0534,0,0,4609,124796179778
30.6708,32.6043,11.358,12.1936,81,73,79,2600,2800,0.479134,29,11.0534,0,0,4609,124828783876
28.8332,34.6823,11.358,12.1936,81,73,79,2600,2800,0.479134,29,11.0534,0,0,4609,124863466675
30.4101,32.8838,11.358,12.1936,81,73,79,2600,2800,0.479134,29,11.0534,0,0,4609,124896352759
29.5375,33.8553,11.358,12.1936,81,73,79,2600,2800,0.479134,29,11.0534,0,0,4609,124930208084
30.1341,33.185,11.358,12.1936,81,73,79,2600,2800,0.479134,29,11.0534,0,0,4609,124963395841
29.524,33.8708,11.358,12.1936,81,73,79,2600,2800,0.479134,29,11.0534,0,0,4609,124997272445
29.3207,34.1056,13.0383,14.661,82,74,79,2283,2800,0.479134,36,11.0478,0,0,4603,125031373218
29.7276,33.6388,13.0383,14.661,82,74,79,2283,2800,0.479134,36,11.0478,0,0,4603,125065019021
29.6466,33.7307,13.0383,14.661,82,74,79,2283,2800,0.479134,36,11.0478,0,0,4603,125098745575
30.2285,33.0813,13.0383,14.661,82,74,79,2283,2800,0.479134,36,11.0478,0,0,4603,125131827865
28.8135,34.706,13.0383,14.661,82,74,79,2283,2800,0.479134,36,11.0478,0,0,4603,125166537094
28.8842,34.621,13.0383,14.661,82,74,79,2283,2800,0.479134,36,11.0478,0,0,4603,125201163628
30.9557,32.3042,13.0383,14.661,82,74,79,2283,2800,0.479134,36,11.0478,0,0,4603,125233463468
28.7972,34.7256,13.0383,14.661,82,74,79,2283,2800,0.479134,36,11.0478,0,0,4603,125268190249
31.0295,32.2274,13.0383,14.661,82,74,79,2283,2800,0.479134,36,11.0478,0,0,4603,125300419117
28.4853,35.1059,13.0383,14.661,82,74,79,2283,2800,0.479134,36,11.0478,0,0,4603,125335525607
31.5506,31.6951,13.0383,14.661,82,74,79,2283,2800,0.479134,36,11.0478,0,0,4603,125367222671
27.9351,35.7972,13.0383,14.661,82,74,79,2283,2800,0.479134,36,11.0478,0,0,4603,125403030321
30.6932,32.5805,13.0383,14.661,82,74,79,2283,2800,0.479134,36,11.0478,0,0,4603,125435608731
31.3651,31.8826,13.0383,14.661,82,74,79,2283,2800,0.479134,36,11.0478,0,0,4603,125467488667
30.2987,33.0047,13.0383,14.661,82,74,79,2283,2800,0.479134,36,11.0478,0,0,4603,125500501809
30.5024,32.7843,7.25907,11.9942,82,80,80,2401,2800,0.479134,40,11.0476,0,0,4632,125533281494
31.0694,32.186,7.25907,11.9942,82,80,80,2401,2800,0.479134,40,11.0476,0,0,4632,125565469315
29.8727,33.4754,7.25907,11.9942,82,80,80,2401,2800,0.479134,40,11.0476,0,0,4632,125598944960
29.4362,33.9717,7.25907,11.9942,82,80,80,2401,2800,0.479134,40,11.0476,0,0,4632,125632920329
30.1433,33.1748,7.25907,11.9942,82,80,80,2401,2800,0.479134,40,11.0476,0,0,4632,125666093880
29.766,33.5954,7.25907,11.9942,82,80,80,2401,2800,0.479134,40,11.0476,0,0,4632,125699690762
31.1108,32.1431,7.25907,11.9942,82,80,80,2401,2800,0.479134,40,11.0476,0,0,4632,125731837916
29.5275,33.8667,7.25907,11.9942,82,80,80,2401,2800,0.479134,40,11.0476,0,0,4632,125765703019
29.7072,33.6619,7.25907,11.9942,82,80,80,2401,2800,0.479134,40,11.0476,0,0,4632,125799366174
29.1405,34.3166,7.25907,11.9942,82,80,80,2401,2800,0.479134,40,11.0476,0,0,4632,125833683691
29.5567,33.8333,7.25907,11.9942,82,80,80,2401,2800,0.479134,40,11.0476,0,0,4632,125867517726
29.1893,34.2591,7.25907,11.9942,82,80,80,2401,2800,0.479134,40,11.0476,0,0,4632,125901777575
29.1449,34.3114,7.25907,11.9942,82,80,80,2401,2800,0.479134,40,11.0476,0,0,4632,125936091025
29.8537,33.4967,7.25907,11.9942,82,80,80,2401,2800,0.479134,40,11.0476,0,0,4632,125969590395
28.2854,35.3539,7.25907,11.9942,82,80,80,2401,2800,0.479134,40,11.0476,0,0,4632,126004948214
31.3576,31.8902,7.4813,12.6535,82,72,79,2314,2800,0.479134,31,11.051,0,0,4615,126036834272
25.6456,38.993,7.4813,12.6535,82,72,79,2314,2800,0.479134,31,11.051,0,0,4615,126075830795
28.3717,35.2464,7.4813,12.6535,82,72,79,2314,2800,0.479134,31,11.051,0,0,4615,126111077698
26.1316,38.2678,7.4813,12.6535,82,72,79,2314,2800,0.479134,31,11.051,0,0,4615,126149346042
28.7693,34.7592,7.4813,12.6535,82,72,79,2314,2800,0.479134,31,11.051,0,0,4615,126184107017
27.535,36.3174,7.4813,12.6535,82,72,79,2314,2800,0.479134,31,11.051,0,0,4615,126220426763
27.1672,36.8092,7.4813,12.6535,82,72,79,2314,2800,0.479134,31,11.051,0,0,4615,126257236333
28.4201,35.1864,7.4813,12.6535,82,72,79,2314,2800,0.479134,31,11.051,0,0,4615,126292424596
29.0366,34.4393,7.4813,12.6535,82,72,79,2314,2800,0.479134,31,11.051,0,0,4615,126326863530
27.7056,36.0937,7.4813,12.6535,82,72,79,2314,2800,0.479134,31,11.051,0,0,4615,126362958066
28.8022,34.7195,7.4813,12.6535,82,72,79,2314,2800,0.479134,31,11.051,0,0,4615,126397680278
28.2141,35.4433,7.4813,12.6535,82,72,79,2314,2800,0.479134,31,11.051,0,0,4615,126433123307
27.3829,36.5191,7.4813,12.6535,82,72,79,2314,2800,0.479134,31,11.051,0,0,4615,126469645080
26.2322,38.1211,7.4813,12.6535,82,72,79,2314,2800,0.479134,31,11.051,0,0,4615,126507787870
26.8468,37.2484,8.125,12.6166,82,71,80,2517,2800,0.479134,32,11.0489,0,0,4123,126545020630
26.1882,38.1851,8.125,12.6166,82,71,80,2517,2800,0.479134,32,11.0489,0,0,4123,126583205489
29.267,34.1681,8.125,12.6166,82,71,80,2517,2800,0.479134,32,11.0489,0,0,4123,126617375090
25.4176,39.3428,8.125,12.6166,82,71,80,2517,2800,0.479134,32,11.0489,0,0,4123,126656718722
24.9182,40.1312,8.125,12.6166,82,71,80,2517,2800,0.479134,32,11.0489,0,0,4123,126696851728
26.2526,38.0914,8.125,12.6166,82,71,80,2517,2800,0.479134,32,11.0489,0,0,4123,126734945666
24.7315,40.4342,8.125,12.6166,82,71,80,2517,2800,0.479134,32,11.0489,0,0,4123,126775379694
24.1281,41.4454,8.125,12.6166,82,71,80,2517,2800,0.479134,32,11.0489,0,0,4123,126816826052
26.5515,37.6627,8.125,12.6166,82,71,80,2517,2800,0.479134,32,11.0489,0,0,4123,126854489366
25.2445,39.6126,8.125,12.6166,82,71,80,2517,2800,0.479134,32,11.0489,0,0,4123,126894104115
26.4039,37.8732,8.125,12.6166,82,71,80,2517,2800,0.479134,32,11.0489,0,0,4123,126931978794
25.1292,39.7944,8.125,12.6166,82,71,80,2517,2800,0.479134,32,11.0489,0,0,4123,126971775161
22.825,43.8115,8.125,12.6166,82,71,80,2517,2800,0.479134,32,11.0489,0,0,4123,127015589160
23.8974,41.8455,11.8812,9.84005,83,71,79,2600,2800,0.479134,37,11.0525,0,0,4615,127057433120
23.6679,42.2513,11.8812,9.84005,83,71,79,2600,2800,0.479134,37,11.0525,0,0,4615,127099688770
23.9037,41.8346,11.8812,9.84005,83,71,79,2600,2800,0.479134,37,11.0525,0,0,4615,127141523803
23.453,42.6384,11.8812,9.84005,83,71,79,2600,2800,0.479134,37,11.0525,0,0,4615,127184162388
24.8303,40.2734,11.8812,9.84005,83,71,79,2600,2800,0.479134,37,11.0525,0,0,4615,127224436958
23.4128,42.7117,11.8812,9.84005,83,71,79,2600,2800,0.479134,37,11.0525,0,0,4615,127267150983
23.5359,42.4883,11.8812,9.84005,83,71,79,2600,2800,0.479134,37,11.0525,0,0,4615,127309638525
22.6696,44.112,11.8812,9.84005,83,71,79,2600,2800,0.479134,37,11.0525,0,0,4615,127353751252
22.7496,43.9569,11.8812,9.84005,83,71,79,2600,2800,0.479134,37,11.0525,0,0,4615,127397711013
24.1285,41.4448,11.8812,9.84005,83,71,79,2600,2800,0.479134,37,11.0525,0,0,4615,127439157201
22.868,43.7292,11.8812,9.84005,83,71,79,2600,2800,0.479134,37,11.0525,0,0,4615,127482887603
25.779,38.7913,11.8812,9.84005,83,71,79,2600,2800,0.479134,37,11.0525,0,0,4615,127521681589
24.048,41.5834,8.64198,12.7373,81,81,79,2600,2800,0.479134,28,11.0507,0,0,4625,127563262719
24.6242,40.6104,8.64198,12.7373,81,81,79,2600,2800,0.479134,28,11.0507,0,0,4625,127603877123
24.5973,40.6549,8.64198,12.7373,81,81,79,2600,2800,0.479134,28,11.0507,0,0,4625,127644530611
23.4574,42.6305,8.64198,12.7373,81,81,79,2600,2800,0.479134,28,11.0507,0,0,4625,127687165248
25.333,39.4743,8.64198,12.7373,81,81,79,2600,2800,0.479134,28,11.0507,0,0,4625,127726638933
24.4063,40.9731,8.64198,12.7373,81,81,79,2600,2800,0.479134,28,11.0507,0,0,4625,127767613269
24.8866,40.1823,8.64198,12.7373,81,81,79,2600,2800,0.479134,28,11.0507,0,0,4625,127807796719
23.1892,43.1236,8.64198,12.7373,81,81,79,2600,2800,0.479134,28,11.0507,0,0,4625,127850920710
25.2798,39.5572,8.64198,12.7373,81,81,79,2600,2800,0.479134,28,11.0507,0,0,4625,127890479103
24.483,40.8446,8.64198,12.7373,81,81,79,2600,2800,0.479134,28,11.0507,0,0,4625,127931324098
24.8956,40.1677,8.64198,12.7373,81,81,79,2600,2800,0.479134,28,11.0507,0,0,4625,127971493983
24.11,41.4766,8.64198,12.7373,81,81,79,2600,2800,0.479134,28,11.0507,0,0,4625,128012971890
24.587,40.6719,8.64198,12.7373,81,81,79,2600,2800,0.479134,28,11.0507,0,0,4625,128053646818
25.0717,39.8856,8.69565,13.4011,81,72,80,2600,2800,0.479134,34,11.0509,0,0,4510,128093530518
24.7666,40.377,8.69565,13.4011,81,72,80,2600,2800,0.479134,34,11.0509,0,0,4510,128133908451
24.4922,40.8294,8.69565,13.4011,81,72,80,2600,2800,0.479134,34,11.0509,0,0,4510,128174738889
22.6029,44.2422,8.69565,13.4011,81,72,80,2600,2800,0.479134,34,11.0509,0,0,4510,128218983091
28.6641,34.8868,8.69565,13.4011,81,72,80,2600,2800,0.479134,34,11.0509,0,0,4510,128253873288
28.1972,35.4646,8.69565,13.4011,81,72,80,2600,2800,0.479134,34,11.0509,0,0,4510,128289340011
31.0823,32.1727,8.69565,13.4011,81,72,80,2600,2800,0.479134,34,11.0509,0,0,4510,128321515809
29.6975,33.6729,8.69565,13.4011,81,72,80,2600,2800,0.479134,34,11.0509,0,0,4510,128355186418
31.6666,31.579,8.69565,13.4011,81,72,80,2600,2800,0.479134,34,11.0509,0,0,4510,128386770171
30.7646,32.5049,8.69565,13.4011,81,72,80,2600,2800,0.479134,34,11.0509,0,0,4510,128419274062
30.4002,32.8945,8.69565,13.4011,81,72,80,2600,2800,0.479134,34,11.0509,0,0,4510,128452172279
29.7017,33.6681,8.69565,13.4011,81,72,80,2600,2800,0.479134,34,11.0509,0,0,4510,128485845243
28.4385,35.1636,8.69565,13.4011,81,72,80,2600,2800,0.479134,34,11.0509,0,0,4510,128521007147
30.61,32.669,8.69565,13.4011,81,72,80,2600,2800,0.479134,34,11.0509,0,0,4510,128553684592
32.7104,30.5714,9.77444,11.9299,81,72,80,2225,2800,0.478642,31,11.0589,0,0,4575,128584250374
30.6518,32.6245,9.77444,11.9299,81,72,80,2225,2800,0.478642,31,11.0589,0,0,4575,128616876102
31.1741,32.0779,9.77444,11.9299,81,72,80,2225,2800,0.478642,31,11.0589,0,0,4575,128648954268
30.5071,32.7793,9.77444,11.9299,81,72,80,2225,2800,0.478642,31,11.0589,0,0,4575,128681736739
28.0172,35.6924,9.77444,11.9299,81,72,80,2225,2800,0.478642,31,11.0589,0,0,4575,128717429233
28.1774,35.4895,9.77444,11.9299,81,72,80,2225,2800,0.478642,31,11.0589,0,0,4575,128752919370
28.119,35.5631,9.77444,11.9299,81,72,80,2225,2800,0.478642,31,11.0589,0,0,4575,128788483946
26.0577,38.3764,9.77444,11.9299,81,72,80,2225,2800,0.478642,31,11.0589,0,0,4575,128826862606
27.8934,35.8508,9.77444,11.9299,81,72,80,2225,2800,0.478642,31,11.0589,0,0,4575,128862713356
25.6903,38.9253,9.77444,11.9299,81,72,80,2225,2800,0.478642,31,11.0589,0,0,4575,128901640450
26.9366,37.1242,9.77444,11.9299,81,72,80,2225,2800,0.478642,31,11.0589,0,0,4575,128938766091
26.2697,38.0666,9.77444,11.9299,81,72,80,2225,2800,0.478642,31,11.0589,0,0,4575,128976836095
25.0791,39.8739,9.77444,11.9299,81,72,80,2225,2800,0.478642,31,11.0589,0,0,4575,129016712601
24.3832,41.0119,9.77444,11.9299,81,72,80,2225,2800,0.478642,31,11.0589,0,0,4575,129057727133
26.2465,38.1004,11.2219,14.4666,82,72,80,2600,2800,0.478642,30,11.0558,0,0,4614,129095826762
25.8229,38.7253,11.2219,14.4666,82,72,80,2600,2800,0.478642,30,11.0558,0,0,4614,129134551619
24.8992,40.162,11.2219,14.4666,82,72,80,2600,2800,0.478642,30,11.0558,0,0,4614,129174717696
24.7846,40.3477,11.2219,14.4666,82,72,80,2600,2800,0.478642,30,11.0558,0,0,4614,129215064371
26.1292,38.2713,11.2219,14.4666,82,72,80,2600,2800,0.478642,30,11.0558,0,0,4614,129253339188
25.8687,38.6568,11.2219,14.4666,82,72,80,2600,2800,0.478642,30,11.0558,0,0,4614,129291997289
25.328,39.482,11.2219,14.4666,82,72,80,2600,2800,0.478642,30,11.0558,0,0,4614,129331478578
23.8807,41.8747,11.2219,14.4666,82,72,80,2600,2800,0.478642,30,11.0558,0,0,4614,129373356152
26.567,37.6406,11.2219,14.4666,82,72,80,2600,2800,0.478642,30,11.0558,0,0,4614,129410996543
25.0167,39.9733,11.2219,14.4666,82,72,80,2600,2800,0.478642,30,11.0558,0,0,4614,129450970562
24.9178,40.132,11.2219,14.4666,82,72,80,2600,2800,0.478642,30,11.0558,0,0,4614,129491103899
25.5531,39.1342,11.2219,14.4666,82,72,80,2600,2800,0.478642,30,11.0558,0,0,4614,129530240654
26.9837,37.0593,11.2219,14.4666,82,72,80,2600,2800,0.478642,30,11.0558,0,0,4614,129567301794
24.5442,40.7429,7.78739,11.6689,82,80,79,2600,2800,0.479378,31,11.055,0,0,4564,129608043757
26.5418,37.6765,7.78739,11.6689,82,80,79,2600,2800,0.479378,31,11.055,0,0,4564,129645722410
25.7623,38.8164,7.78739,11.6689,82,80,79,2600,2800,0.479378,31,11.055,0,0,4564,129684541944
25.4417,39.3056,7.78739,11.6689,82,80,79,2600,2800,0.479378,31,11.055,0,0,4564,129723846162
26.8185,37.2877,7.78739,11.6689,82,80,79,2600,2800,0.479378,31,11.055,0,0,4564,129761135638
26.2239,38.1332,7.78739,11.6689,82,80,79,2600,2800,0.479378,31,11.055,0,0,4564,129799269762
26.1635,38.2212,7.78739,11.6689,82,80,79,2600,2800,0.479378,31,11.055,0,0,4564,129837492000
25.1651,39.7376,7.78739,11.6689,82,80,79,2600,2800,0.479378,31,11.055,0,0,4564,129877231231
24.4372,40.9213,7.78739,11.6689,82,80,79,2600,2800,0.479378,31,11.055,0,0,4564,129918155133
24.8854,40.1842,7.78739,11.6689,82,80,79,2600,2800,0.479378,31,11.055,0,0,4564,129958341318
25.9965,38.4667,7.78739,11.6689,82,80,79,2600,2800,0.479378,31,11.055,0,0,4564,129996810608
26.4914,37.7481,7.78739,11.6689,82,80,79,2600,2800,0.479378,31,11.055,0,0,4564,130034556596
25.9526,38.5317,7.78739,11.6689,82,80,79,2600,2800,0.479378,31,11.055,0,0,4564,130073093222
23.6409,42.2996,8.32298,13.9352,82,71,80,2600,2800,0.479378,31,11.0524,0,0,4623,130115390298
26.942,37.1168,8.32298,13.9352,82,71,80,2600,2800,0.479378,31,11.0524,0,0,4623,130152508174
25.6862,38.9314,8.32298,13.9352,82,71,80,2600,2800,0.479378,31,11.0524,0,0,4623,130191440708
26.0989,38.3158,8.32298,13.9352,82,71,80,2600,2800,0.479378,31,11.0524,0,0,4623,130229759908
26.1053,38.3064,8.32298,13.9352,82,71,80,2600,2800,0.479378,31,11.0524,0,0,4623,130268069138
26.1136,38.2942,8.32298,13.9352,82,71,80,2600,2800,0.479378,31,11.0524,0,0,4623,130306363411
24.0911,41.509,8.32298,13.9352,82,71,80,2600,2800,0.479378,31,11.0524,0,0,4623,130347876904
26.3081,38.0111,8.32298,13.9352,82,71,80,2600,2800,0.479378,31,11.0524,0,0,4623,130385888839
25.6919,38.9227,8.32298,13.9352,82,71,80,2600,2800,0.479378,31,11.0524,0,0,4623,130424811736
24.7438,40.4142,8.32298,13.9352,82,71,80,2600,2800,0.479378,31,11.0524,0,0,4623,130465225696
25.7684,38.8072,8.32298,13.9352,82,71,80,2600,2800,0.479378,31,11.0524,0,0,4623,130504034379
23.6561,42.2724,8.32298,13.9352,82,71,80,2600,2800,0.479378,31,11.0524,0,0,4623,130546310156
24.047,41.5852,8.32298,13.9352,82,71,80,2600,2800,0.479378,31,11.0524,0,0,4623,130587899802
23.712,42.1728,9.4132,13.0772,82,71,79,2442,2800,0.479378,32,11.0509,0,0,4215,130630069651
22.4899,44.4643,9.4132,13.0772,82,71,79,2442,2800,0.479378,32,11.0509,0,0,4215,130674535667
23.0563,43.3722,9.4132,13.0772,82,71,79,2442,2800,0.479378,32,11.0509,0,0,4215,130717907270
24.2876,41.1733,9.4132,13.0772,82,71,79,2442,2800,0.479378,32,11.0509,0,0,4215,130759080919
24.3607,41.0497,9.4132,13.0772,82,71,79,2442,2800,0.479378,32,11.0509,0,0,4215,130800132600
26.1258,38.2763,9.4132,13.0772,82,71,79,2442,2800,0.479378,32,11.0509,0,0,4215,130838411444
24.9885,40.0184,9.4132,13.0772,82,71,79,2442,2800,0.479378,32,11.0509,0,0,4215,130878429194
24.7171,40.4579,9.4132,13.0772,82,71,79,2442,2800,0.479378,32,11.0509,0,0,4215,130918889030
25.2058,39.6734,9.4132,13.0772,82,71,79,2442,2800,0.479378,32,11.0509,0,0,4215,130958562298
25.4294,39.3245,9.4132,13.0772,82,71,79,2442,2800,0.479378,32,11.0509,0,0,4215,130997891914
24.9752,40.0397,9.4132,13.0772,82,71,79,2442,2800,0.479378,32,11.0509,0,0,4215,131037932176
25.6107,39.0462,9.4132,13.0772,82,71,79,2442,2800,0.479378,32,11.0509,0,0,4215,131076978172
24.2242,41.281,9.4132,13.0772,82,71,79,2442,2800,0.479378,32,11.0509,0,0,4215,131118262698
24.6785,40.5211,11.032,12.4348,81,71,79,800,2800,0.479378,30,11.0537,0,0,4617,131158783548
25.6714,38.9539,11.032,12.4348,81,71,79,800,2800,0.479378,30,11.0537,0,0,4617,131197738114
26.8479,37.2469,11.032,12.4348,81,71,79,800,2800,0.479378,30,11.0537,0,0,4617,131234989148
26.2964,38.028,11.032,12.4348,81,71,79,800,2800,0.479378,30,11.0537,0,0,4617,131273017655
22.8636,43.7376,11.032,12.4348,81,71,79,800,2800,0.479378,30,11.0537,0,0,4617,131316756724
26.0744,38.3517,11.032,12.4348,81,71,79,800,2800,0.479378,30,11.0537,0,0,4617,131355109706
25.1785,39.7165,11.032,12.4348,81,71,79,800,2800,0.479378,30,11.0537,0,0,4617,131394826204
22.2301,44.9841,11.032,12.4348,81,71,79,800,2800,0.479378,30,11.0537,0,0,4617,131439811490
24.7882,40.3417,11.032,12.4348,81,71,79,800,2800,0.479378,30,11.0537,0,0,4617,131480156341
24.8509,40.2399,11.032,12.4348,81,71,79,800,2800,0.479378,30,11.0537,0,0,4617,131520395866
27.2833,36.6524,11.032,12.4348,81,71,79,800,2800,0.479378,30,11.0537,0,0,4617,131557050337
24.3069,41.1407,11.032,12.4348,81,71,79,800,2800,0.479378,30,11.0537,0,0,4617,131598193880
25.7378,38.8533,11.032,12.4348,81,71,79,800,2800,0.479378,30,11.0537,0,0,4617,131637048599
25.7955,38.7664,8.24242,12.8487,81,81,79,2359,2800,0.479378,28,11.0514,0,0,4603,131675814572
24.2662,41.2096,8.24242,12.8487,81,81,79,2359,2800,0.479378,28,11.0514,0,0,4603,131717026602
25.6973,38.9146,8.24242,12.8487,81,81,79,2359,2800,0.479378,28,11.0514,0,0,4603,131755940302
25.2678,39.576,8.24242,12.8487,81,81,79,2359,2800,0.479378,28,11.0514,0,0,4603,131795518021
25.1978,39.686,8.24242,12.8487,81,81,79,2359,2800,0.479378,28,11.0514,0,0,4603,131835204853
25.4629,39.2729,8.24242,12.8487,81,81,79,2359,2800,0.479378,28,11.0514,0,0,4603,131874478735
23.5018,42.5498,8.24242,12.8487,81,81,79,2359,2800,0.479378,28,11.0514,0,0,4603,131917032170
26.2033,38.1631,8.24242,12.8487,81,81,79,2359,2800,0.479378,28,11.0514,0,0,4603,131955197232
25.7913,38.7728,8.24242,12.8487,81,81,79,2359,2800,0.479378,28,11.0514,0,0,4603,131993969747
24.9267,40.1176,8.24242,12.8487,81,81,79,2359,2800,0.479378,28,11.0514,0,0,4603,132034089258
24.0098,41.6497,8.24242,12.8487,81,81,79,2359,2800,0.479378,28,11.0514,0,0,4603,132075737813
23.2525,43.0061,8.24242,12.8487,81,81,79,2359,2800,0.479378,28,11.0514,0,0,4603,132118746499
22.7659,43.9253,8.24242,12.8487,81,81,79,2359,2800,0.479378,28,11.0514,0,0,4603,132162675051
24.9478,40.0837,8.27338,14.8656,81,72,79,2587,2800,0.479378,33,11.0479,0,0,4614,132202756531
23.6796,42.2304,8.27338,14.8656,81,72,79,2587,2800,0.479378,33,11.0479,0,0,4614,132244990550
23.4058,42.7244,8.27338,14.8656,81,72,79,2587,2800,0.479378,33,11.0479,0,0,4614,132287713752
26.2585,38.0829,8.27338,14.8656,81,72,79,2587,2800,0.479378,33,11.0479,0,0,4614,132325798544
22.2897,44.8638,8.27338,14.8656,81,72,79,2587,2800,0.479378,33,11.0479,0,0,4614,132370664687
24.7077,40.4731,8.27338,14.8656,81,72,79,2587,2800,0.479378,33,11.0479,0,0,4614,132411138870
23.4077,42.7209,8.27338,14.8656,81,72,79,2587,2800,0.479378,33,11.0479,0,0,4614,132453861631
22.6276,44.1939,8.27338,14.8656,81,72,79,2587,2800,0.479378,33,11.0479,0,0,4614,132498056381
22.3885,44.6658,8.27338,14.8656,81,72,79,2587,2800,0.479378,33,11.0479,0,0,4614,132542725366
23.1138,43.2641,8.27338,14.8656,81,72,79,2587,2800,0.479378,33,11.0479,0,0,4614,132585988357
23.973,41.7137,8.27338,14.8656,81,72,79,2587,2800,0.479378,33,11.0479,0,0,4614,132627702775
23.9549,41.7451,8.27338,14.8656,81,72,79,2587,2800,0.479378,33,11.0479,0,0,4614,132669451989
23.9334,41.7826,11.6915,11.7106,81,72,78,2531,2800,0.479378,26,11.0627,0,0,4091,132711233032
22.646,44.1579,11.6915,11.7106,81,72,78,2531,2800,0.479378,26,11.0627,0,0,4091,132755391925
24.84,40.2577,11.6915,11.7106,81,72,78,2531,2800,0.479378,26,11.0627,0,0,4091,132795649724
24.8522,40.2378,11.6915,11.7106,81,72,78,2531,2800,0.479378,26,11.0627,0,0,4091,132835889729
23.9915,41.6815,11.6915,11.7106,81,72,78,2531,2800,0.479378,26,11.0627,0,0,4091,132877573040
24.277,41.1913,11.6915,11.7106,81,72,78,2531,2800,0.479378,26,11.0627,0,0,4091,132918764432
25.7132,38.8905,11.6915,11.7106,81,72,78,2531,2800,0.479378,26,11.0627,0,0,4091,132957656771
24.5627,40.7121,11.6915,11.7106,81,72,78,2531,2800,0.479378,26,11.0627,0,0,4091,132998372054
26.6328,37.5477,11.6915,11.7106,81,72,78,2531,2800,0.479378,26,11.0627,0,0,4091,133035919622
24.5454,40.7408,11.6915,11.7106,81,72,78,2531,2800,0.479378,26,11.0627,0,0,4091,133076661004
24.0652,41.5538,11.6915,11.7106,81,72,78,2531,2800,0.479378,26,11.0627,0,0,4091,133118216075
25.5474,39.1429,11.6915,11.7106,81,72,78,2531,2800,0.479378,26,11.0627,0,0,4091,133157361196
24.8553,40.2329,11.6915,11.7106,81,72,78,2531,2800,0.479378,26,11.0627,0,0,4091,133197597896
20.869,47.918,9.89273,14.2217,81,73,78,2171,2800,0.479378,36,11.0639,0,0,4620,133245513924
23.7133,42.1704,9.89273,14.2217,81,73,78,2171,2800,0.479378,36,11.0639,0,0,4620,133287684925
26.0214,38.43,9.89273,14.2217,81,73,78,2171,2800,0.479378,36,11.0639,0,0,4620,133326117997
24.8385,40.2601,9.89273,14.2217,81,73,78,2171,2800,0.479378,36,11.0639,0,0,4620,133366377349
26.4013,37.877,9.89273,14.2217,81,73,78,2171,2800,0.479378,36,11.0639,0,0,4620,133404255665
26.1089,38.301,9.89273,14.2217,81,73,78,2171,2800,0.479378,36,11.0639,0,0,4620,133442557972
22.9056,43.6575,9.89273,14.2217,81,73,78,2171,2800,0.479378,36,11.0639,0,0,4620,133486219757
26.0949,38.3217,9.89273,14.2217,81,73,78,2171,2800,0.479378,36,11.0639,0,0,4620,133524540278
24.9174,40.1326,9.89273,14.2217,81,73,78,2171,2800,0.479378,36,11.0639,0,0,4620,133564676661
26.5832,37.6177,9.89273,14.2217,81,73,78,2171,2800,0.479378,36,11.0639,0,0,4620,133602293488
25.9221,38.5772,9.89273,14.2217,81,73,78,2171,2800,0.479378,36,11.0639,0,0,4620,133640872663
23.9449,41.7625,9.89273,14.2217,81,73,78,2171,2800,0.479378,36,11.0639,0,0,4620,133682636243
26.9681,37.0808,9.89273,14.2217,81,73,78,2171,2800,0.479378,36,11.0639,0,0,4620,133719722480
26.1289,38.2718,8.54392,12.5982,80,80,79,2600,2800,0.479378,30,11.0626,0,0,4619,133757989301
24.4637,40.8768,8.54392,12.5982,80,80,79,2600,2800,0.479378,30,11.0626,0,0,4619,133798867649
26.667,37.4995,8.54392,12.5982,80,80,79,2600,2800,0.479378,30,11.0626,0,0,4619,133836369732
25.3329,39.4744,8.54392,12.5982,80,80,79,2600,2800,0.479378,30,11.0626,0,0,4619,133875845351
23.4104,42.7161,8.54392,12.5982,80,80,79,2600,2800,0.479378,30,11.0626,0,0,4619,133918561971
25.6744,38.9494,8.54392,12.5982,80,80,79,2600,2800,0.479378,30,11.0626,0,0,4619,133957514272
25.7212,38.8785,8.54392,12.5982,80,80,79,2600,2800,0.479378,30,11.0626,0,0,4619,133996393226
25.2941,39.5349,8.54392,12.5982,80,80,79,2600,2800,0.479378,30,11.0626,0,0,4619,134035929868
26.2209,38.1376,8.54392,12.5982,80,80,79,2600,2800,0.479378,30,11.0626,0,0,4619,134074068991
22.8026,43.8547,8.54392,12.5982,80,80,79,2600,2800,0.479378,30,11.0626,0,0,4619,134117925920
24.8218,40.2872,8.54392,12.5982,80,80,79,2600,2800,0.479378,30,11.0626,0,0,4619,134158214096
24.577,40.6884,8.54392,12.5982,80,80,79,2600,2800,0.479378,30,11.0626,0,0,4619,134198902739
25.651,38.9849,8.54392,12.5982,80,80,79,2600,2800,0.479378,30,11.0626,0,0,4619,134237891378
25.9071,38.5994,8.72727,14.2538,81,72,79,2585,2800,0.479378,34,11.0686,0,0,4595,134276490300
23.8784,41.8789,8.72727,14.2538,81,72,79,2585,2800,0.479378,34,11.0686,0,0,4595,134318370678
24.8498,40.2418,8.72727,14.2538,81,72,79,2585,2800,0.479378,34,11.0686,0,0,4595,134358614671
25.8109,38.7433,8.72727,14.2538,81,72,79,2585,2800,0.479378,34,11.0686,0,0,4595,134397360978
25.0197,39.9685,8.72727,14.2538,81,72,79,2585,2800,0.479378,34,11.0686,0,0,4595,134437327603
24.5895,40.6677,8.72727,14.2538,81,72,79,2585,2800,0.479378,34,11.0686,0,0,4595,134477997081
23.087,43.3144,8.72727,14.2538,81,72,79,2585,2800,0.479378,34,11.0686,0,0,4595,134521312849
25.3599,39.4323,8.72727,14.2538,81,72,79,2585,2800,0.479378,34,11.0686,0,0,4595,134560745367
23.5172,42.5221,8.72727,14.2538,81,72,79,2585,2800,0.479378,34,11.0686,0,0,4595,134603269127
23.5235,42.5107,8.72727,14.2538,81,72,79,2585,2800,0.479378,34,11.0686,0,0,4595,134645780333
23.0832,43.3216,8.72727,14.2538,81,72,79,2585,2800,0.479378,34,11.0686,0,0,4595,134689104798
23.7281,42.1441,8.72727,14.2538,81,72,79,2585,2800,0.479378,34,11.0686,0,0,4595,134731249109
24.0283,41.6176,8.72727,14.2538,81,72,79,2585,2800,0.479378,34,11.0686,0,0,4595,134772872398
24.6822,40.515,12.6612,12.8496,81,72,79,2597,2800,0.479378,31,11.0801,0,0,4265,134813384221
23.7548,42.0968,12.6612,12.8496,81,72,79,2597,2800,0.479378,31,11.0801,0,0,4265,134855484751
25.4268,39.3286,12.6612,12.8496,81,72,79,2597,2800,0.479378,31,11.0801,0,0,4265,134894812212
24.7899,40.339,12.6612,12.8496,81,72,79,2597,2800,0.479378,31,11.0801,0,0,4265,134935155230
26.0197,38.4324,12.6612,12.8496,81,72,79,2597,2800,0.479378,31,11.0801,0,0,4265,134973586829
26.2174,38.1426,12.6612,12.8496,81,72,79,2597,2800,0.479378,31,11.0801,0,0,4265,135011732725
23.7143,42.1687,12.6612,12.8496,81,72,79,2597,2800,0.479378,31,11.0801,0,0,4265,135053903415
25.5625,39.1198,12.6612,12.8496,81,72,79,2597,2800,0.479378,31,11.0801,0,0,4265,135093024862
22.2478,44.9483,12.6612,12.8496,81,72,79,2597,2800,0.479378,31,11.0801,0,0,4265,135137973159
24.4192,40.9513,12.6612,12.8496,81,72,79,2597,2800,0.479378,31,11.0801,0,0,4265,135178924794
24.0205,41.6311,12.6612,12.8496,81,72,79,2597,2800,0.479378,31,11.0801,0,0,4265,135220559393
25.9732,38.5012,12.6612,12.8496,81,72,79,2597,2800,0.479378,31,11.0801,0,0,4265,135259062716
25.0008,39.9987,12.6612,12.8496,81,72,79,2597,2800,0.479378,31,11.0801,0,0,4265,135299064607
26.0454,38.3945,8.80952,13.8412,80,72,78,2089,2800,0.479378,29,11.0788,0,0,4597,135337456803
24.4163,40.9562,8.80952,13.8412,80,72,78,2089,2800,0.479378,29,11.0788,0,0,4597,135378413286
23.6713,42.2453,8.80952,13.8412,80,72,78,2089,2800,0.479378,29,11.0788,0,0,4597,135420659808
26.1042,38.3079,8.80952,13.8412,80,72,78,2089,2800,0.479378,29,11.0788,0,0,4597,135458968658
24.6972,40.4904,8.80952,13.8412,80,72,78,2089,2800,0.479378,29,11.0788,0,0,4597,135499460524
25.2642,39.5817,8.80952,13.8412,80,72,78,2089,2800,0.479378,29,11.0788,0,0,4597,135539044464
26.3766,37.9124,8.80952,13.8412,80,72,78,2089,2800,0.479378,29,11.0788,0,0,4597,135576956934
23.596,42.3801,8.80952,13.8412,80,72,78,2089,2800,0.479378,29,11.0788,0,0,4597,135619340191
25.6663,38.9616,8.80952,13.8412,80,72,78,2089,2800,0.479378,29,11.0788,0,0,4597,135658302411
25.8892,38.6262,8.80952,13.8412,80,72,78,2089,2800,0.479378,29,11.0788,0,0,4597,135696928754
24.9785,40.0345,8.80952,13.8412,80,72,78,2089,2800,0.479378,29,11.0788,0,0,4597,135736964789
25.786,38.7807,8.80952,13.8412,80,72,78,2089,2800,0.479378,29,11.0788,0,0,4597,135775747864
23.4259,42.6877,8.80952,13.8412,80,72,78,2089,2800,0.479378,29,11.0788,0,0,4597,135818439517
25.6247,39.0249,8.57488,14.0396,80,79,79,800,2800,0.479378,38,11.0727,0,0,4615,135857462090
26.0014,38.4594,8.57488,14.0396,80,79,79,800,2800,0.479378,38,11.0727,0,0,4615,135895922512
24.8522,40.2379,8.57488,14.0396,80,79,79,800,2800,0.479378,38,11.0727,0,0,4615,135936161486
25.3902,39.3852,8.57488,14.0396,80,79,79,800,2800,0.479378,38,11.0727,0,0,4615,135975547577
24.2028,41.3176,8.57488,14.0396,80,79,79,800,2800,0.479378,38,11.0727,0,0,4615,136016867850
25.69,38.9257,8.57488,14.0396,80,79,79,800,2800,0.479378,38,11.0727,0,0,4615,136055795205
25.4993,39.2168,8.57488,14.0396,80,79,79,800,2800,0.479378,38,11.0727,0,0,4615,136095013853
24.3613,41.0487,8.57488,14.0396,80,79,79,800,2800,0.479378,38,11.0727,0,0,4615,136136063521
26.3128,38.0043,8.57488,14.0396,80,79,79,800,2800,0.479378,38,11.0727,0,0,4615,136174069495
26.2039,38.1622,8.57488,14.0396,80,79,79,800,2800,0.479378,38,11.0727,0,0,4615,136212234145
23.4338,42.6735,8.57488,14.0396,80,79,79,800,2800,0.479378,38,11.0727,0,0,4615,136254908216
26.4282,37.8384,8.57488,14.0396,80,79,79,800,2800,0.479378,38,11.0727,0,0,4615,136292749733
24.769,40.373,8.57488,14.0396,80,79,79,800,2800,0.479378,38,11.0727,0,0,4615,136333129419
26.046,38.3935,8.07833,12.6807,81,72,79,2182,2800,0.479378,29,11.0726,0,0,4583,136371519581
25.9725,38.5023,8.07833,12.6807,81,72,79,2182,2800,0.479378,29,11.0726,0,0,4583,136410021992
23.4934,42.5651,8.07833,12.6807,81,72,79,2182,2800,0.479378,29,11.0726,0,0,4583,136452588552
25.0498,39.9205,8.07833,12.6807,81,72,79,2182,2800,0.479378,29,11.0726,0,0,4583,136492510754
24.4728,40.8617,8.07833,12.6807,81,72,79,2182,2800,0.479378,29,11.0726,0,0,4583,136533373142
25.2512,39.6021,8.07833,12.6807,81,72,79,2182,2800,0.479378,29,11.0726,0,0,4583,136572976479
22.5337,44.378,8.07833,12.6807,81,72,79,2182,2800,0.479378,29,11.0726,0,0,4583,136617355673
24.1259,41.4493,8.07833,12.6807,81,72,79,2182,2800,0.479378,29,11.0726,0,0,4583,136658804756
23.4197,42.699,8.07833,12.6807,81,72,79,2182,2800,0.479378,29,11.0726,0,0,4583,136701507560
24.4955,40.8239,8.07833,12.6807,81,72,79,2182,2800,0.479378,29,11.0726,0,0,4583,136742332278
22.787,43.8847,8.07833,12.6807,81,72,79,2182,2800,0.479378,29,11.0726,0,0,4583,136786217540
24.8324,40.27,8.07833,12.6807,81,72,79,2182,2800,0.479378,29,11.0726,0,0,4583,136826488844
25.3123,39.5066,8.07833,12.6807,81,72,79,2182,2800,0.479378,29,11.0726,0,0,4583,136865999638
22.6589,44.1328,14.0165,13.3238,81,72,79,2586,2800,0.479378,31,11.0783,0,0,4619,136910130418
25.0997,39.8411,14.0165,13.3238,81,72,79,2586,2800,0.479378,31,11.0783,0,0,4619,136949975086
24.0432,41.5917,14.0165,13.3238,81,72,79,2586,2800,0.479378,31,11.0783,0,0,4619,136991565423
26.279,38.0532,14.0165,13.3238,81,72,79,2586,2800,0.479378,31,11.0783,0,0,4619,137029621090
24.2205,41.2874,14.0165,13.3238,81,72,79,2586,2800,0.479378,31,11.0783,0,0,4619,137070910174
25.7121,38.8922,14.0165,13.3238,81,72,79,2586,2800,0.479378,31,11.0783,0,0,4619,137109801421
21.6067,46.2818,14.0165,13.3238,81,72,79,2586,2800,0.479378,31,11.0783,0,0,4619,137156088788
25.2334,39.6299,14.0165,13.3238,81,72,79,2586,2800,0.479378,31,11.0783,0,0,4619,137195716932
23.4147,42.7082,14.0165,13.3238,81,72,79,2586,2800,0.479378,31,11.0783,0,0,4619,137238430325
24.5543,40.7261,14.0165,13.3238,81,72,79,2586,2800,0.479378,31,11.0783,0,0,4619,137279156809
23.8425,41.942,14.0165,13.3238,81,72,79,2586,2800,0.479378,31,11.0783,0,0,4619,137321099484
25.7118,38.8927,14.0165,13.3238,81,72,79,2586,2800,0.479378,31,11.0783,0,0,4619,137359993146
23.7051,42.185,14.0165,13.3238,81,72,79,2586,2800,0.479378,31,11.0783,0,0,4619,137402182712
25.4166,39.3444,8.7925,13.2571,81,72,78,2145,2800,0.479378,41,11.0775,0,0,4633,137441524681
23.7254,42.149,8.7925,13.2571,81,72,78,2145,2800,0.479378,41,11.0775,0,0,4633,137483674963
23.8858,41.8658,8.7925,13.2571,81,72,78,2145,2800,0.479378,41,11.0775,0,0,4633,137525542027
25.978,38.494,8.7925,13.2571,81,72,78,2145,2800,0.479378,41,11.0775,0,0,4633,137564038246
24.5795,40.6843,8.7925,13.2571,81,72,78,2145,2800,0.479378,41,11.0775,0,0,4633,137604723093
25.7405,38.8492,8.7925,13.2571,81,72,78,2145,2800,0.479378,41,11.0775,0,0,4633,137643572832
24.3413,41.0824,8.7925,13.2571,81,72,78,2145,2800,0.479378,41,11.0775,0,0,4633,137684656663
25.0813,39.8704,8.7925,13.2571,81,72,78,2145,2800,0.479378,41,11.0775,0,0,4633,137724528852
25.5382,39.157,8.7925,13.2571,81,72,78,2145,2800,0.479378,41,11.0775,0,0,4633,137763688170
25.1259,39.7996,8.7925,13.2571,81,72,78,2145,2800,0.479378,41,11.0775,0,0,4633,137803489106
26.5998,37.5943,8.7925,13.2571,81,72,78,2145,2800,0.479378,41,11.0775,0,0,4633,137841084834
23.2809,42.9537,8.7925,13.2571,81,72,78,2145,2800,0.479378,41,11.0775,0,0,4633,137884039899
24.427,40.9384,8.7925,13.2571,81,72,78,2145,2800,0.479378,41,11.0775,0,0,4633,137924982917
26.3837,37.9022,8.42359,14.5213,80,79,78,2493,2800,0.479378,37,11.0733,0,0,4610,137962882814
24.2517,41.2341,8.42359,14.5213,80,79,78,2493,2800,0.479378,37,11.0733,0,0,4610,138004118629
25.6157,39.0385,8.42359,14.5213,80,79,78,2493,2800,0.479378,37,11.0733,0,0,4610,138043157692
24.7986,40.3249,8.42359,14.5213,80,79,78,2493,2800,0.479378,37,11.0733,0,0,4610,138083484860
24.8473,40.2458,8.42359,14.5213,80,79,78,2493,2800,0.479378,37,11.0733,0,0,4610,138123731478
24.1681,41.3768,8.42359,14.5213,80,79,78,2493,2800,0.479378,37,11.0733,0,0,4610,138165108607
24.7862,40.3451,8.42359,14.5213,80,79,78,2493,2800,0.479378,37,11.0733,0,0,4610,138205454651
25.9647,38.5138,8.42359,14.5213,80,79,78,2493,2800,0.479378,37,11.0733,0,0,4610,138243970347
21.8691,45.7267,8.42359,14.5213,80,79,78,2493,2800,0.479378,37,11.0733,0,0,4610,138289697798
26.5136,37.7165,8.42359,14.5213,80,79,78,2493,2800,0.479378,37,11.0733,0,0,4610,138327417468
26.6162,37.5711,8.42359,14.5213,80,79,78,2493,2800,0.479378,37,11.0733,0,0,4610,138364987999
24.0988,41.4959,8.42359,14.5213,80,79,78,2493,2800,0.479378,37,11.0733,0,0,4610,138406486415
22.9605,43.5531,8.42359,14.5213,80,79,78,2493,2800,0.479378,37,11.0733,0,0,4610,138450046650
23.9563,41.7428,8.15348,13.8794,80,72,79,2567,2800,0.479378,34,11.0722,0,0,4627,138491782979
25.148,39.7645,8.15348,13.8794,80,72,79,2567,2800,0.479378,34,11.0722,0,0,4627,138531548399
24.3875,41.0046,8.15348,13.8794,80,72,79,2567,2800,0.479378,34,11.0722,0,0,4627,138572555707
23.0054,43.4681,8.15348,13.8794,80,72,79,2567,2800,0.479378,34,11.0722,0,0,4627,138616025824
24.3646,41.0432,8.15348,13.8794,80,72,79,2567,2800,0.479378,34,11.0722,0,0,4627,138657068067
24.3449,41.0763,8.15348,13.8794,80,72,79,2567,2800,0.479378,34,11.0722,0,0,4627,138698146498
24.6142,40.627,8.15348,13.8794,80,72,79,2567,2800,0.479378,34,11.0722,0,0,4627,138738774589
25.0934,39.8512,8.15348,13.8794,80,72,79,2567,2800,0.479378,34,11.0722,0,0,4627,138778628343
23.185,43.1314,8.15348,13.8794,80,72,79,2567,2800,0.479378,34,11.0722,0,0,4627,138821759988
25.5191,39.1863,8.15348,13.8794,80,72,79,2567,2800,0.479378,34,11.0722,0,0,4627,138860950284
22.6556,44.1393,8.15348,13.8794,80,72,79,2567,2800,0.479378,34,11.0722,0,0,4627,138905087766
26.8023,37.3102,8.15348,13.8794,80,72,79,2567,2800,0.479378,34,11.0722,0,0,4627,138942398332
23.4469,42.6496,8.15348,13.8794,80,72,79,2567,2800,0.479378,34,11.0722,0,0,4627,138985055311
24.9688,40.05,12.2786,11.8999,81,71,78,2334,2800,0.479378,36,11.0701,0,0,4606,139025103178
26.7944,37.3213,12.2786,11.8999,81,71,78,2334,2800,0.479378,36,11.0701,0,0,4606,139062424784
25.5207,39.1838,12.2786,11.8999,81,71,78,2334,2800,0.479378,36,11.0701,0,0,4606,139101607906
25.6254,39.0238,12.2786,11.8999,81,71,78,2334,2800,0.479378,36,11.0701,0,0,4606,139140633394
23.4442,42.6546,12.2786,11.8999,81,71,78,2334,2800,0.479378,36,11.0701,0,0,4606,139183289481
25.287,39.546,12.2786,11.8999,81,71,78,2334,2800,0.479378,36,11.0701,0,0,4606,139222836523
24.8189,40.2918,12.2786,11.8999,81,71,78,2334,2800,0.479378,36,11.0701,0,0,4606,139263129708
24.7338,40.4305,12.2786,11.8999,81,71,78,2334,2800,0.479378,36,11.0701,0,0,4606,139303562704
24.9587,40.0662,12.2786,11.8999,81,71,78,2334,2800,0.479378,36,11.0701,0,0,4606,139343628484
23.6653,42.256,12.2786,11.8999,81,71,78,2334,2800,0.479378,36,11.0701,0,0,4606,139385886237
25.9979,38.4647,12.2786,11.8999,81,71,78,2334,2800,0.479378,36,11.0701,0,0,4606,139424351789
25.5939,39.0717,12.2786,11.8999,81,71,78,2334,2800,0.479378,36,11.0701,0,0,4606,139463424365
24.5508,40.7319,12.2786,11.8999,81,71,78,2334,2800,0.479378,36,11.0701,0,0,4606,139504160668
25.2576,39.5921,8.46433,15.0171,81,73,78,2600,2800,0.479378,34,11.0695,0,0,4637,139543751060
23.8244,41.9737,8.46433,15.0171,81,73,78,2600,2800,0.479378,34,11.0695,0,0,4637,139585726476
24.81,40.3063,8.46433,15.0171,81,73,78,2600,2800,0.479378,34,11.0695,0,0,4637,139626033407
25.9513,38.5338,8.46433,15.0171,81,73,78,2600,2800,0.479378,34,11.0695,0,0,4637,139664570132
24.6263,40.6069,8.46433,15.0171,81,73,78,2600,2800,0.479378,34,11.0695,0,0,4637,139705176492
25.7586,38.822,8.46433,15.0171,81,73,78,2600,2800,0.479378,34,11.0695,0,0,4637,139743999902
23.9875,41.6883,8.46433,15.0171,81,73,78,2600,2800,0.479378,34,11.0695,0,0,4637,139785690216
25.0408,39.9349,8.46433,15.0171,81,73,78,2600,2800,0.479378,34,11.0695,0,0,4637,139825627126
21.3543,46.8289,8.46433,15.0171,81,73,78,2600,2800,0.479378,34,11.0695,0,0,4637,139872456936
24.9287,40.1144,8.46433,15.0171,81,73,78,2600,2800,0.479378,34,11.0695,0,0,4637,139912571467
22.9127,43.644,8.46433,15.0171,81,73,78,2600,2800,0.479378,34,11.0695,0,0,4637,139956215398
25.6563,38.9768,8.46433,15.0171,81,73,78,2600,2800,0.479378,34,11.0695,0,0,4637,139995194209
25.283,39.5523,8.46433,15.0171,81,73,78,2600,2800,0.479378,34,11.0695,0,0,4637,140034749045
24.2774,41.1905,8.41232,13.0872,81,79,79,2382,2800,0.479378,30,11.0702,0,0,4629,140075939946
23.9776,41.7057,8.41232,13.0872,81,79,79,2382,2800,0.479378,30,11.0702,0,0,4629,140117645749
21.9322,45.595,8.41232,13.0872,81,79,79,2382,2800,0.479378,30,11.0702,0,0,4629,140163243278
22.7157,44.0224,8.41232,13.0872,81,79,79,2382,2800,0.479378,30,11.0702,0,0,4629,140207266327
22.1862,45.0731,8.41232,13.0872,81,79,79,2382,2800,0.479378,30,11.0702,0,0,4629,140252341050
24.428,40.9367,8.41232,13.0872,81,79,79,2382,2800,0.479378,30,11.0702,0,0,4629,140293277426
25.8742,38.6485,8.41232,13.0872,81,79,79,2382,2800,0.479378,30,11.0702,0,0,4629,140331926782
24.3749,41.0259,8.41232,13.0872,81,79,79,2382,2800,0.479378,30,11.0702,0,0,4629,140372956221
24.2661,41.2098,8.41232,13.0872,81,79,79,2382,2800,0.479378,30,11.0702,0,0,4629,140414166599
23.1726,43.1545,8.41232,13.0872,81,79,79,2382,2800,0.479378,30,11.0702,0,0,4629,140457322409
25.2442,39.6131,8.41232,13.0872,81,79,79,2382,2800,0.479378,30,11.0702,0,0,4629,140496936806
23.5255,42.5071,8.41232,13.0872,81,79,79,2382,2800,0.479378,30,11.0702,0,0,4629,140539448794
24.3585,41.0534,9.48814,14.3793,81,71,79,2600,2800,0.479378,33,11.0784,0,0,4337,140580501217
22.9805,43.5152,9.48814,14.3793,81,71,79,2600,2800,0.479378,33,11.0784,0,0,4337,140624018101
24.7761,40.3614,9.48814,14.3793,81,71,79,2600,2800,0.479378,33,11.0784,0,0,4337,140664381216
24.4631,40.878,9.48814,14.3793,81,71,79,2600,2800,0.479378,33,11.0784,0,0,4337,140705260836
24.5026,40.812,9.48814,14.3793,81,71,79,2600,2800,0.479378,33,11.0784,0,0,4337,140746073751
22.2577,44.9282,9.48814,14.3793,81,71,79,2600,2800,0.479378,33,11.0784,0,0,4337,140791002432
25.6176,39.0356,9.48814,14.3793,81,71,79,2600,2800,0.479378,33,11.0784,0,0,4337,140830039872
24.949,40.0817,9.48814,14.3793,81,71,79,2600,2800,0.479378,33,11.0784,0,0,4337,140870122674
26.1415,38.2534,9.48814,14.3793,81,71,79,2600,2800,0.479378,33,11.0784,0,0,4337,140908378435
27.1497,36.8329,9.48814,14.3793,81,71,79,2600,2800,0.479378,33,11.0784,0,0,4337,140945210237
25.4243,39.3324,9.48814,14.3793,81,71,79,2600,2800,0.479378,33,11.0784,0,0,4337,140984543850
25.7765,38.795,9.48814,14.3793,81,71,79,2600,2800,0.479378,33,11.0784,0,0,4337,141023341242
27.9603,35.765,9.48814,14.3793,81,71,79,2600,2800,0.479378,33,11.0784,0,0,4337,141059115810
28.2258,35.4285,11.6082,11.0176,80,72,78,2600,2800,0.479378,38,11.0766,0,0,4596,141094538701
28.8159,34.703,11.6082,11.0176,80,72,78,2600,2800,0.479378,38,11.0766,0,0,4596,141129242790
29.1325,34.326,11.6082,11.0176,80,72,78,2600,2800,0.479378,38,11.0766,0,0,4596,141163573592
27.6382,36.1818,11.6082,11.0176,80,72,78,2600,2800,0.479378,38,11.0766,0,0,4596,141199752605
24.7909,40.3374,11.6082,11.0176,80,72,78,2600,2800,0.479378,38,11.0766,0,0,4596,141240091966
28.7745,34.753,11.6082,11.0176,80,72,78,2600,2800,0.479378,38,11.0766,0,0,4596,141274847020
29.0703,34.3994,11.6082,11.0176,80,72,78,2600,2800,0.479378,38,11.0766,0,0,4596,141309246270
27.9022,35.8394,11.6082,11.0176,80,72,78,2600,2800,0.479378,38,11.0766,0,0,4596,141345090588
25.6694,38.9569,11.6082,11.0176,80,72,78,2600,2800,0.479378,38,11.0766,0,0,4596,141384049191
27.6951,36.1075,11.6082,11.0176,80,72,78,2600,2800,0.479378,38,11.0766,0,0,4596,141420153955
28.0053,35.7075,11.6082,11.0176,80,72,78,2600,2800,0.479378,38,11.0766,0,0,4596,141455866327
28.9655,34.5238,11.6082,11.0176,80,72,78,2600,2800,0.479378,38,11.0766,0,0,4596,141490393185
28.8306,34.6853,11.6082,11.0176,80,72,78,2600,2800,0.479378,38,11.0766,0,0,4596,141525077597
28.1414,35.5348,11.6082,11.0176,80,72,78,2600,2800,0.479378,38,11.0766,0,0,4596,141560618729
28.1643,35.5059,8.125,14.8423,80,74,78,2363,2800,0.479378,30,11.0774,0,0,4614,141596121189
28.2199,35.4359,8.125,14.8423,80,74,78,2363,2800,0.479378,30,11.0774,0,0,4614,141631562595
27.3292,36.5909,8.125,14.8423,80,74,78,2363,2800,0.479378,30,11.0774,0,0,4614,141668152976
27.0203,37.0092,8.125,14.8423,80,74,78,2363,2800,0.479378,30,11.0774,0,0,4614,141705163872
28.0046,35.7085,8.125,14.8423,80,74,78,2363,2800,0.479378,30,11.0774,0,0,4614,141740871585
28.7042,34.8381,8.125,14.8423,80,74,78,2363,2800,0.479378,30,11.0774,0,0,4614,141775712820
28.4082,35.2011,8.125,14.8423,80,74,78,2363,2800,0.479378,30,11.0774,0,0,4614,141810914077
27.1081,36.8893,8.125,14.8423,80,74,78,2363,2800,0.479378,30,11.0774,0,0,4614,141847806643
27.1841,36.7862,8.125,14.8423,80,74,78,2363,2800,0.479378,30,11.0774,0,0,4614,141884594142
27.8447,35.9135,8.125,14.8423,80,74,78,2363,2800,0.479378,30,11.0774,0,0,4614,141920508300
27.1078,36.8898,8.125,14.8423,80,74,78,2363,2800,0.479378,30,11.0774,0,0,4614,141957398000
28.6165,34.9449,8.125,14.8423,80,74,78,2363,2800,0.479378,30,11.0774,0,0,4614,141992344943
28.2736,35.3687,8.125,14.8423,80,74,78,2363,2800,0.479378,30,11.0774,0,0,4614,142027716859
22.484,44.4761,8.125,14.8423,80,74,78,2363,2800,0.479378,30,11.0774,0,0,4614,142072200037
25.6968,38.9153,7.77778,11.892,81,78,79,2442,2800,0.479378,35,11.0687,0,0,4638,142111114067
25.4756,39.2532,7.77778,11.892,81,78,79,2442,2800,0.479378,35,11.0687,0,0,4638,142150369604
27.6257,36.1982,7.77778,11.892,81,78,79,2442,2800,0.479378,35,11.0687,0,0,4638,142186570368
26.7302,37.4109,7.77778,11.892,81,78,79,2442,2800,0.479378,35,11.0687,0,0,4638,142223981672
28.3935,35.2193,7.77778,11.892,81,78,79,2442,2800,0.479378,35,11.0687,0,0,4638,142259199550
29.7798,33.5798,7.77778,11.892,81,78,79,2442,2800,0.479378,35,11.0687,0,0,4638,142292780562
28.5686,35.0035,7.77778,11.892,81,78,79,2442,2800,0.479378,35,11.0687,0,0,4638,142327785613
28.4448,35.1558,7.77778,11.892,81,78,79,2442,2800,0.479378,35,11.0687,0,0,4638,142362941756
28.3635,35.2566,7.77778,11.892,81,78,79,2442,2800,0.479378,35,11.0687,0,0,4638,142398201843
28.6354,34.9218,7.77778,11.892,81,78,79,2442,2800,0.479378,35,11.0687,0,0,4638,142433126735
24.5531,40.7281,7.77778,11.892,81,78,79,2442,2800,0.479378,35,11.0687,0,0,4638,142473857026
22.3387,44.7654,7.77778,11.892,81,78,79,2442,2800,0.479378,35,11.0687,0,0,4638,142518622101
24.169,41.3753,7.77778,11.892,81,78,79,2442,2800,0.479378,35,11.0687,0,0,4638,142559998618
28.2392,35.4117,7.77778,11.892,81,78,79,2442,2800,0.479378,35,11.0687,0,0,4638,142595417131
27.7199,36.0751,10.349,14.8217,81,71,78,800,2800,0.479378,29,11.0764,0,0,4405,142631486900
28.2881,35.3506,10.349,14.8217,81,71,78,800,2800,0.479378,29,11.0764,0,0,4405,142666842135
26.4683,37.781,10.349,14.8217,81,71,78,800,2800,0.479378,29,11.0764,0,0,4405,142704627127
26.6334,37.5468,10.349,14.8217,81,71,78,800,2800,0.479378,29,11.0764,0,0,4405,142742174344
27.581,36.2569,10.349,14.8217,81,71,78,800,2800,0.479378,29,11.0764,0,0,4405,142778429690
26.205,38.1607,10.349,14.8217,81,71,78,800,2800,0.479378,29,11.0764,0,0,4405,142816592217
29.2203,34.2228,10.349,14.8217,81,71,78,800,2800,0.479378,29,11.0764,0,0,4405,142850817622
26.6772,37.4852,10.349,14.8217,81,71,78,800,2800,0.479378,29,11.0764,0,0,4405,142888303274
26.9255,37.1395,10.349,14.8217,81,71,78,800,2800,0.479378,29,11.0764,0,0,4405,142925444424
27.2636,36.6789,10.349,14.8217,81,71,78,800,2800,0.479378,29,11.0764,0,0,4405,142962124873
28.2566,35.39,10.349,14.8217,81,71,78,800,2800,0.479378,29,11.0764,0,0,4405,142997516476
27.2751,36.6634,10.349,14.8217,81,71,78,800,2800,0.479378,29,11.0764,0,0,4405,143034179653
27.0402,36.982,10.349,14.8217,81,71,78,800,2800,0.479378,29,11.0764,0,0,4405,143071164621
27.4456,36.4357,10.349,14.8217,81,71,78,800,2800,0.479378,29,11.0764,0,0,4405,143107603299
25.9628,38.5167,11.8727,13.5235,81,74,77,2502,2800,0.479378,33,11.0747,0,0,4593,143146119476
26.4466,37.812,11.8727,13.5235,81,74,77,2502,2800,0.479378,33,11.0747,0,0,4593,143183932980
26.7622,37.3661,11.8727,13.5235,81,74,77,2502,2800,0.479378,33,11.0747,0,0,4593,143221299150
26.4911,37.7486,11.8727,13.5235,81,74,77,2502,2800,0.479378,33,11.0747,0,0,4593,143259052342
28.6995,34.8439,11.8727,13.5235,81,74,77,2502,2800,0.479378,33,11.0747,0,0,4593,143293896212
28.5101,35.0753,11.8727,13.5235,81,74,77,2502,2800,0.479378,33,11.0747,0,0,4593,143328971004
27.0117,37.021,11.8727,13.5235,81,74,77,2502,2800,0.479378,33,11.0747,0,0,4593,143365992720
28.4598,35.1373,11.8727,13.5235,81,74,77,2502,2800,0.479378,33,11.0747,0,0,4593,143401131651
26.1814,38.195,11.8727,13.5235,81,74,77,2502,2800,0.479378,33,11.0747,0,0,4593,143439327580
25.8016,38.7572,11.8727,13.5235,81,74,77,2502,2800,0.479378,33,11.0747,0,0,4593,143478088333
22.5961,44.2553,11.8727,13.5235,81,74,77,2502,2800,0.479378,33,11.0747,0,0,4593,143522344778
25.0597,39.9047,11.8727,13.5235,81,74,77,2502,2800,0.479378,33,11.0747,0,0,4593,143562251061
24.8059,40.313,11.8727,13.5235,81,74,77,2502,2800,0.479378,33,11.0747,0,0,4593,143602563632
26.4101,37.8643,11.8727,13.5235,81,74,77,2502,2800,0.479378,33,11.0747,0,0,4593,143640432971
26.6302,37.5513,9.1442,14.9987,80,78,78,800,2800,0.479378,30,11.0737,0,0,4606,143677983525
28.2562,35.3904,9.1442,14.9987,80,78,78,800,2800,0.479378,30,11.0737,0,0,4606,143713376530
27.0395,36.9829,9.1442,14.9987,80,78,78,800,2800,0.479378,30,11.0737,0,0,4606,143750359404
27.0952,36.9069,9.1442,14.9987,80,78,78,800,2800,0.479378,30,11.0737,0,0,4606,143787266226
26.7549,37.3763,9.1442,14.9987,80,78,78,800,2800,0.479378,30,11.0737,0,0,4606,143824645611
27.8104,35.9578,9.1442,14.9987,80,78,78,800,2800,0.479378,30,11.0737,0,0,4606,143860602769
28.7789,34.7476,9.1442,14.9987,80,78,78,800,2800,0.479378,30,11.0737,0,0,4606,143895351652
30.44,32.8515,9.1442,14.9987,80,78,78,800,2800,0.479378,30,11.0737,0,0,4606,143928205126
29.2855,34.1466,9.1442,14.9987,80,78,78,800,2800,0.479378,30,11.0737,0,0,4606,143962354960
28.6587,34.8934,9.1442,14.9987,80,78,78,800,2800,0.479378,30,11.0737,0,0,4606,143997249655
29.6499,33.7269,9.1442,14.9987,80,78,78,800,2800,0.479378,30,11.0737,0,0,4606,144030977030
28.1377,35.5395,9.1442,14.9987,80,78,78,800,2800,0.479378,30,11.0737,0,0,4606,144066517701
28.6908,34.8544,9.1442,14.9987,80,78,78,800,2800,0.479378,30,11.0737,0,0,4606,144101374656
28.0107,35.7006,9.1442,14.9987,80,78,78,800,2800,0.479378,30,11.0737,0,0,4606,144137076798
26.4389,37.8231,9.1442,14.9987,80,78,78,800,2800,0.479378,30,11.0737,0,0,4606,144174904359
28.4259,35.1792,8.80282,13.2516,80,71,78,2600,2800,0.479378,29,11.0769,0,0,4600,144210083105
27.2229,36.7338,8.80282,13.2516,80,71,78,2600,2800,0.479378,29,11.0769,0,0,4600,144246817805
25.8734,38.6498,8.80282,13.2516,80,71,78,2600,2800,0.479378,29,11.0769,0,0,4600,144285468403
28.0334,35.6717,8.80282,13.2516,80,71,78,2600,2800,0.479378,29,11.0769,0,0,4600,144321139688
24.9578,40.0676,8.80282,13.2516,80,71,78,2600,2800,0.479378,29,11.0769,0,0,4600,144361212491
28.8424,34.6712,8.80282,13.2516,80,71,78,2600,2800,0.479378,29,11.0769,0,0,4600,144395881896
28.7772,34.7497,8.80282,13.2516,80,71,78,2600,2800,0.479378,29,11.0769,0,0,4600,144430634285
25.4126,39.3506,8.80282,13.2516,80,71,78,2600,2800,0.479378,29,11.0769,0,0,4600,144469984609
27.7089,36.0894,8.80282,13.2516,80,71,78,2600,2800,0.479378,29,11.0769,0,0,4600,144506077702
26.7301,37.4111,8.80282,13.2516,80,71,78,2600,2800,0.479378,29,11.0769,0,0,4600,144543487242
25.0812,39.8704,8.80282,13.2516,80,71,78,2600,2800,0.479378,29,11.0769,0,0,4600,144583358159
26.1946,38.1758,8.80282,13.2516,80,71,78,2600,2800,0.479378,29,11.0769,0,0,4600,144621536315
25.0737,39.8825,8.80282,13.2516,80,71,78,2600,2800,0.479378,29,11.0769,0,0,4600,144661422219
27.0737,36.9362,8.80282,13.2516,80,71,78,2600,2800,0.479378,29,11.0769,0,0,4600,144698365289
26.721,37.4237,12.3798,14.7805,80,72,78,2463,2800,0.479378,29,11.0832,0,0,4273,144735783956
26.2274,38.1281,12.3798,14.7805,80,72,78,2463,2800,0.479378,29,11.0832,0,0,4273,144773915275
23.8312,41.9618,12.3798,14.7805,80,72,78,2463,2800,0.479378,29,11.0832,0,0,4273,144815877075
29.363,34.0565,12.3798,14.7805,80,72,78,2463,2800,0.479378,29,11.0832,0,0,4273,144849934176
27.5063,36.3553,12.3798,14.7805,80,72,78,2463,2800,0.479378,29,11.0832,0,0,4273,144886290831
26.4247,37.8433,12.3798,14.7805,80,72,78,2463,2800,0.479378,29,11.0832,0,0,4273,144924134552
25.0346,39.9447,12.3798,14.7805,80,72,78,2463,2800,0.479378,29,11.0832,0,0,4273,144964082913
25.1512,39.7596,12.3798,14.7805,80,72,78,2463,2800,0.479378,29,11.0832,0,0,4273,145003842191
21.3268,46.8893,12.3798,14.7805,80,72,78,2463,2800,0.479378,29,11.0832,0,0,4273,145050733135
27.3923,36.5066,12.3798,14.7805,80,72,78,2463,2800,0.479378,29,11.0832,0,0,4273,145087241824
28.7326,34.8037,12.3798,14.7805,80,72,78,2463,2800,0.479378,29,11.0832,0,0,4273,145122045389
25.6106,39.0463,12.3798,14.7805,80,72,78,2463,2800,0.479378,29,11.0832,0,0,4273,145161093168
29.5615,33.8277,12.3798,14.7805,80,72,78,2463,2800,0.479378,29,11.0832,0,0,4273,145194924848
28.5435,35.0342,12.3798,14.7805,80,72,78,2463,2800,0.479378,29,11.0832,0,0,4273,145229967079
27.6804,36.1267,11.4657,14.7728,80,74,77,2600,2800,0.479378,37,11.1061,0,0,4566,145266089666
28.0041,35.7091,11.4657,14.7728,80,74,77,2600,2800,0.479378,37,11.1061,0,0,4566,145301800816
26.0371,38.4067,11.4657,14.7728,80,74,77,2600,2800,0.479378,37,11.1061,0,0,4566,145340206646
26.4441,37.8157,11.4657,14.7728,80,74,77,2600,2800,0.479378,37,11.1061,0,0,4566,145378025682
28.8932,34.6102,11.4657,14.7728,80,74,77,2600,2800,0.479378,37,11.1061,0,0,4566,145412635465
27.0457,36.9745,11.4657,14.7728,80,74,77,2600,2800,0.479378,37,11.1061,0,0,4566,145449615704
28.0602,35.6377,11.4657,14.7728,80,74,77,2600,2800,0.479378,37,11.1061,0,0,4566,145485251803
28.9864,34.4989,11.4657,14.7728,80,74,77,2600,2800,0.479378,37,11.1061,0,0,4566,145519754506
29.3453,34.077,11.4657,14.7728,80,74,77,2600,2800,0.479378,37,11.1061,0,0,4566,145553831264
29.4537,33.9516,11.4657,14.7728,80,74,77,2600,2800,0.479378,37,11.1061,0,0,4566,145587785643
28.5307,35.05,11.4657,14.7728,80,74,77,2600,2800,0.479378,37,11.1061,0,0,4566,145622834876
28.1564,35.5159,11.4657,14.7728,80,74,77,2600,2800,0.479378,37,11.1061,0,0,4566,145658356321
30.497,32.7901,11.4657,14.7728,80,74,77,2600,2800,0.479378,37,11.1061,0,0,4566,145691143752
28.1528,35.5204,11.4657,14.7728,80,74,77,2600,2800,0.479378,37,11.1061,0,0,4566,145726667762
30.0964,33.2266,11.4657,14.7728,80,74,77,2600,2800,0.479378,37,11.1061,0,0,4566,145759900924
29.3217,34.1045,8.4323,15.0551,80,78,78,2600,2800,0.479378,30,11.1066,0,0,4603,145794004432
30.5843,32.6965,8.4323,15.0551,80,78,78,2600,2800,0.479378,30,11.1066,0,0,4603,145826699169
29.4823,33.9187,8.4323,15.0551,80,78,78,2600,2800,0.479378,30,11.1066,0,0,4603,145860619444
30.6983,32.5751,8.4323,15.0551,80,78,78,2600,2800,0.479378,30,11.1066,0,0,4603,145893197103
29.482,33.9191,8.4323,15.0551,80,78,78,2600,2800,0.479378,30,11.1066,0,0,4603,145927118901
29.1668,34.2856,8.4323,15.0551,80,78,78,2600,2800,0.479378,30,11.1066,0,0,4603,145961402615
30.5856,32.6951,8.4323,15.0551,80,78,78,2600,2800,0.479378,30,11.1066,0,0,4603,145994099016
30.3453,32.9541,8.4323,15.0551,80,78,78,2600,2800,0.479378,30,11.1066,0,0,4603,146027056233
31.8231,31.4237,8.4323,15.0551,80,78,78,2600,2800,0.479378,30,11.1066,0,0,4603,146058479626
29.9458,33.3937,8.4323,15.0551,80,78,78,2600,2800,0.479378,30,11.1066,0,0,4603,146091874671
30.6314,32.6462,8.4323,15.0551,80,78,78,2600,2800,0.479378,30,11.1066,0,0,4603,146124522371
29.5147,33.8814,8.4323,15.0551,80,78,78,2600,2800,0.479378,30,11.1066,0,0,4603,146158403944
29.4381,33.9696,8.4323,15.0551,80,78,78,2600,2800,0.479378,30,11.1066,0,0,4603,146192376016
30.5057,32.7808,8.4323,15.0551,80,78,78,2600,2800,0.479378,30,11.1066,0,0,4603,146225157325
28.2684,35.3752,8.4323,15.0551,80,78,78,2600,2800,0.479378,30,11.1066,0,0,4603,146260538087
30.2756,33.0299,8.9196,11.9212,81,72,78,2600,2800,0.479378,37,11.1105,0,0,4618,146293565826
32.7897,30.4974,8.9196,11.9212,81,72,78,2600,2800,0.479378,37,11.1105,0,0,4618,146324064814
29.9403,33.3998,8.9196,11.9212,81,72,78,2600,2800,0.479378,37,11.1105,0,0,4618,146357468835
31.5313,31.7145,8.9196,11.9212,81,72,78,2600,2800,0.479378,37,11.1105,0,0,4618,146389184504
29.1621,34.2911,8.9196,11.9212,81,72,78,2600,2800,0.479378,37,11.1105,0,0,4618,146423474680
32.0458,31.2053,8.9196,11.9212,81,72,78,2600,2800,0.479378,37,11.1105,0,0,4618,146454682802
29.219,34.2243,8.9196,11.9212,81,72,78,2600,2800,0.479378,37,11.1105,0,0,4618,146488911052
26.1225,38.2811,8.9196,11.9212,81,72,78,2600,2800,0.479378,37,11.1105,0,0,4618,146527190177
30.2036,33.1086,8.9196,11.9212,81,72,78,2600,2800,0.479378,37,11.1105,0,0,4618,146560301151
30.1858,33.1281,8.9196,11.9212,81,72,78,2600,2800,0.479378,37,11.1105,0,0,4618,146593430530
30.3227,32.9786,8.9196,11.9212,81,72,78,2600,2800,0.479378,37,11.1105,0,0,4618,146626413014
29.4171,33.9938,8.9196,11.9212,81,72,78,2600,2800,0.479378,37,11.1105,0,0,4618,146660408220
29.546,33.8456,8.9196,11.9212,81,72,78,2600,2800,0.479378,37,11.1105,0,0,4618,146694252183
30.2824,33.0225,8.9196,11.9212,81,72,78,2600,2800,0.479378,37,11.1105,0,0,4618,146727278499
30.4799,32.8085,8.9196,11.9212,81,72,78,2600,2800,0.479378,37,11.1105,0,0,4618,146760087860
30.1163,33.2046,8.9196,11.9212,81,72,78,2600,2800,0.479378,37,11.1105,0,0,4618,146793300965
31.8538,31.3934,13.0178,12.0063,81,71,77,800,2800,0.479378,29,11.1094,0,0,4339,146824688782
31.7164,31.5294,13.0178,12.0063,81,71,77,800,2800,0.479378,29,11.1094,0,0,4339,146856219005
28.9545,34.537,13.0178,12.0063,81,71,77,800,2800,0.479378,29,11.1094,0,0,4339,146890758236
30.9115,32.3505,13.0178,12.0063,81,71,77,800,2800,0.479378,29,11.1094,0,0,4339,146923108149
31.6887,31.557,13.0178,12.0063,81,71,77,800,2800,0.479378,29,11.1094,0,0,4339,146954668959
33.4348,29.9089,13.0178,12.0063,81,71,77,800,2800,0.479378,29,11.1094,0,0,4339,146984581772
35.0069,28.5658,13.0178,12.0063,81,71,77,800,2800,0.479378,29,11.1094,0,0,4339,147013147590
38.2009,26.1774,13.0178,12.0063,81,71,77,800,2800,0.479378,29,11.1094,0,0,4339,147039326210
31.966,31.2832,13.0178,12.0063,81,71,77,800,2800,0.479378,29,11.1094,0,0,4339,147070609953
32.0225,31.228,13.0178,12.0063,81,71,77,800,2800,0.479378,29,11.1094,0,0,4339,147101840787
32.7697,30.516,13.0178,12.0063,81,71,77,800,2800,0.479378,29,11.1094,0,0,4339,147132356365
35.2475,28.3708,13.0178,12.0063,81,71,77,800,2800,0.479378,29,11.1094,0,0,4339,147160728090
36.0871,27.7108,13.0178,12.0063,81,71,77,800,2800,0.479378,29,11.1094,0,0,4339,147188443620
32.7686,30.517,13.0178,12.0063,81,71,77,800,2800,0.479378,29,11.1094,0,0,4339,147218958407
32.6001,30.6747,13.0178,12.0063,81,71,77,800,2800,0.479378,29,11.1094,0,0,4339,147249635166
38.0488,26.282,13.0178,12.0063,81,71,77,800,2800,0.479378,29,11.1094,0,0,4339,147275917701
38.1437,26.2167,13.0178,12.0063,81,71,77,800,2800,0.479378,29,11.1094,0,0,4339,147302144912
33.0839,30.2262,11.5816,13.995,81,75,77,2600,2800,0.479378,26,11.1415,0,0,4598,147332367483
36.9814,27.0406,11.5816,13.995,81,75,77,2600,2800,0.479378,26,11.1415,0,0,4598,147359410257
35.685,28.023,11.5816,13.995,81,75,77,2600,2800,0.479378,26,11.1415,0,0,4598,147387431879
32.5547,30.7175,11.5816,13.995,81,75,77,2600,2800,0.479378,26,11.1415,0,0,4598,147418150316
40.5359,24.6695,11.5816,13.995,81,75,77,2600,2800,0.479378,26,11.1415,0,0,4598,147442822914
34.4575,29.0213,11.5816,13.995,81,75,77,2600,2800,0.479378,26,11.1415,0,0,4598,147471845344
33.9924,29.4183,11.5816,13.995,81,75,77,2600,2800,0.479378,26,11.1415,0,0,4598,147501265457
34.1385,29.2925,11.5816,13.995,81,75,77,2600,2800,0.479378,26,11.1415,0,0,4598,147530560086
39.3503,25.4128,11.5816,13.995,81,75,77,2600,2800,0.479378,26,11.1415,0,0,4598,147555974660
36.4244,27.4542,11.5816,13.995,81,75,77,2600,2800,0.479378,26,11.1415,0,0,4598,147583428842
35.2961,28.3317,11.5816,13.995,81,75,77,2600,2800,0.479378,26,11.1415,0,0,4598,147611764089
38.0444,26.2851,11.5816,13.995,81,75,77,2600,2800,0.479378,26,11.1415,0,0,4598,147638050300
34.6041,28.8983,11.5816,13.995,81,75,77,2600,2800,0.479378,26,11.1415,0,0,4598,147666949450
34.9433,28.6178,11.5816,13.995,81,75,77,2600,2800,0.479378,26,11.1415,0,0,4598,147695568858
39.8104,25.1191,11.5816,13.995,81,75,77,2600,2800,0.479378,26,11.1415,0,0,4598,147720690525
34.0218,29.393,11.5816,13.995,81,75,77,2600,2800,0.479378,26,11.1415,0,0,4598,147750084469
38.1134,26.2375,11.5816,13.995,81,75,77,2600,2800,0.479378,26,11.1415,0,0,4598,147776324915
34.79,28.7439,11.5816,13.995,81,75,77,2600,2800,0.479378,26,11.1415,0,0,4598,147805073884
35.3137,28.3177,8.16583,14.247,81,77,78,2502,2800,0.479378,29,11.1418,0,0,4615,147833388834
36.0051,27.7739,8.16583,14.247,81,77,78,2502,2800,0.479378,29,11.1418,0,0,4615,147861164035
37.006,27.0227,8.16583,14.247,81,77,78,2502,2800,0.479378,29,11.1418,0,0,4615,147888189547
33.4133,29.9282,8.16583,14.247,81,77,78,2502,2800,0.479378,29,11.1418,0,0,4615,147918119562
40.8644,24.4712,8.16583,14.247,81,77,78,2502,2800,0.479378,29,11.1418,0,0,4615,147942593169
33.5948,29.7665,8.16583,14.247,81,77,78,2502,2800,0.479378,29,11.1418,0,0,4615,147972362754
32.7193,30.563,8.16583,14.247,81,77,78,2502,2800,0.479378,29,11.1418,0,0,4615,148002928426
33.7439,29.635,8.16583,14.247,81,77,78,2502,2800,0.479378,29,11.1418,0,0,4615,148032565774
36.3136,27.5379,8.16583,14.247,81,77,78,2502,2800,0.479378,29,11.1418,0,0,4615,148060103713
40.8235,24.4957,8.16583,14.247,81,77,78,2502,2800,0.479378,29,11.1418,0,0,4615,148084602206
35.8166,27.92,8.16583,14.247,81,77,78,2502,2800,0.479378,29,11.1418,0,0,4615,148112522378
35.6575,28.0446,8.16583,14.247,81,77,78,2502,2800,0.479378,29,11.1418,0,0,4615,148140568225
37.4599,26.6952,8.16583,14.247,81,77,78,2502,2800,0.479378,29,11.1418,0,0,4615,148167264923
32.9435,30.355,8.16583,14.247,81,77,78,2502,2800,0.479378,29,11.1418,0,0,4615,148197622456
37.5294,26.6458,8.16583,14.247,81,77,78,2502,2800,0.479378,29,11.1418,0,0,4615,148224270292
34.407,29.0638,8.16583,14.247,81,77,78,2502,2800,0.479378,29,11.1418,0,0,4615,148253336164
33.377,29.9608,8.16583,14.247,81,77,78,2502,2800,0.479378,29,11.1418,0,0,4615,148283299992
42.3376,23.6197,8.16583,14.247,81,77,78,2502,2800,0.479378,29,11.1418,0,0,4615,148306920917
33.8159,29.5719,8.54271,14.173,82,73,79,2587,2800,0.479378,29,11.1632,0,0,4638,148336491310
32.3149,30.9455,8.54271,14.173,82,73,79,2587,2800,0.479378,29,11.1632,0,0,4638,148367441109
35.298,28.3302,8.54271,14.173,82,73,79,2587,2800,0.479378,29,11.1632,0,0,4638,148395773060
32.8243,30.4652,8.54271,14.173,82,73,79,2587,2800,0.479378,29,11.1632,0,0,4638,148426237343
35.3716,28.2713,8.54271,14.173,82,73,79,2587,2800,0.479378,29,11.1632,0,0,4638,148454510153
33.5909,29.77,8.54271,14.173,82,73,79,2587,2800,0.479378,29,11.1632,0,0,4638,148484281181
33.8112,29.576,8.54271,14.173,82,73,79,2587,2800,0.479378,29,11.1632,0,0,4638,148513859740
36.8139,27.1637,8.54271,14.173,82,73,79,2587,2800,0.479378,29,11.1632,0,0,4638,148541025183
35.1181,28.4754,8.54271,14.173,82,73,79,2587,2800,0.479378,29,11.1632,0,0,4638,148569503728
33.787,29.5971,8.54271,14.173,82,73,79,2587,2800,0.479378,29,11.1632,0,0,4638,148599103666
33.6895,29.6829,8.54271,14.173,82,73,79,2587,2800,0.479378,29,11.1632,0,0,4638,148628787091
37.4793,26.6814,8.54271,14.173,82,73,79,2587,2800,0.479378,29,11.1632,0,0,4638,148655467498
32.9904,30.3118,8.54271,14.173,82,73,79,2587,2800,0.479378,29,11.1632,0,0,4638,148685779567
31.1898,32.0618,8.54271,14.173,82,73,79,2587,2800,0.479378,29,11.1632,0,0,4638,148717844498
36.8182,27.1605,8.54271,14.173,82,73,79,2587,2800,0.479378,29,11.1632,0,0,4638,148745005993
35.8115,27.924,8.54271,14.173,82,73,79,2587,2800,0.479378,29,11.1632,0,0,4638,148772933209
33.0804,30.2294,8.54271,14.173,82,73,79,2587,2800,0.479378,29,11.1632,0,0,4638,148803162653
34.2391,29.2064,8.54271,14.173,82,73,79,2587,2800,0.479378,29,11.1632,0,0,4638,148832372733
37.0483,26.9918,12.7251,11.8145,83,70,79,2553,2800,0.479134,32,11.1757,0,0,4604,148859363350
35.3662,28.2756,12.7251,11.8145,83,70,79,2553,2800,0.479134,32,11.1757,0,0,4604,148887639527
34.1063,29.3201,12.7251,11.8145,83,70,79,2553,2800,0.479134,32,11.1757,0,0,4604,148916962108
26.527,37.6974,12.7251,11.8145,83,70,79,2553,2800,0.479134,32,11.1757,0,0,4604,148954659886
34.8951,28.6573,12.7251,11.8145,83,70,79,2553,2800,0.479134,32,11.1757,0,0,4604,148983318377
32.5449,30.7268,12.7251,11.8145,83,70,79,2553,2800,0.479134,32,11.1757,0,0,4604,149014046312
34.4906,28.9934,12.7251,11.8145,83,70,79,2553,2800,0.479134,32,11.1757,0,0,4604,149043044397
37.9321,26.3629,12.7251,11.8145,83,70,79,2553,2800,0.479134,32,11.1757,0,0,4604,149069408113
32.0559,31.1955,12.7251,11.8145,83,70,79,2553,2800,0.479134,32,11.1757,0,0,4604,149100604392
36.1242,27.6823,12.7251,11.8145,83,70,79,2553,2800,0.479134,32,11.1757,0,0,4604,149128289365
34.9448,28.6165,12.7251,11.8145,83,70,79,2553,2800,0.479134,32,11.1757,0,0,4604,149156907120
34.1272,29.3022,12.7251,11.8145,83,70,79,2553,2800,0.479134,32,11.1757,0,0,4604,149186211787
27.8292,35.9335,12.7251,11.8145,83,70,79,2553,2800,0.479134,32,11.1757,0,0,4604,149222146734
33.8097,29.5773,12.7251,11.8145,83,70,79,2553,2800,0.479134,32,11.1757,0,0,4604,149251724832
37.7403,26.4968,12.7251,11.8145,83,70,79,2553,2800,0.479134,32,11.1757,0,0,4604,149278222578
37.7487,26.491,12.7251,11.8145,83,70,79,2553,2800,0.479134,32,11.1757,0,0,4604,149304716327
32.0754,31.1765,12.7251,11.8145,83,70,79,2553,2800,0.479134,32,11.1757,0,0,4604,149335898159
32.9874,30.3146,8.625,13.3803,82,75,77,2202,2800,0.479134,32,11.1742,0,0,4596,149366210759
35.2328,28.3826,8.625,13.3803,82,75,77,2202,2800,0.479134,32,11.1742,0,0,4596,149394594206
38.4812,25.9867,8.625,13.3803,82,75,77,2202,2800,0.479134,32,11.1742,0,0,4596,149420582451
33.7108,29.6641,8.625,13.3803,82,75,77,2202,2800,0.479134,32,11.1742,0,0,4596,149450249906
26.1581,38.2291,8.625,13.3803,82,75,77,2202,2800,0.479134,32,11.1742,0,0,4596,149488479097
32.8652,30.4273,8.625,13.3803,82,75,77,2202,2800,0.479134,32,11.1742,0,0,4596,149518909426
34.2327,29.2118,8.625,13.3803,82,75,77,2202,2800,0.479134,32,11.1742,0,0,4596,149548121640
39.1007,25.575,8.625,13.3803,82,75,77,2202,2800,0.479134,32,11.1742,0,0,4596,149573697636
34.1263,29.303,8.625,13.3803,82,75,77,2202,2800,0.479134,32,11.1742,0,0,4596,149603000800
33.9169,29.4838,8.625,13.3803,82,75,77,2202,2800,0.479134,32,11.1742,0,0,4596,149632489150
37.6642,26.5504,8.625,13.3803,82,75,77,2202,2800,0.479134,32,11.1742,0,0,4596,149659039024
34.6108,28.8927,8.625,13.3803,82,75,77,2202,2800,0.479134,32,11.1742,0,0,4596,149687936220
34.367,29.0977,8.625,13.3803,82,75,77,2202,2800,0.479134,32,11.1742,0,0,4596,149717032739
38.3051,26.1062,8.625,13.3803,82,75,77,2202,2800,0.479134,32,11.1742,0,0,4596,149743141779
34.1818,29.2553,8.625,13.3803,82,75,77,2202,2800,0.479134,32,11.1742,0,0,4596,149772397004
34.5322,28.9585,8.625,13.3803,82,75,77,2202,2800,0.479134,32,11.1742,0,0,4596,149801357158
33.4234,29.9192,8.625,13.3803,82,75,77,2202,2800,0.479134,32,11.1742,0,0,4596,149831280471
38.6905,25.8462,8.625,13.3803,82,75,77,2202,2800,0.479134,32,11.1742,0,0,4596,149857131600
34.1211,29.3074,8.56454,12.836,82,76,78,2202,2800,0.479378,30,11.1741,0,0,4600,149886438141
33.3996,29.9405,8.56454,12.836,82,76,78,2202,2800,0.479378,30,11.1741,0,0,4600,149916376481
40.6255,24.6151,8.56454,12.836,82,76,78,2202,2800,0.479378,30,11.1741,0,0,4600,149940994507
32.5484,30.7234,8.56454,12.836,82,76,78,2202,2800,0.479378,30,11.1741,0,0,4600,149971720419
33.199,30.1214,8.56454,12.836,82,76,78,2202,2800,0.479378,30,11.1741,0,0,4600,150001842232
29.0004,34.4823,8.56454,12.836,82,76,78,2202,2800,0.479378,30,11.1741,0,0,4600,150036326240
36.1501,27.6625,8.56454,12.836,82,76,78,2202,2800,0.479378,30,11.1741,0,0,4600,150063992598
35.1218,28.4724,8.56454,12.836,82,76,78,2202,2800,0.479378,30,11.1741,0,0,4600,150092463368
34.5543,28.94,8.56454,12.836,82,76,78,2202,2800,0.479378,30,11.1741,0,0,4600,150121403886
34.0099,29.4032,8.56454,12.836,82,76,78,2202,2800,0.479378,30,11.1741,0,0,4600,150150810293
38.5864,25.9158,8.56454,12.836,82,76,78,2202,2800,0.479378,30,11.1741,0,0,4600,150176729038
34.2247,29.2187,8.56454,12.836,82,76,78,2202,2800,0.479378,30,11.1741,0,0,4600,150205948616
33.8542,29.5385,8.56454,12.836,82,76,78,2202,2800,0.479378,30,11.1741,0,0,4600,150235489725
33.985,29.4248,8.56454,12.836,82,76,78,2202,2800,0.479378,30,11.1741,0,0,4600,150264914797
28.8869,34.6178,8.56454,12.836,82,76,78,2202,2800,0.479378,30,11.1741,0,0,4600,150299532765
37.6563,26.556,8.56454,12.836,82,76,78,2202,2800,0.479378,30,11.1741,0,0,4600,150326089422
32.8825,30.4113,8.56454,12.836,82,76,78,2202,2800,0.479378,30,11.1741,0,0,4600,150356503531
32.57,30.7031,8.56454,12.836,82,76,78,2202,2800,0.479378,30,11.1741,0,0,4600,150387211979
32.153,31.1013,8.99408,11.442,82,71,78,2600,2800,0.479378,32,11.1703,0,0,4603,150418311157
33.7805,29.6028,8.99408,11.442,82,71,78,2600,2800,0.479378,32,11.1703,0,0,4603,150447915514
36.2331,27.5991,8.99408,11.442,82,71,78,2600,2800,0.479378,32,11.1703,0,0,4603,150475515027
31.1028,32.1514,8.99408,11.442,82,71,78,2600,2800,0.479378,32,11.1703,0,0,4603,150507668153
33.2484,30.0766,8.99408,11.442,82,71,78,2600,2800,0.479378,32,11.1703,0,0,4603,150537747026
29.9646,33.3727,8.99408,11.442,82,71,78,2600,2800,0.479378,32,11.1703,0,0,4603,150571122334
34.1833,29.254,8.99408,11.442,82,71,78,2600,2800,0.479378,32,11.1703,0,0,4603,150600377799
30.9495,32.3107,8.99408,11.442,82,71,78,2600,2800,0.479378,32,11.1703,0,0,4603,150632688940
38.1636,26.2029,8.99408,11.442,82,71,78,2600,2800,0.479378,32,11.1703,0,0,4603,150658907084
33.0165,30.2879,8.99408,11.442,82,71,78,2600,2800,0.479378,32,11.1703,0,0,4603,150689195829
31.9777,31.2718,8.99408,11.442,82,71,78,2600,2800,0.479378,32,11.1703,0,0,4603,150720470335
36.5343,27.3716,8.99408,11.442,82,71,78,2600,2800,0.479378,32,11.1703,0,0,4603,150747842914
35.6779,28.0286,8.99408,11.442,82,71,78,2600,2800,0.479378,32,11.1703,0,0,4603,150775870848
32.6383,30.6389,8.99408,11.442,82,71,78,2600,2800,0.479378,32,11.1703,0,0,4603,150806513363
32.9469,30.3519,8.99408,11.442,82,71,78,2600,2800,0.479378,32,11.1703,0,0,4603,150836867269
35.1905,28.4168,8.99408,11.442,82,71,78,2600,2800,0.479378,32,11.1703,0,0,4603,150865287315
35.99,27.7855,8.99408,11.442,82,71,78,2600,2800,0.479378,32,11.1703,0,0,4603,150893080159
33.6019,29.7602,13.4328,13.8102,82,71,77,2559,2800,0.479378,27,11.1697,0,0,4598,150922834106
33.1145,30.1982,13.4328,13.8102,82,71,77,2559,2800,0.479378,27,11.1697,0,0,4598,150953035387
36.2284,27.6027,13.4328,13.8102,82,71,77,2559,2800,0.479378,27,11.1697,0,0,4598,150980639289
36.3438,27.515,13.4328,13.8102,82,71,77,2559,2800,0.479378,27,11.1697,0,0,4598,151008154374
31.003,32.2549,13.4328,13.8102,82,71,77,2559,2800,0.479378,27,11.1697,0,0,4598,151040409861
33.5289,29.825,13.4328,13.8102,82,71,77,2559,2800,0.479378,27,11.1697,0,0,4598,151070236994
34.0548,29.3644,13.4328,13.8102,82,71,77,2559,2800,0.479378,27,11.1697,0,0,4598,151099605160
36.2514,27.5852,13.4328,13.8102,82,71,77,2559,2800,0.479378,27,11.1697,0,0,4598,151127191309
30.4704,32.8188,13.4328,13.8102,82,71,77,2559,2800,0.479378,27,11.1697,0,0,4598,151160010097
29.8512,33.4995,13.4328,13.8102,82,71,77,2559,2800,0.479378,27,11.1697,0,0,4598,151193513314
32.1937,31.062,13.4328,13.8102,82,71,77,2559,2800,0.479378,27,11.1697,0,0,4598,151224573880
31.305,31.9438,13.4328,13.8102,82,71,77,2559,2800,0.479378,27,11.1697,0,0,4598,151256517665
31.4108,31.8362,13.4328,13.8102,82,71,77,2559,2800,0.479378,27,11.1697,0,0,4598,151288357206
32.2642,30.9941,13.4328,13.8102,82,71,77,2559,2800,0.479378,27,11.1697,0,0,4598,151319351177
23.3977,42.7392,13.4328,13.8102,82,71,77,2559,2800,0.479378,27,11.1697,0,0,4598,151362095358
33.9425,29.4616,13.4328,13.8102,82,71,77,2559,2800,0.479378,27,11.1697,0,0,4598,151391557370
33.2294,30.0938,13.4328,13.8102,82,71,77,2559,2800,0.479378,27,11.1697,0,0,4598,151421658183
34.7813,28.7511,9.26366,12.816,82,75,77,800,2800,0.479378,35,11.1685,0,0,4603,151450406842
33.965,29.442,9.26366,12.816,82,75,77,800,2800,0.479378,35,11.1685,0,0,4603,151479847373
32.9313,30.3663,9.26366,12.816,82,75,77,800,2800,0.479378,35,11.1685,0,0,4603,151510214274
33.1866,30.1326,9.26366,12.816,82,75,77,800,2800,0.479378,35,11.1685,0,0,4603,151540352488
31.7262,31.5197,9.26366,12.816,82,75,77,800,2800,0.479378,35,11.1685,0,0,4603,151571872812
31.4215,31.8253,9.26366,12.816,82,75,77,800,2800,0.479378,35,11.1685,0,0,4603,151603699919
31.2845,31.9647,9.26366,12.816,82,75,77,800,2800,0.479378,35,11.1685,0,0,4603,151635667389
34.7366,28.7881,9.26366,12.816,82,75,77,800,2800,0.479378,35,11.1685,0,0,4603,151664453147
33.4621,29.8846,9.26366,12.816,82,75,77,800,2800,0.479378,35,11.1685,0,0,4603,151694339300
33.6886,29.6836,9.26366,12.816,82,75,77,800,2800,0.479378,35,11.1685,0,0,4603,151724025951
32.4629,30.8044,9.26366,12.816,82,75,77,800,2800,0.479378,35,11.1685,0,0,4603,151754831490
31.2416,32.0086,9.26366,12.816,82,75,77,800,2800,0.479378,35,11.1685,0,0,4603,151786841709
31.733,31.5129,9.26366,12.816,82,75,77,800,2800,0.479378,35,11.1685,0,0,4603,151818355742
36.3479,27.5119,9.26366,12.816,82,75,77,800,2800,0.479378,35,11.1685,0,0,4603,151845870046
31.485,31.7611,9.26366,12.816,82,75,77,800,2800,0.479378,35,11.1685,0,0,4603,151877632473
33.3251,30.0074,9.26366,12.816,82,75,77,800,2800,0.479378,35,11.1685,0,0,4603,151907641786
22.0075,45.4391,9.26366,12.816,82,75,77,800,2800,0.479378,35,11.1685,0,0,4603,151953088824
37.2047,26.8783,9.42285,14.6511,81,76,77,800,2800,0.479378,30,11.1635,0,0,4636,151979960067
34.2824,29.1695,9.42285,14.6511,81,76,77,800,2800,0.479378,30,11.1635,0,0,4636,152009134011
29.8629,33.4863,9.42285,14.6511,81,76,77,800,2800,0.479378,30,11.1635,0,0,4636,152042623091
28.2535,35.3939,9.42285,14.6511,81,76,77,800,2800,0.479378,30,11.1635,0,0,4636,152078016377
31.5426,31.7032,9.42285,14.6511,81,76,77,800,2800,0.479378,30,11.1635,0,0,4636,152109722017
34.0276,29.3879,9.42285,14.6511,81,76,77,800,2800,0.479378,30,11.1635,0,0,4636,152139109179
32.5717,30.7015,9.42285,14.6511,81,76,77,800,2800,0.479378,30,11.1635,0,0,4636,152169813690
31.4865,31.7597,9.42285,14.6511,81,76,77,800,2800,0.479378,30,11.1635,0,0,4636,152201573571
33.9848,29.4249,9.42285,14.6511,81,76,77,800,2800,0.479378,30,11.1635,0,0,4636,152231004865
30.0035,33.3294,9.42285,14.6511,81,76,77,800,2800,0.479378,30,11.1635,0,0,4636,152264334097
36.1585,27.656,9.42285,14.6511,81,76,77,800,2800,0.479378,30,11.1635,0,0,4636,152291990577
32.0447,31.2064,9.42285,14.6511,81,76,77,800,2800,0.479378,30,11.1635,0,0,4636,152323200241
26.437,37.8258,9.42285,14.6511,81,76,77,800,2800,0.479378,30,11.1635,0,0,4636,152361026149
33.8846,29.5119,9.42285,14.6511,81,76,77,800,2800,0.479378,30,11.1635,0,0,4636,152390538975
34.0276,29.3879,9.42285,14.6511,81,76,77,800,2800,0.479378,30,11.1635,0,0,4636,152419932739
31.784,31.4623,9.42285,14.6511,81,76,77,800,2800,0.479378,30,11.1635,0,0,4636,152451393782
32.1799,31.0753,9.42285,14.6511,81,76,77,800,2800,0.479378,30,11.1635,0,0,4636,152482475698
36.899,27.101,11.9952,12.7376,80,71,77,2600,2800,0.479378,30,11.1062,0,0,4554,152509572463
32.6466,30.631,11.9952,12.7376,80,71,77,2600,2800,0.479378,30,11.1062,0,0,4554,152540205210
31.3352,31.913,11.9952,12.7376,80,71,77,2600,2800,0.479378,30,11.1062,0,0,4554,152572118077
31.3877,31.8597,11.9952,12.7376,80,71,77,2600,2800,0.479378,30,11.1062,0,0,4554,152603982143
30.8069,32.4602,11.9952,12.7376,80,71,77,2600,2800,0.479378,30,11.1062,0,0,4554,152636442984
32.3536,30.9085,11.9952,12.7376,80,71,77,2600,2800,0.479378,30,11.1062,0,0,4554,152667353069
32.0888,31.1636,11.9952,12.7376,80,71,77,2600,2800,0.479378,30,11.1062,0,0,4554,152698516266
35.6373,28.0605,11.9952,12.7376,80,71,77,2600,2800,0.479378,30,11.1062,0,0,4554,152726579195
32.1334,31.1203,11.9952,12.7376,80,71,77,2600,2800,0.479378,30,11.1062,0,0,4554,152757699983
32.7773,30.5089,11.9952,12.7376,80,71,77,2600,2800,0.479378,30,11.1062,0,0,4554,152788210552
32.2072,31.049,11.9952,12.7376,80,71,77,2600,2800,0.479378,30,11.1062,0,0,4554,152819259526
30.4067,32.8875,11.9952,12.7376,80,71,77,2600,2800,0.479378,30,11.1062,0,0,4554,152852148386
31.6418,31.6038,11.9952,12.7376,80,71,77,2600,2800,0.479378,30,11.1062,0,0,4554,152883757526
30.6264,32.6516,11.9952,12.7376,80,71,77,2600,2800,0.479378,30,11.1062,0,0,4554,152916409964
33.5632,29.7945,11.9952,12.7376,80,71,77,2600,2800,0.479378,30,11.1062,0,0,4554,152946205368
31.1212,32.1324,11.9952,12.7376,80,71,77,2600,2800,0.479378,30,11.1062,0,0,4554,152978337825
30.3189,32.9827,11.9952,12.7376,80,71,77,2600,2800,0.479378,30,11.1062,0,0,4554,153011324858
33.1285,30.1855,12.381,14.8901,80,72,78,2549,2800,0.479378,30,11.1117,0,0,4635,153041509018
31.4816,31.7645,12.381,14.8901,80,72,78,2549,2800,0.479378,30,11.1117,0,0,4635,153073277014
31.7325,31.5134,12.381,14.8901,80,72,78,2549,2800,0.479378,30,11.1117,0,0,4635,153104793622
32.6265,30.6499,12.381,14.8901,80,72,78,2549,2800,0.479378,30,11.1117,0,0,4635,153135441237
33.2423,30.0822,12.381,14.8901,80,72,78,2549,2800,0.479378,30,11.1117,0,0,4635,153165525219
36.1564,27.6576,12.381,14.8901,80,72,78,2549,2800,0.479378,30,11.1117,0,0,4635,153193186298
32.9229,30.374,12.381,14.8901,80,72,78,2549,2800,0.479378,30,11.1117,0,0,4635,153223558628
33.4682,29.8791,12.381,14.8901,80,72,78,2549,2800,0.479378,30,11.1117,0,0,4635,153253440012
30.2969,33.0066,12.381,14.8901,80,72,78,2549,2800,0.479378,30,11.1117,0,0,4635,153286449958
36.7551,27.2071,12.381,14.8901,80,72,78,2549,2800,0.479378,30,11.1117,0,0,4635,153313656177
30.4552,32.8351,12.381,14.8901,80,72,78,2549,2800,0.479378,30,11.1117,0,0,4635,153346493050
31.9377,31.311,12.381,14.8901,80,72,78,2549,2800,0.479378,30,11.1117,0,0,4635,153377806778
30.7908,32.4773,12.381,14.8901,80,72,78,2549,2800,0.479378,30,11.1117,0,0,4635,153410283969
31.8762,31.3714,12.381,14.8901,80,72,78,2549,2800,0.479378,30,11.1117,0,0,4635,153441656548
23.8405,41.9454,12.381,14.8901,80,72,78,2549,2800,0.479378,30,11.1117,0,0,4635,153483602138
29.4628,33.9411,12.381,14.8901,80,72,78,2549,2800,0.479378,30,11.1117,0,0,4635,153517550426
33.8496,29.5424,8.68486,13.9555,80,76,78,2387,2800,0.479378,35,11.1073,0,0,4588,153547088609
29.7763,33.5838,8.68486,13.9555,80,76,78,2387,2800,0.479378,35,11.1073,0,0,4588,153580675482
32.5964,30.6783,8.68486,13.9555,80,76,78,2387,2800,0.479378,35,11.1073,0,0,4588,153611353384
30.8136,32.4532,8.68486,13.9555,80,76,78,2387,2800,0.479378,35,11.1073,0,0,4588,153643807702
30.8538,32.4109,8.68486,13.9555,80,76,78,2387,2800,0.479378,35,11.1073,0,0,4588,153676219441
29.7621,33.5998,8.68486,13.9555,80,76,78,2387,2800,0.479378,35,11.1073,0,0,4588,153709821602
31.7859,31.4605,8.68486,13.9555,80,76,78,2387,2800,0.479378,35,11.1073,0,0,4588,153741282235
30.5543,32.7286,8.68486,13.9555,80,76,78,2387,2800,0.479378,35,11.1073,0,0,4588,153774013140
30.7912,32.4768,8.68486,13.9555,80,76,78,2387,2800,0.479378,35,11.1073,0,0,4588,153806489900
30.897,32.3656,8.68486,13.9555,80,76,78,2387,2800,0.479378,35,11.1073,0,0,4588,153838857777
32.3684,30.8943,8.68486,13.9555,80,76,78,2387,2800,0.479378,35,11.1073,0,0,4588,153869755338
30.8751,32.3886,8.68486,13.9555,80,76,78,2387,2800,0.479378,35,11.1073,0,0,4588,153902144665
34.3714,29.0939,8.68486,13.9555,80,76,78,2387,2800,0.479378,35,11.1073,0,0,4588,153931238599
32.6178,30.6581,8.68486,13.9555,80,76,78,2387,2800,0.479378,35,11.1073,0,0,4588,153961897485
32.4127,30.8521,8.68486,13.9555,80,76,78,2387,2800,0.479378,35,11.1073,0,0,4588,153992750022
31.9743,31.2751,8.68486,13.9555,80,76,78,2387,2800,0.479378,35,11.1073,0,0,4588,154024032813
31.0031,32.2548,8.32298,12.4569,80,75,78,2597,2800,0.479378,27,11.1028,0,0,4624,154056285856
26.7182,37.4276,8.32298,12.4569,80,75,78,2597,2800,0.479378,27,11.1028,0,0,4624,154093714041
34.3909,29.0775,8.32298,12.4569,80,75,78,2597,2800,0.479378,27,11.1028,0,0,4624,154122791464
32.163,31.0916,8.32298,12.4569,80,75,78,2597,2800,0.479378,27,11.1028,0,0,4624,154153883990
32.7967,30.4909,8.32298,12.4569,80,75,78,2597,2800,0.479378,27,11.1028,0,0,4624,154184377417
34.7999,28.7358,8.32298,12.4569,80,75,78,2597,2800,0.479378,27,11.1028,0,0,4624,154213114775
32.5995,30.6753,8.32298,12.4569,80,75,78,2597,2800,0.479378,27,11.1028,0,0,4624,154243790262
31.4682,31.7781,8.32298,12.4569,80,75,78,2597,2800,0.479378,27,11.1028,0,0,4624,154275569850
30.6724,32.6026,8.32298,12.4569,80,75,78,2597,2800,0.479378,27,11.1028,0,0,4624,154308173647
30.482,32.8063,8.32298,12.4569,80,75,78,2597,2800,0.479378,27,11.1028,0,0,4624,154340981325
30.3769,32.9198,8.32298,12.4569,80,75,78,2597,2800,0.479378,27,11.1028,0,0,4624,154373901413
33.038,30.2681,8.32298,12.4569,80,75,78,2597,2800,0.479378,27,11.1028,0,0,4624,154404173337
34.8332,28.7083,8.32298,12.4569,80,75,78,2597,2800,0.479378,27,11.1028,0,0,4624,154432882522
34.9072,28.6474,8.32298,12.4569,80,75,78,2597,2800,0.479378,27,11.1028,0,0,4624,154461529822
31.7841,31.4623,8.32298,12.4569,80,75,78,2597,2800,0.479378,27,11.1028,0,0,4624,154492994122
31.6343,31.6113,8.32298,12.4569,80,75,78,2597,2800,0.479378,27,11.1028,0,0,4624,154524609834
31.2038,32.0473,9.42211,14.8535,81,72,78,800,2800,0.479378,32,11.0982,0,0,4399,154556653756
31.7349,31.5111,9.42211,14.8535,81,72,78,800,2800,0.479378,32,11.0982,0,0,4399,154588167518
33.2512,30.0741,9.42211,14.8535,81,72,78,800,2800,0.479378,32,11.0982,0,0,4399,154618243696
31.5096,31.7364,9.42211,14.8535,81,72,78,800,2800,0.479378,32,11.0982,0,0,4399,154649980755
34.3799,29.0867,9.42211,14.8535,81,72,78,800,2800,0.479378,32,11.0982,0,0,4399,154679069820
32.5374,30.7339,9.42211,14.8535,81,72,78,800,2800,0.479378,32,11.0982,0,0,4399,154709803335
31.0539,32.202,9.42211,14.8535,81,72,78,800,2800,0.479378,32,11.0982,0,0,4399,154742008548
31.6013,31.6443,9.42211,14.8535,81,72,78,800,2800,0.479378,32,11.0982,0,0,4399,154773654627
31.9432,31.3055,9.42211,14.8535,81,72,78,800,2800,0.479378,32,11.0982,0,0,4399,154804959880
35.1083,28.4833,9.42211,14.8535,81,72,78,800,2800,0.479378,32,11.0982,0,0,4399,154833443955
35.6388,28.0593,9.42211,14.8535,81,72,78,800,2800,0.479378,32,11.0982,0,0,4399,154861507104
30.6959,32.5776,9.42211,14.8535,81,72,78,800,2800,0.479378,32,11.0982,0,0,4399,154894084212
32.759,30.5259,9.42211,14.8535,81,72,78,800,2800,0.479378,32,11.0982,0,0,4399,154924611131
33.1499,30.166,9.42211,14.8535,81,72,78,800,2800,0.479378,32,11.0982,0,0,4399,154954779772
36.3522,27.5087,9.42211,14.8535,81,72,78,800,2800,0.479378,32,11.0982,0,0,4399,154982291852
34.3441,29.1171,9.42211,14.8535,81,72,78,800,2800,0.479378,32,11.0982,0,0,4399,155011412406
33.5002,29.8506,9.42211,14.8535,81,72,78,800,2800,0.479378,32,11.0982,0,0,4399,155041263353
33.3652,29.9714,12.3937,12.4971,81,72,78,2582,2800,0.479378,31,11.0982,0,0,4596,155071235296
32.5633,30.7094,12.3937,12.4971,81,72,78,2582,2800,0.479378,31,11.0982,0,0,4596,155101946560
38.5779,25.9216,12.3937,12.4971,81,72,78,2582,2800,0.479378,31,11.0982,0,0,4596,155127869823
26.9017,37.1723,12.3937,12.4971,81,72,78,2582,2800,0.479378,31,11.0982,0,0,4596,155165041590
34.5512,28.9425,12.3937,12.4971,81,72,78,2582,2800,0.479378,31,11.0982,0,0,4596,155193985914
33.0446,30.2621,12.3937,12.4971,81,72,78,2582,2800,0.479378,31,11.0982,0,0,4596,155224250214
32.9141,30.3821,12.3937,12.4971,81,72,78,2582,2800,0.479378,31,11.0982,0,0,4596,155254634647
33.5711,29.7875,12.3937,12.4971,81,72,78,2582,2800,0.479378,31,11.0982,0,0,4596,155284421765
34.3855,29.0821,12.3937,12.4971,81,72,78,2582,2800,0.479378,31,11.0982,0,0,4596,155313505440
33.6183,29.7457,12.3937,12.4971,81,72,78,2582,2800,0.479378,31,11.0982,0,0,4596,155343251311
32.2027,31.0533,12.3937,12.4971,81,72,78,2582,2800,0.479378,31,11.0982,0,0,4596,155374305345
31.7351,31.5109,12.3937,12.4971,81,72,78,2582,2800,0.479378,31,11.0982,0,0,4596,155405817223
29.5363,33.8566,12.3937,12.4971,81,72,78,2582,2800,0.479378,31,11.0982,0,0,4596,155439678178
31.7214,31.5244,12.3937,12.4971,81,72,78,2582,2800,0.479378,31,11.0982,0,0,4596,155471202069
32.9832,30.3185,12.3937,12.4971,81,72,78,2582,2800,0.479378,31,11.0982,0,0,4596,155501522042
33.7832,29.6005,12.3937,12.4971,81,72,78,2582,2800,0.479378,31,11.0982,0,0,4596,155531126379
33.7978,29.5877,12.3937,12.4971,81,72,78,2582,2800,0.479378,31,11.0982,0,0,4596,155560717651
33.1044,30.2074,8.49515,15.6244,81,76,77,2600,2800,0.479378,35,11.0962,0,0,4599,155590927208
32.8726,30.4204,8.49515,15.6244,81,76,77,2600,2800,0.479378,35,11.0962,0,0,4599,155621348190
33.925,29.4768,8.49515,15.6244,81,76,77,2600,2800,0.479378,35,11.0962,0,0,4599,155650827523
36.4639,27.4244,8.49515,15.6244,81,76,77,2600,2800,0.479378,35,11.0962,0,0,4599,155678253623
31.603,31.6426,8.49515,15.6244,81,76,77,2600,2800,0.479378,35,11.0962,0,0,4599,155709895594
33.9796,29.4295,8.49515,15.6244,81,76,77,2600,2800,0.479378,35,11.0962,0,0,4599,155739327028
32.3394,30.922,8.49515,15.6244,81,76,77,2600,2800,0.479378,35,11.0962,0,0,4599,155770250268
33.1179,30.1952,8.49515,15.6244,81,76,77,2600,2800,0.479378,35,11.0962,0,0,4599,155800447762
34.8723,28.676,8.49515,15.6244,81,76,77,2600,2800,0.479378,35,11.0962,0,0,4599,155829123966
33.578,29.7814,8.49515,15.6244,81,76,77,2600,2800,0.479378,35,11.0962,0,0,4599,155858909531
32.657,30.6213,8.49515,15.6244,81,76,77,2600,2800,0.479378,35,11.0962,0,0,4599,155889530717
34.7188,28.8028,8.49515,15.6244,81,76,77,2600,2800,0.479378,35,11.0962,0,0,4599,155918334489
30.6642,32.6113,8.49515,15.6244,81,76,77,2600,2800,0.479378,35,11.0962,0,0,4599,155950946351
35.5255,28.1488,8.49515,15.6244,81,76,77,2600,2800,0.479378,35,11.0962,0,0,4599,155979098717
33.2576,30.0683,8.49515,15.6244,81,76,77,2600,2800,0.479378,35,11.0962,0,0,4599,156009166920
33.1236,30.19,8.49515,15.6244,81,76,77,2600,2800,0.479378,35,11.0962,0,0,4599,156039363142
31.2311,32.0193,8.49515,15.6244,81,76,77,2600,2800,0.479378,35,11.0962,0,0,4599,156071389691
29.9284,33.4131,8.14815,13.2247,81,75,78,2333,2800,0.479378,31,11.0946,0,0,4599,156104794715
35.4707,28.1923,8.14815,13.2247,81,75,78,2333,2800,0.479378,31,11.0946,0,0,4599,156132990351
34.9864,28.5825,8.14815,13.2247,81,75,78,2333,2800,0.479378,31,11.0946,0,0,4599,156161574163
32.1627,31.0919,8.14815,13.2247,81,75,78,2333,2800,0.479378,31,11.0946,0,0,4599,156192665827
31.9958,31.2541,8.14815,13.2247,81,75,78,2333,2800,0.479378,31,11.0946,0,0,4599,156223920445
31.1186,32.1351,8.14815,13.2247,81,75,78,2333,2800,0.479378,31,11.0946,0,0,4599,156256057010
33.0519,30.2555,8.14815,13.2247,81,75,78,2333,2800,0.479378,31,11.0946,0,0,4599,156286315498
30.7887,32.4795,8.14815,13.2247,81,75,78,2333,2800,0.479378,31,11.0946,0,0,4599,156318795294
31.7797,31.4667,8.14815,13.2247,81,75,78,2333,2800,0.479378,31,11.0946,0,0,4599,156350262369
34.7648,28.7647,8.14815,13.2247,81,75,78,2333,2800,0.479378,31,11.0946,0,0,4599,156379028060
33.0216,30.2832,8.14815,13.2247,81,75,78,2333,2800,0.479378,31,11.0946,0,0,4599,156409316153
30.4389,32.8527,8.14815,13.2247,81,75,78,2333,2800,0.479378,31,11.0946,0,0,4599,156442169947
29.6865,33.6853,8.14815,13.2247,81,75,78,2333,2800,0.479378,31,11.0946,0,0,4599,156475855805
33.0899,30.2207,8.14815,13.2247,81,75,78,2333,2800,0.479378,31,11.0946,0,0,4599,156506078577
32.0068,31.2433,8.14815,13.2247,81,75,78,2333,2800,0.479378,31,11.0946,0,0,4599,156537324238
26.152,38.2379,8.14815,13.2247,81,75,78,2333,2800,0.479378,31,11.0946,0,0,4599,156575566383
31.3475,31.9005,11.596,13.5074,81,72,78,2583,2800,0.479378,27,11.1163,0,0,4532,156607465064
33.2055,30.1155,11.596,13.5074,81,72,78,2583,2800,0.479378,27,11.1163,0,0,4532,156637582569
34.267,29.1826,11.596,13.5074,81,72,78,2583,2800,0.479378,27,11.1163,0,0,4532,156666766952
29.0246,34.4535,11.596,13.5074,81,72,78,2583,2800,0.479378,27,11.1163,0,0,4532,156701222417
33.2899,30.0391,11.596,13.5074,81,72,78,2583,2800,0.479378,27,11.1163,0,0,4532,156731260684
33.2897,30.0393,11.596,13.5074,81,72,78,2583,2800,0.479378,27,11.1163,0,0,4532,156761302027
31.131,32.1224,11.596,13.5074,81,72,78,2583,2800,0.479378,27,11.1163,0,0,4532,156793425137
31.7198,31.5261,11.596,13.5074,81,72,78,2583,2800,0.479378,27,11.1163,0,0,4532,156824952644
33.2444,30.0802,11.596,13.5074,81,72,78,2583,2800,0.479378,27,11.1163,0,0,4532,156855036857
32.467,30.8005,11.596,13.5074,81,72,78,2583,2800,0.479378,27,11.1163,0,0,4532,156885836456
32.7736,30.5124,11.596,13.5074,81,72,78,2583,2800,0.479378,27,11.1163,0,0,4532,156916353457
34.1506,29.2821,11.596,13.5074,81,72,78,2583,2800,0.479378,27,11.1163,0,0,4532,156945634730
33.2764,30.0513,11.596,13.5074,81,72,78,2583,2800,0.479378,27,11.1163,0,0,4532,156975686523
32.9348,30.363,11.596,13.5074,81,72,78,2583,2800,0.479378,27,11.1163,0,0,4532,157006049817
33.6482,29.7193,11.596,13.5074,81,72,78,2583,2800,0.479378,27,11.1163,0,0,4532,157035771102
33.8576,29.5355,11.596,13.5074,81,72,78,2583,2800,0.479378,27,11.1163,0,0,4532,157065308083
32.1085,31.1444,11.596,13.5074,81,72,78,2583,2800,0.479378,27,11.1163,0,0,4532,157096455691
32.9952,30.3074,11.8644,12.9355,80,71,77,800,2800,0.479378,31,11.1198,0,0,4608,157126761448
32.3976,30.8665,11.8644,12.9355,80,71,77,800,2800,0.479378,31,11.1198,0,0,4608,157157630486
34.5369,28.9546,11.8644,12.9355,80,71,77,800,2800,0.479378,31,11.1198,0,0,4608,157186584549
32.0976,31.155,11.8644,12.9355,80,71,77,800,2800,0.479378,31,11.1198,0,0,4608,157217742546
33.1827,30.1362,11.8644,12.9355,80,71,77,800,2800,0.479378,31,11.1198,0,0,4608,157247879448
34.1983,29.2412,11.8644,12.9355,80,71,77,800,2800,0.479378,31,11.1198,0,0,4608,157277124814
33.1392,30.1758,11.8644,12.9355,80,71,77,800,2800,0.479378,31,11.1198,0,0,4608,157307300708
33.6889,29.6834,11.8644,12.9355,80,71,77,800,2800,0.479378,31,11.1198,0,0,4608,157336984093
35.3969,28.2511,11.8644,12.9355,80,71,77,800,2800,0.479378,31,11.1198,0,0,4608,157365236034
34.9172,28.6392,11.8644,12.9355,80,71,77,800,2800,0.479378,31,11.1198,0,0,4608,157393880118
32.8377,30.4528,11.8644,12.9355,80,71,77,800,2800,0.479378,31,11.1198,0,0,4608,157424330134
34.9222,28.6351,11.8644,12.9355,80,71,77,800,2800,0.479378,31,11.1198,0,0,4608,157452966363
26.2469,38.0997,11.8644,12.9355,80,71,77,800,2800,0.479378,31,11.1198,0,0,4608,157491068547
21.9535,45.5508,11.8644,12.9355,80,71,77,800,2800,0.479378,31,11.1198,0,0,4608,157536619559
28.948,34.5447,11.8644,12.9355,80,71,77,800,2800,0.479378,31,11.1198,0,0,4608,157571168148
28.1733,35.4945,11.8644,12.9355,80,71,77,800,2800,0.479378,31,11.1198,0,0,4608,157606668905
30.1846,33.1295,9.22509,13.6428,80,77,76,2580,2800,0.479378,30,11.1181,0,0,4607,157639794837
28.5617,35.0119,9.22509,13.6428,80,77,76,2580,2800,0.479378,30,11.1181,0,0,4607,157674807522
27.7465,36.0406,9.22509,13.6428,80,77,76,2580,2800,0.479378,30,11.1181,0,0,4607,157710848608
30.7589,32.5109,9.22509,13.6428,80,77,76,2580,2800,0.479378,30,11.1181,0,0,4607,157743361806
25.7383,38.8525,9.22509,13.6428,80,77,76,2580,2800,0.479378,30,11.1181,0,0,4607,157782214942
26.7002,37.4529,9.22509,13.6428,80,77,76,2580,2800,0.479378,30,11.1181,0,0,4607,157819667232
28.2903,35.3478,9.22509,13.6428,80,77,76,2580,2800,0.479378,30,11.1181,0,0,4607,157855017067
23.2563,42.999,9.22509,13.6428,80,77,76,2580,2800,0.479378,30,11.1181,0,0,4607,157898018699
28.746,34.7874,9.22509,13.6428,80,77,76,2580,2800,0.479378,30,11.1181,0,0,4607,157932807977
28.3103,35.3229,9.22509,13.6428,80,77,76,2580,2800,0.479378,30,11.1181,0,0,4607,157968137063
31.2839,31.9653,9.22509,13.6428,80,77,76,2580,2800,0.479378,30,11.1181,0,0,4607,158000102569
28.0906,35.599,9.22509,13.6428,80,77,76,2580,2800,0.479378,30,11.1181,0,0,4607,158035702120
28.7481,34.7848,9.22509,13.6428,80,77,76,2580,2800,0.479378,30,11.1181,0,0,4607,158070490526
28.4019,35.2089,9.22509,13.6428,80,77,76,2580,2800,0.479378,30,11.1181,0,0,4607,158105700861
29.4668,33.9365,9.22509,13.6428,80,77,76,2580,2800,0.479378,30,11.1181,0,0,4607,158139640723
29.5624,33.8268,9.08019,15.0822,79,75,76,2529,2800,0.479378,28,11.1246,0,0,4595,158173465680
29.5527,33.8378,9.08019,15.0822,79,75,76,2529,2800,0.479378,28,11.1246,0,0,4595,158207303642
29.6382,33.7403,9.08019,15.0822,79,75,76,2529,2800,0.479378,28,11.1246,0,0,4595,158241045635
29.8905,33.4554,9.08019,15.0822,79,75,76,2529,2800,0.479378,28,11.1246,0,0,4595,158274501263
30.1899,33.1236,9.08019,15.0822,79,75,76,2529,2800,0.479378,28,11.1246,0,0,4595,158307627716
29.9023,33.4423,9.08019,15.0822,79,75,76,2529,2800,0.479378,28,11.1246,0,0,4595,158341070670
29.875,33.4728,9.08019,15.0822,79,75,76,2529,2800,0.479378,28,11.1246,0,0,4595,158374545404
29.4329,33.9756,9.08019,15.0822,79,75,76,2529,2800,0.479378,28,11.1246,0,0,4595,158408521764
29.6652,33.7095,9.08019,15.0822,79,75,76,2529,2800,0.479378,28,11.1246,0,0,4595,158442234001
27.4016,36.4942,9.08019,15.0822,79,75,76,2529,2800,0.479378,28,11.1246,0,0,4595,158478728974
26.342,37.9622,9.08019,15.0822,79,75,76,2529,2800,0.479378,28,11.1246,0,0,4595,158516693701
35.4421,28.215,9.08019,15.0822,79,75,76,2529,2800,0.479378,28,11.1246,0,0,4595,158544911920
32.8407,30.45,9.08019,15.0822,79,75,76,2529,2800,0.479378,28,11.1246,0,0,4595,158575363278
33.6844,29.6873,9.08019,15.0822,79,75,76,2529,2800,0.479378,28,11.1246,0,0,4595,158605050911
34.7285,28.7948,9.08019,15.0822,79,75,76,2529,2800,0.479378,28,11.1246,0,0,4595,158633848842
33.1449,30.1705,9.08019,15.0822,79,75,76,2529,2800,0.479378,28,11.1246,0,0,4595,158664019626
24.7621,40.3844,11.4833,12.5838,78,72,75,2572,2800,0.479378,31,11.1203,0,0,4553,158704403100
32.3748,30.8883,11.4833,12.5838,78,72,75,2572,2800,0.479378,31,11.1203,0,0,4553,158735292616
34.1688,29.2664,11.4833,12.5838,78,72,75,2572,2800,0.479378,31,11.1203,0,0,4553,158764561597
31.929,31.3194,11.4833,12.5838,78,72,75,2572,2800,0.479378,31,11.1203,0,0,4553,158795884182
31.0558,32.2001,11.4833,12.5838,78,72,75,2572,2800,0.479378,31,11.1203,0,0,4553,158828084225
32.0496,31.2016,11.4833,12.5838,78,72,75,2572,2800,0.479378,31,11.1203,0,0,4553,158859288279
33.6809,29.6904,11.4833,12.5838,78,72,75,2572,2800,0.479378,31,11.1203,0,0,4553,158888980901
36.3076,27.5424,11.4833,12.5838,78,72,75,2572,2800,0.479378,31,11.1203,0,0,4553,158916522677
35.5915,28.0966,11.4833,12.5838,78,72,75,2572,2800,0.479378,31,11.1203,0,0,4553,158944622544
34.6081,28.8949,11.4833,12.5838,78,72,75,2572,2800,0.479378,31,11.1203,0,0,4553,158973516615
36.6539,27.2823,11.4833,12.5838,78,72,75,2572,2800,0.479378,31,11.1203,0,0,4553,159000801481
35.112,28.4803,11.4833,12.5838,78,72,75,2572,2800,0.479378,31,11.1203,0,0,4553,159029285315
35.9666,27.8035,11.4833,12.5838,78,72,75,2572,2800,0.479378,31,11.1203,0,0,4553,159057089461
36.3289,27.5263,11.4833,12.5838,78,72,75,2572,2800,0.479378,31,11.1203,0,0,4553,159084617561
37.6066,26.5911,11.4833,12.5838,78,72,75,2572,2800,0.479378,31,11.1203,0,0,4553,159111208291
33.7567,29.6237,11.4833,12.5838,78,72,75,2572,2800,0.479378,31,11.1203,0,0,4553,159140836021
38.6307,25.8861,11.4833,12.5838,78,72,75,2572,2800,0.479378,31,11.1203,0,0,4553,159166725262
37.1497,26.9181,10.625,14.193,77,73,76,2474,2800,0.479378,36,11.1286,0,0,4640,159193640708
32.8728,30.4203,10.625,14.193,77,73,76,2474,2800,0.479378,36,11.1286,0,0,4640,159224061880
37.5443,26.6352,10.625,14.193,77,73,76,2474,2800,0.479378,36,11.1286,0,0,4640,159250698225
36.6007,27.3218,10.625,14.193,77,73,76,2474,2800,0.479378,36,11.1286,0,0,4640,159278023997
34.1354,29.2951,10.625,14.193,77,73,76,2474,2800,0.479378,36,11.1286,0,0,4640,159307317854
34.9811,28.5868,10.625,14.193,77,73,76,2474,2800,0.479378,36,11.1286,0,0,4640,159335906174
34.3661,29.0985,10.625,14.193,77,73,76,2474,2800,0.479378,36,11.1286,0,0,4640,159365004486
34.0858,29.3378,10.625,14.193,77,73,76,2474,2800,0.479378,36,11.1286,0,0,4640,159394343608
33.1931,30.1268,10.625,14.193,77,73,76,2474,2800,0.479378,36,11.1286,0,0,4640,159424471071
34.617,28.8875,10.625,14.193,77,73,76,2474,2800,0.479378,36,11.1286,0,0,4640,159453359110
37.8104,26.4477,10.625,14.193,77,73,76,2474,2800,0.479378,36,11.1286,0,0,4640,159479809689
32.225,31.0318,10.625,14.193,77,73,76,2474,2800,0.479378,36,11.1286,0,0,4640,159510845348
35.087,28.5006,10.625,14.193,77,73,76,2474,2800,0.479378,36,11.1286,0,0,4640,159539344952
36.456,27.4303,10.625,14.193,77,73,76,2474,2800,0.479378,36,11.1286,0,0,4640,159566777143
34.2038,29.2365,10.625,14.193,77,73,76,2474,2800,0.479378,36,11.1286,0,0,4640,159596015146
33.278,30.0499,10.625,14.193,77,73,76,2474,2800,0.479378,36,11.1286,0,0,4640,159626067429
36.4985,27.3984,10.625,14.193,77,73,76,2474,2800,0.479378,36,11.1286,0,0,4640,159653465176
34.7187,28.8029,10.625,14.193,77,73,76,2474,2800,0.479378,36,11.1286,0,0,4640,159682271332
36.7117,27.2393,9.10194,14.6554,77,77,76,800,2800,0.479378,33,11.1276,0,0,4626,159709509451
33.9976,29.4139,9.10194,14.6554,77,77,76,800,2800,0.479378,33,11.1276,0,0,4626,159738924745
37.1404,26.9248,9.10194,14.6554,77,77,76,800,2800,0.479378,33,11.1276,0,0,4626,159765851081
34.799,28.7365,9.10194,14.6554,77,77,76,800,2800,0.479378,33,11.1276,0,0,4626,159794589271
33.4901,29.8596,9.10194,14.6554,77,77,76,800,2800,0.479378,33,11.1276,0,0,4626,159824449285
37.6663,26.5489,9.10194,14.6554,77,77,76,800,2800,0.479378,33,11.1276,0,0,4626,159850999459
35.0747,28.5106,9.10194,14.6554,77,77,76,800,2800,0.479378,33,11.1276,0,0,4626,159879512098
34.3469,29.1147,9.10194,14.6554,77,77,76,800,2800,0.479378,33,11.1276,0,0,4626,159908627792
36.4534,27.4323,9.10194,14.6554,77,77,76,800,2800,0.479378,33,11.1276,0,0,4626,159936060634
34.5317,28.9589,9.10194,14.6554,77,77,76,800,2800,0.479378,33,11.1276,0,0,4626,159965021370
33.505,29.8463,9.10194,14.6554,77,77,76,800,2800,0.479378,33,11.1276,0,0,4626,159994868179
35.0319,28.5454,9.10194,14.6554,77,77,76,800,2800,0.479378,33,11.1276,0,0,4626,160023416925
34.8539,28.6912,9.10194,14.6554,77,77,76,800,2800,0.479378,33,11.1276,0,0,4626,160052109189
36.1011,27.7,9.10194,14.6554,77,77,76,800,2800,0.479378,33,11.1276,0,0,4626,160079809551
35.2014,28.408,9.10194,14.6554,77,77,76,800,2800,0.479378,33,11.1276,0,0,4626,160108220349
35.2935,28.3338,9.10194,14.6554,77,77,76,800,2800,0.479378,33,11.1276,0,0,4626,160136555055
34.1747,29.2614,9.10194,14.6554,77,77,76,800,2800,0.479378,33,11.1276,0,0,4626,160165818365
35.4129,28.2383,9.10194,14.6554,77,77,76,800,2800,0.479378,33,11.1276,0,0,4626,160194059236
33.882,29.5142,8.83436,15.4995,78,74,78,2578,2800,0.479378,28,11.1348,0,0,4545,160223573174
36.8324,27.15,8.83436,15.4995,78,74,78,2578,2800,0.479378,28,11.1348,0,0,4545,160250723920
35.4585,28.202,8.83436,15.4995,78,74,78,2578,2800,0.479378,28,11.1348,0,0,4545,160278929595
34.7782,28.7537,8.83436,15.4995,78,74,78,2578,2800,0.479378,28,11.1348,0,0,4545,160307683594
39.933,25.0419,8.83436,15.4995,78,74,78,2578,2800,0.479378,28,11.1348,0,0,4545,160332725963
33.6768,29.6941,8.83436,15.4995,78,74,78,2578,2800,0.479378,28,11.1348,0,0,4545,160362425868
34.0681,29.353,8.83436,15.4995,78,74,78,2578,2800,0.479378,28,11.1348,0,0,4545,160391778305
35.4343,28.2212,8.83436,15.4995,78,74,78,2578,2800,0.479378,28,11.1348,0,0,4545,160420000340
38.1738,26.196,8.83436,15.4995,78,74,78,2578,2800,0.479378,28,11.1348,0,0,4545,160446197756
33.4824,29.8665,8.83436,15.4995,78,74,78,2578,2800,0.479378,28,11.1348,0,0,4545,160476064543
35.6628,28.0404,8.83436,15.4995,78,74,78,2578,2800,0.479378,28,11.1348,0,0,4545,160504107314
35.6018,28.0885,8.83436,15.4995,78,74,78,2578,2800,0.479378,28,11.1348,0,0,4545,160532196752
32.145,31.1091,8.83436,15.4995,78,74,78,2578,2800,0.479378,28,11.1348,0,0,4545,160563307672
34.4898,28.9941,8.83436,15.4995,78,74,78,2578,2800,0.479378,28,11.1348,0,0,4545,160592303032
34.8464,28.6974,8.83436,15.4995,78,74,78,2578,2800,0.479378,28,11.1348,0,0,4545,160621002128
35.0981,28.4916,8.83436,15.4995,78,74,78,2578,2800,0.479378,28,11.1348,0,0,4545,160649494469
37.4686,26.689,8.83436,15.4995,78,74,78,2578,2800,0.479378,28,11.1348,0,0,4545,160676186037
34.3818,29.0852,8.83436,15.4995,78,74,78,2578,2800,0.479378,28,11.1348,0,0,4545,160705275893
34.9526,28.6102,11.9311,12.0477,79,71,78,2544,2800,0.479378,32,11.1405,0,0,4302,160733883789
32.1104,31.1425,11.9311,12.0477,79,71,78,2544,2800,0.479378,32,11.1405,0,0,4302,160765026228
35.4847,28.1812,11.9311,12.0477,79,71,78,2544,2800,0.479378,32,11.1405,0,0,4302,160793213239
35.5312,28.1443,11.9311,12.0477,79,71,78,2544,2800,0.479378,32,11.1405,0,0,4302,160821355355
38.4813,25.9867,11.9311,12.0477,79,71,78,2544,2800,0.479378,32,11.1405,0,0,4302,160847345303
34.3575,29.1057,11.9311,12.0477,79,71,78,2544,2800,0.479378,32,11.1405,0,0,4302,160876452091
39.3866,25.3894,11.9311,12.0477,79,71,78,2544,2800,0.479378,32,11.1405,0,0,4302,160901843892
34.6565,28.8546,11.9311,12.0477,79,71,78,2544,2800,0.479378,32,11.1405,0,0,4302,160930698840
33.1879,30.1315,11.9311,12.0477,79,71,78,2544,2800,0.479378,32,11.1405,0,0,4302,160960831613
35.9609,27.808,11.9311,12.0477,79,71,78,2544,2800,0.479378,32,11.1405,0,0,4302,160988639857
35.6757,28.0303,11.9311,12.0477,79,71,78,2544,2800,0.479378,32,11.1405,0,0,4302,161016672469
36.3543,27.5071,11.9311,12.0477,79,71,78,2544,2800,0.479378,32,11.1405,0,0,4302,161044181944
37.9379,26.3588,11.9311,12.0477,79,71,78,2544,2800,0.479378,32,11.1405,0,0,4302,161070544588
36.0519,27.7378,11.9311,12.0477,79,71,78,2544,2800,0.479378,32,11.1405,0,0,4302,161098281248
35.6533,28.0479,11.9311,12.0477,79,71,78,2544,2800,0.479378,32,11.1405,0,0,4302,161126330761
36.4246,27.454,11.9311,12.0477,79,71,78,2544,2800,0.479378,32,11.1405,0,0,4302,161153786476
38.1773,26.1936,11.9311,12.0477,79,71,78,2544,2800,0.479378,32,11.1405,0,0,4302,161179980646
35.6873,28.0212,11.9311,12.0477,79,71,78,2544,2800,0.479378,32,11.1405,0,0,4302,161208005684
37.7458,26.493,9.77444,13.426,80,71,77,2591,2800,0.479378,35,11.1399,0,0,4579,161234496337
33.5349,29.8197,9.77444,13.426,80,71,77,2591,2800,0.479378,35,11.1399,0,0,4579,161264319602
35.1921,28.4155,9.77444,13.426,80,71,77,2591,2800,0.479378,35,11.1399,0,0,4579,161292735781
39.4343,25.3586,9.77444,13.426,80,71,77,2591,2800,0.479378,35,11.1399,0,0,4579,161318099700
35.1276,28.4676,9.77444,13.426,80,71,77,2591,2800,0.479378,35,11.1399,0,0,4579,161346568957
35.4171,28.2349,9.77444,13.426,80,71,77,2591,2800,0.479378,35,11.1399,0,0,4579,161374803997
37.531,26.6446,9.77444,13.426,80,71,77,2591,2800,0.479378,35,11.1399,0,0,4579,161401448317
36.406,27.468,9.77444,13.426,80,71,77,2591,2800,0.479378,35,11.1399,0,0,4579,161428917257
32.5147,30.7553,9.77444,13.426,80,71,77,2591,2800,0.479378,35,11.1399,0,0,4579,161459676610
35.8964,27.8579,9.77444,13.426,80,71,77,2591,2800,0.479378,35,11.1399,0,0,4579,161487534296
35.1481,28.451,9.77444,13.426,80,71,77,2591,2800,0.479378,35,11.1399,0,0,4579,161515986882
37.2711,26.8304,9.77444,13.426,80,71,77,2591,2800,0.479378,35,11.1399,0,0,4579,161542818091
39.397,25.3826,9.77444,13.426,80,71,77,2591,2800,0.479378,35,11.1399,0,0,4579,161568203901
32.9272,30.37,9.77444,13.426,80,71,77,2591,2800,0.479378,35,11.1399,0,0,4579,161598575400
34.2239,29.2193,9.77444,13.426,80,71,77,2591,2800,0.479378,35,11.1399,0,0,4579,161627794217
38.0732,26.2652,9.77444,13.426,80,71,77,2591,2800,0.479378,35,11.1399,0,0,4579,161654064098
35.3823,28.2628,9.77444,13.426,80,71,77,2591,2800,0.479378,35,11.1399,0,0,4579,161682328623
34.2258,29.2177,9.77444,13.426,80,71,77,2591,2800,0.479378,35,11.1399,0,0,4579,161711548422
37.8564,26.4156,8.5,15.4337,81,77,78,2582,2800,0.479378,29,11.1382,0,0,4599,161737961600
33.079,30.2306,8.5,15.4337,81,77,78,2582,2800,0.479378,29,11.1382,0,0,4599,161768192647
32.6686,30.6105,8.5,15.4337,81,77,78,2582,2800,0.479378,29,11.1382,0,0,4599,161798803534
31.2431,32.0071,8.5,15.4337,81,77,78,2582,2800,0.479378,29,11.1382,0,0,4599,161830812450
31.304,31.9448,8.5,15.4337,81,77,78,2582,2800,0.479378,29,11.1382,0,0,4599,161862758399
31.6807,31.5649,8.5,15.4337,81,77,78,2582,2800,0.479378,29,11.1382,0,0,4599,161894324670
30.5432,32.7405,8.5,15.4337,81,77,78,2582,2800,0.479378,29,11.1382,0,0,4599,161927066294
31.6193,31.6262,8.5,15.4337,81,77,78,2582,2800,0.479378,29,11.1382,0,0,4599,161958693288
34.1552,29.2781,8.5,15.4337,81,77,78,2582,2800,0.479378,29,11.1382,0,0,4599,161987972227
35.5754,28.1093,8.5,15.4337,81,77,78,2582,2800,0.479378,29,11.1382,0,0,4599,162016084067
34.9647,28.6003,8.5,15.4337,81,77,78,2582,2800,0.479378,29,11.1382,0,0,4599,162044686804
32.7868,30.5001,8.5,15.4337,81,77,78,2582,2800,0.479378,29,11.1382,0,0,4599,162075186302
38.9365,25.6829,8.5,15.4337,81,77,78,2582,2800,0.479378,29,11.1382,0,0,4599,162100870980
33.2767,30.0511,8.5,15.4337,81,77,78,2582,2800,0.479378,29,11.1382,0,0,4599,162130923263
31.6677,31.5779,8.5,15.4337,81,77,78,2582,2800,0.479378,29,11.1382,0,0,4599,162162505864
34.8876,28.6634,8.5,15.4337,81,77,78,2582,2800,0.479378,29,11.1382,0,0,4599,162191170065
35.8156,27.9208,8.5,15.4337,81,77,78,2582,2800,0.479378,29,11.1382,0,0,4599,162219097221
29.3368,34.0869,8.43672,13.3886,81,73,77,2580,2800,0.479378,34,11.1358,0,0,4595,162253181843
25.7976,38.7633,8.43672,13.3886,81,73,77,2580,2800,0.479378,34,11.1358,0,0,4595,162291946394
30.243,33.0656,8.43672,13.3886,81,73,77,2580,2800,0.479378,34,11.1358,0,0,4595,162325011432
24.2414,41.2517,8.43672,13.3886,81,73,77,2580,2800,0.479378,34,11.1358,0,0,4595,162366271362
31.5738,31.6719,8.43672,13.3886,81,73,77,2580,2800,0.479378,34,11.1358,0,0,4595,162397936958
31.6851,31.5606,8.43672,13.3886,81,73,77,2580,2800,0.479378,34,11.1358,0,0,4595,162429500252
31.8475,31.3996,8.43672,13.3886,81,73,77,2580,2800,0.479378,34,11.1358,0,0,4595,162460904440
30.6951,32.5785,8.43672,13.3886,81,73,77,2580,2800,0.479378,34,11.1358,0,0,4595,162493481207
30.4006,32.8941,8.43672,13.3886,81,73,77,2580,2800,0.479378,34,11.1358,0,0,4595,162526379795
30.41,32.8839,8.43672,13.3886,81,73,77,2580,2800,0.479378,34,11.1358,0,0,4595,162559260800
29.4894,33.9105,8.43672,13.3886,81,73,77,2580,2800,0.479378,34,11.1358,0,0,4595,162593174332
30.1078,33.214,8.43672,13.3886,81,73,77,2580,2800,0.479378,34,11.1358,0,0,4595,162626390523
30.1604,33.156,8.43672,13.3886,81,73,77,2580,2800,0.479378,34,11.1358,0,0,4595,162659547894
30.0725,33.253,8.43672,13.3886,81,73,77,2580,2800,0.479378,34,11.1358,0,0,4595,162692800774
29.6168,33.7646,8.43672,13.3886,81,73,77,2580,2800,0.479378,34,11.1358,0,0,4595,162726570378
30.832,32.4338,12.995,13.8295,80,71,77,800,2800,0.479378,30,11.1357,0,0,4410,162759001222
32.2181,31.0385,12.995,13.8295,80,71,77,800,2800,0.479378,30,11.1357,0,0,4410,162790042693
31.1311,32.1222,12.995,13.8295,80,71,77,800,2800,0.479378,30,11.1357,0,0,4410,162822165893
30.1041,33.2181,12.995,13.8295,80,71,77,800,2800,0.479378,30,11.1357,0,0,4410,162855384328
29.7811,33.5783,12.995,13.8295,80,71,77,800,2800,0.479378,30,11.1357,0,0,4410,162888963456
30.4946,32.7927,12.995,13.8295,80,71,77,800,2800,0.479378,30,11.1357,0,0,4410,162921758851
32.4448,30.8216,12.995,13.8295,80,71,77,800,2800,0.479378,30,11.1357,0,0,4410,162952579509
30.8981,32.3645,12.995,13.8295,80,71,77,800,2800,0.479378,30,11.1357,0,0,4410,162984945452
34.0921,29.3323,12.995,13.8295,80,71,77,800,2800,0.479378,30,11.1357,0,0,4410,163014279254
31.3921,31.8552,12.995,13.8295,80,71,77,800,2800,0.479378,30,11.1357,0,0,4410,163046136838
30.9015,32.3609,12.995,13.8295,80,71,77,800,2800,0.479378,30,11.1357,0,0,4410,163078499806
31.9562,31.2928,12.995,13.8295,80,71,77,800,2800,0.479378,30,11.1357,0,0,4410,163109793146
31.8008,31.4458,12.995,13.8295,80,71,77,800,2800,0.479378,30,11.1357,0,0,4410,163141239493
31.312,31.9367,12.995,13.8295,80,71,77,800,2800,0.479378,30,11.1357,0,0,4410,163173177637
32.2867,30.9725,12.995,13.8295,80,71,77,800,2800,0.479378,30,11.1357,0,0,4410,163204150619
32.4897,30.779,12.995,13.8295,80,71,77,800,2800,0.479378,30,11.1357,0,0,4410,163234936543
31.1091,32.145,9.65347,13.5203,79,71,75,2532,2800,0.479378,28,11.1368,0,0,4631,163267077646
30.3352,32.965,9.65347,13.5203,79,71,75,2532,2800,0.479378,28,11.1368,0,0,4631,163300045714
29.2101,34.2348,9.65347,13.5203,79,71,75,2532,2800,0.479378,28,11.1368,0,0,4631,163334281418
29.607,33.7757,9.65347,13.5203,79,71,75,2532,2800,0.479378,28,11.1368,0,0,4631,163368059237
28.2955,35.3413,9.65347,13.5203,79,71,75,2532,2800,0.479378,28,11.1368,0,0,4631,163403400827
33.3406,29.9934,9.65347,13.5203,79,71,75,2532,2800,0.479378,28,11.1368,0,0,4631,163433394781
31.5842,31.6614,9.65347,13.5203,79,71,75,2532,2800,0.479378,28,11.1368,0,0,4631,163465057622
31.8202,31.4266,9.65347,13.5203,79,71,75,2532,2800,0.479378,28,11.1368,0,0,4631,163496485173
30.7407,32.5302,9.65347,13.5203,79,71,75,2532,2800,0.479378,28,11.1368,0,0,4631,163529018388
33.43,29.9132,9.65347,13.5203,79,71,75,2532,2800,0.479378,28,11.1368,0,0,4631,163558931031
33.6858,29.6861,9.65347,13.5203,79,71,75,2532,2800,0.479378,28,11.1368,0,0,4631,163588619034
29.8523,33.4983,9.65347,13.5203,79,71,75,2532,2800,0.479378,28,11.1368,0,0,4631,163622118103
31.9643,31.2849,9.65347,13.5203,79,71,75,2532,2800,0.479378,28,11.1368,0,0,4631,163653404621
33.19,30.1296,9.65347,13.5203,79,71,75,2532,2800,0.479378,28,11.1368,0,0,4631,163683533988
32.7083,30.5732,9.65347,13.5203,79,71,75,2532,2800,0.479378,28,11.1368,0,0,4631,163714111432
30.0732,33.2522,9.65347,13.5203,79,71,75,2532,2800,0.479378,28,11.1368,0,0,4631,163747365012
32.332,30.9291,8.39506,17.204,79,78,77,2562,2800,0.479378,34,11.1363,0,0,4609,163778294564
32.5051,30.7644,8.39506,17.204,79,78,77,2562,2800,0.479378,34,11.1363,0,0,4609,163809061681
33.6731,29.6973,8.39506,17.204,79,78,77,2562,2800,0.479378,34,11.1363,0,0,4609,163838760224
30.935,32.3258,8.39506,17.204,79,78,77,2562,2800,0.479378,34,11.1363,0,0,4609,163871087054
28.5067,35.0794,8.39506,17.204,79,78,77,2562,2800,0.479378,34,11.1363,0,0,4609,163906167075
32.9383,30.3598,8.39506,17.204,79,78,77,2562,2800,0.479378,34,11.1363,0,0,4609,163936529267
32.255,31.0029,8.39506,17.204,79,78,77,2562,2800,0.479378,34,11.1363,0,0,4609,163967532867
32.4421,30.8242,8.39506,17.204,79,78,77,2562,2800,0.479378,34,11.1363,0,0,4609,163998357532
32.527,30.7437,8.39506,17.204,79,78,77,2562,2800,0.479378,34,11.1363,0,0,4609,164029103621
32.6101,30.6654,8.39506,17.204,79,78,77,2562,2800,0.479378,34,11.1363,0,0,4609,164059769941
35.2579,28.3624,8.39506,17.204,79,78,77,2562,2800,0.479378,34,11.1363,0,0,4609,164088132178
34.0552,29.3641,8.39506,17.204,79,78,77,2562,2800,0.479378,34,11.1363,0,0,4609,164117497960
30.6702,32.605,8.39506,17.204,79,78,77,2562,2800,0.479378,34,11.1363,0,0,4609,164150107738
33.5531,29.8035,8.39506,17.204,79,78,77,2562,2800,0.479378,34,11.1363,0,0,4609,164179913882
29.2872,34.1447,8.39506,17.204,79,78,77,2562,2800,0.479378,34,11.1363,0,0,4609,164214057975
27.3399,36.5766,8.39506,17.204,79,78,77,2562,2800,0.479378,34,11.1363,0,0,4609,164250640251
29.4243,33.9855,9.14787,12.3485,79,72,77,2177,2800,0.479378,31,11.1605,0,0,4629,164284622492
34.9291,28.6294,9.14787,12.3485,79,72,77,2177,2800,0.479378,31,11.1605,0,0,4629,164313254123
33.9915,29.4191,9.14787,12.3485,79,72,77,2177,2800,0.479378,31,11.1605,0,0,4629,164342675408
34.444,29.0326,9.14787,12.3485,79,72,77,2177,2800,0.479378,31,11.1605,0,0,4629,164371709981
33.7726,29.6098,9.14787,12.3485,79,72,77,2177,2800,0.479378,31,11.1605,0,0,4629,164401319598
32.3219,30.9388,9.14787,12.3485,79,72,77,2177,2800,0.479378,31,11.1605,0,0,4629,164432261442
32.4776,30.7905,9.14787,12.3485,79,72,77,2177,2800,0.479378,31,11.1605,0,0,4629,164463052765
34.3537,29.1089,9.14787,12.3485,79,72,77,2177,2800,0.479378,31,11.1605,0,0,4629,164492164833
32.6569,30.6214,9.14787,12.3485,79,72,77,2177,2800,0.479378,31,11.1605,0,0,4629,164522786369
33.137,30.1777,9.14787,12.3485,79,72,77,2177,2800,0.479378,31,11.1605,0,0,4629,164552968154
33.9092,29.4905,9.14787,12.3485,79,72,77,2177,2800,0.479378,31,11.1605,0,0,4629,164582458568
30.8918,32.3711,9.14787,12.3485,79,72,77,2177,2800,0.479378,31,11.1605,0,0,4629,164614831134
33.573,29.7858,9.14787,12.3485,79,72,77,2177,2800,0.479378,31,11.1605,0,0,4629,164644620306
37.412,26.7294,9.14787,12.3485,79,72,77,2177,2800,0.479378,31,11.1605,0,0,4629,164671351438
29.2723,34.162,9.14787,12.3485,79,72,77,2177,2800,0.479378,31,11.1605,0,0,4629,164705513004
28.616,34.9455,9.14787,12.3485,79,72,77,2177,2800,0.479378,31,11.1605,0,0,4629,164740460006
26.1152,38.2919,9.14787,12.3485,79,72,77,2177,2800,0.479378,31,11.1605,0,0,4629,164778758166
28.7918,34.7321,13.23,13.4384,79,71,75,800,2800,0.479378,27,11.157,0,0,4301,164813487602
30.6609,32.6148,13.23,13.4384,79,71,75,800,2800,0.479378,27,11.157,0,0,4301,164846103653
32.8837,30.4102,13.23,13.4384,79,71,75,800,2800,0.479378,27,11.157,0,0,4301,164876514325
35.3161,28.3157,13.23,13.4384,79,71,75,800,2800,0.479378,27,11.157,0,0,4301,164904834254
34.1911,29.2474,13.23,13.4384,79,71,75,800,2800,0.479378,27,11.157,0,0,4301,164934083878
32.9515,30.3476,13.23,13.4384,79,71,75,800,2800,0.479378,27,11.157,0,0,4301,164964431733
35.469,28.1936,13.23,13.4384,79,71,75,800,2800,0.479378,27,11.157,0,0,4301,164992625777
34.4183,29.0543,13.23,13.4384,79,71,75,800,2800,0.479378,27,11.157,0,0,4301,165021681820
33.0825,30.2275,13.23,13.4384,79,71,75,800,2800,0.479378,27,11.157,0,0,4301,165051909340
34.1048,29.3214,13.23,13.4384,79,71,75,800,2800,0.479378,27,11.157,0,0,4301,165081233384
38.1727,26.1967,13.23,13.4384,79,71,75,800,2800,0.479378,27,11.157,0,0,4301,165107432402
35.7976,27.9348,13.23,13.4384,79,71,75,800,2800,0.479378,27,11.157,0,0,4301,165135366080
35.1584,28.4427,13.23,13.4384,79,71,75,800,2800,0.479378,27,11.157,0,0,4301,165163811513
34.5531,28.941,13.23,13.4384,79,71,75,800,2800,0.479378,27,11.157,0,0,4301,165192754234
37.3889,26.7459,13.23,13.4384,79,71,75,800,2800,0.479378,27,11.157,0,0,4301,165219501176
32.1277,31.1257,13.23,13.4384,79,71,75,800,2800,0.479378,27,11.157,0,0,4301,165250629438
34.159,29.2749,13.23,13.4384,79,71,75,800,2800,0.479378,27,11.157,0,0,4301,165279908487
36.6017,27.3211,9.0566,14.8127,78,79,74,2600,2800,0.479378,32,11.1543,0,0,4581,165307228910
34.4578,29.021,9.0566,14.8127,78,79,74,2600,2800,0.479378,32,11.1543,0,0,4581,165336249216
34.0741,29.3478,9.0566,14.8127,78,79,74,2600,2800,0.479378,32,11.1543,0,0,4581,165365597835
36.8875,27.1095,9.0566,14.8127,78,79,74,2600,2800,0.479378,32,11.1543,0,0,4581,165392709628
34.6195,28.8855,9.0566,14.8127,78,79,74,2600,2800,0.479378,32,11.1543,0,0,4581,165421597317
37.466,26.6909,9.0566,14.8127,78,79,74,2600,2800,0.479378,32,11.1543,0,0,4581,165448291330
37.7176,26.5129,9.0566,14.8127,78,79,74,2600,2800,0.479378,32,11.1543,0,0,4581,165474805146
35.2295,28.3853,9.0566,14.8127,78,79,74,2600,2800,0.479378,32,11.1543,0,0,4581,165503192621
34.0152,29.3986,9.0566,14.8127,78,79,74,2600,2800,0.479378,32,11.1543,0,0,4581,165532593337
35.1725,28.4313,9.0566,14.8127,78,79,74,2600,2800,0.479378,32,11.1543,0,0,4581,165561023792
37.5509,26.6305,9.0566,14.8127,78,79,74,2600,2800,0.479378,32,11.1543,0,0,4581,165587657392
35.4806,28.1844,9.0566,14.8127,78,79,74,2600,2800,0.479378,32,11.1543,0,0,4581,165615843200
34.2754,29.1755,9.0566,14.8127,78,79,74,2600,2800,0.479378,32,11.1543,0,0,4581,165645018115
38.6166,25.8956,9.0566,14.8127,78,79,74,2600,2800,0.479378,32,11.1543,0,0,4581,165670917214
31.7852,31.4612,9.0566,14.8127,78,79,74,2600,2800,0.479378,32,11.1543,0,0,4581,165702379400
35.7046,28.0076,9.0566,14.8127,78,79,74,2600,2800,0.479378,32,11.1543,0,0,4581,165730390822
37.0655,26.9792,9.0566,14.8127,78,79,74,2600,2800,0.479378,32,11.1543,0,0,4581,165757372081
33.241,30.0833,9.0566,14.8127,78,79,74,2600,2800,0.479378,32,11.1543,0,0,4581,165787456755
33.2993,30.0307,8.933,13.5468,78,72,75,2600,2800,0.479378,25,11.1435,0,0,4494,165817487217
39.1284,25.5569,8.933,13.5468,78,72,75,2600,2800,0.479378,25,11.1435,0,0,4494,165843044588
34.9466,28.6151,8.933,13.5468,78,72,75,2600,2800,0.479378,25,11.1435,0,0,4494,165871661711
32.609,30.6664,8.933,13.5468,78,72,75,2600,2800,0.479378,25,11.1435,0,0,4494,165902328532
33.8536,29.5389,8.933,13.5468,78,72,75,2600,2800,0.479378,25,11.1435,0,0,4494,165931871855
36.7004,27.2477,8.933,13.5468,78,72,75,2600,2800,0.479378,25,11.1435,0,0,4494,165959120844
36.4569,27.4297,8.933,13.5468,78,72,75,2600,2800,0.479378,25,11.1435,0,0,4494,165986549659
33.915,29.4855,8.933,13.5468,78,72,75,2600,2800,0.479378,25,11.1435,0,0,4494,166016037748
37.8368,26.4293,8.933,13.5468,78,72,75,2600,2800,0.479378,25,11.1435,0,0,4494,166042468630
37.7034,26.5228,8.933,13.5468,78,72,75,2600,2800,0.479378,25,11.1435,0,0,4494,166068993457
33.1732,30.1448,8.933,13.5468,78,72,75,2600,2800,0.479378,25,11.1435,0,0,4494,166099141990
36.4706,27.4194,8.933,13.5468,78,72,75,2600,2800,0.479378,25,11.1435,0,0,4494,166126559794
36.6067,27.3174,8.933,13.5468,78,72,75,2600,2800,0.479378,25,11.1435,0,0,4494,166153878653
33.0811,30.2287,8.933,13.5468,78,72,75,2600,2800,0.479378,25,11.1435,0,0,4494,166184110612
36.0854,27.7121,8.933,13.5468,78,72,75,2600,2800,0.479378,25,11.1435,0,0,4494,166211823707
38.5012,25.9732,8.933,13.5468,78,72,75,2600,2800,0.479378,25,11.1435,0,0,4494,166237797565
33.7627,29.6185,8.933,13.5468,78,72,75,2600,2800,0.479378,25,11.1435,0,0,4494,166267417461
38.5004,25.9738,8.933,13.5468,78,72,75,2600,2800,0.479378,25,11.1435,0,0,4494,166293397821
38.1107,26.2393,8.70647,14.363,78,70,76,2444,2800,0.479378,33,11.1439,0,0,4634,166319635342
36.5154,27.3857,8.70647,14.363,78,70,76,2444,2800,0.479378,33,11.1439,0,0,4634,166347022258
32.2656,30.9928,8.70647,14.363,78,70,76,2444,2800,0.479378,33,11.1439,0,0,4634,166378016621
35.97,27.8009,8.70647,14.363,78,70,76,2444,2800,0.479378,33,11.1439,0,0,4634,166405819163
30.4286,32.8638,8.70647,14.363,78,70,76,2444,2800,0.479378,33,11.1439,0,0,4634,166438684359
27.6373,36.183,8.70647,14.363,78,70,76,2444,2800,0.479378,33,11.1439,0,0,4634,166474866688
31.4756,31.7707,8.70647,14.363,78,70,76,2444,2800,0.479378,33,11.1439,0,0,4634,166506639684
34.7023,28.8165,8.70647,14.363,78,70,76,2444,2800,0.479378,33,11.1439,0,0,4634,166535457733
34.5294,28.9608,8.70647,14.363,78,70,76,2444,2800,0.479378,33,11.1439,0,0,4634,166564423136
35.572,28.112,8.70647,14.363,78,70,76,2444,2800,0.479378,33,11.1439,0,0,4634,166592539755
33.2086,30.1127,8.70647,14.363,78,70,76,2444,2800,0.479378,33,11.1439,0,0,4634,166622652802
32.7855,30.5013,8.70647,14.363,78,70,76,2444,2800,0.479378,33,11.1439,0,0,4634,166653155777
33.6889,29.6834,8.70647,14.363,78,70,76,2444,2800,0.479378,33,11.1439,0,0,4634,166682838670
35.6859,28.0223,8.70647,14.363,78,70,76,2444,2800,0.479378,33,11.1439,0,0,4634,166710862696
36.5413,27.3663,8.70647,14.363,78,70,76,2444,2800,0.479378,33,11.1439,0,0,4634,166738230808
24.0857,41.5184,8.70647,14.363,78,70,76,2444,2800,0.479378,33,11.1439,0,0,4634,166779753128
36.6499,27.2852,8.70647,14.363,78,70,76,2444,2800,0.479378,33,11.1439,0,0,4634,166807038515
37.3805,26.7519,13.7805,14.4544,77,70,74,2378,2800,0.479378,30,11.1474,0,0,4563,166833792219
41.4026,24.1531,13.7805,14.4544,77,70,74,2378,2800,0.479378,30,11.1474,0,0,4563,166857944406
33.6501,29.7176,13.7805,14.4544,77,70,74,2378,2800,0.479378,30,11.1474,0,0,4563,166887665811
38.363,26.0668,13.7805,14.4544,77,70,74,2378,2800,0.479378,30,11.1474,0,0,4563,166913732833
41.9986,23.8103,13.7805,14.4544,77,70,74,2378,2800,0.479378,30,11.1474,0,0,4563,166937543592
35.4999,28.1691,13.7805,14.4544,77,70,74,2378,2800,0.479378,30,11.1474,0,0,4563,166965712639
41.0386,24.3673,13.7805,14.4544,77,70,74,2378,2800,0.479378,30,11.1474,0,0,4563,166990082813
33.6875,29.6846,13.7805,14.4544,77,70,74,2378,2800,0.479378,30,11.1474,0,0,4563,167019769062
36.0453,27.7428,13.7805,14.4544,77,70,74,2378,2800,0.479378,30,11.1474,0,0,4563,167047512324
43.5729,22.9501,13.7805,14.4544,77,70,74,2378,2800,0.479378,30,11.1474,0,0,4563,167070489226
35.0805,28.5058,13.7805,14.4544,77,70,74,2378,2800,0.479378,30,11.1474,0,0,4563,167098974243
44.4447,22.4999,13.7805,14.4544,77,70,74,2378,2800,0.479378,30,11.1474,0,0,4563,167121477030
34.2758,29.1751,13.7805,14.4544,77,70,74,2378,2800,0.479378,30,11.1474,0,0,4563,167150653127
44.6918,22.3754,13.7805,14.4544,77,70,74,2378,2800,0.479378,30,11.1474,0,0,4563,167173028687
36.4995,27.3977,13.7805,14.4544,77,70,74,2378,2800,0.479378,30,11.1474,0,0,4563,167200428006
42.2415,23.6734,13.7805,14.4544,77,70,74,2378,2800,0.479378,30,11.1474,0,0,4563,167224103733
35.6012,28.0889,13.7805,14.4544,77,70,74,2378,2800,0.479378,30,11.1474,0,0,4563,167252191969
40.5281,24.6742,13.7805,14.4544,77,70,74,2378,2800,0.479378,30,11.1474,0,0,4563,167276868806
38.9506,25.6735,13.7805,14.4544,77,70,74,2378,2800,0.479378,30,11.1474,0,0,4563,167302542243
35.433,28.2223,13.7805,14.4544,77,70,74,2378,2800,0.479378,30,11.1474,0,0,4563,167330773406
38.7715,25.7921,8.50299,13.2678,76,79,74,2398,2800,0.479378,33,11.1469,0,0,4628,167356558421
32.908,30.3878,8.50299,13.2678,76,79,74,2398,2800,0.479378,33,11.1469,0,0,4628,167386949707
44.3428,22.5516,8.50299,13.2678,76,79,74,2398,2800,0.479378,33,11.1469,0,0,4628,167409502377
38.3435,26.0801,8.50299,13.2678,76,79,74,2398,2800,0.479378,33,11.1469,0,0,4628,167435582434
37.8456,26.4231,8.50299,13.2678,76,79,74,2398,2800,0.479378,33,11.1469,0,0,4628,167462008256
39.8323,25.1052,8.50299,13.2678,76,79,74,2398,2800,0.479378,33,11.1469,0,0,4628,167487113301
33.1721,30.1458,8.50299,13.2678,76,79,74,2398,2800,0.479378,33,11.1469,0,0,4628,167517262125
44.1634,22.6432,8.50299,13.2678,76,79,74,2398,2800,0.479378,33,11.1469,0,0,4628,167539905354
36.3663,27.498,8.50299,13.2678,76,79,74,2398,2800,0.479378,33,11.1469,0,0,4628,167567405853
38.9138,25.6978,8.50299,13.2678,76,79,74,2398,2800,0.479378,33,11.1469,0,0,4628,167593109907
38.8807,25.7197,8.50299,13.2678,76,79,74,2398,2800,0.479378,33,11.1469,0,0,4628,167618828208
36.5499,27.3599,8.50299,13.2678,76,79,74,2398,2800,0.479378,33,11.1469,0,0,4628,167646189356
43.3359,23.0756,8.50299,13.2678,76,79,74,2398,2800,0.479378,33,11.1469,0,0,4628,167669265614
35.9167,27.8422,8.50299,13.2678,76,79,74,2398,2800,0.479378,33,11.1469,0,0,4628,167697109363
43.9044,22.7768,8.50299,13.2678,76,79,74,2398,2800,0.479378,33,11.1469,0,0,4628,167719887785
35.398,28.2502,8.50299,13.2678,76,79,74,2398,2800,0.479378,33,11.1469,0,0,4628,167748140869
45.6269,21.9169,8.50299,13.2678,76,79,74,2398,2800,0.479378,33,11.1469,0,0,4628,167770057361
31.9334,31.3151,8.50299,13.2678,76,79,74,2398,2800,0.479378,33,11.1469,0,0,4628,167801375137
43.4427,23.0188,8.50299,13.2678,76,79,74,2398,2800,0.479378,33,11.1469,0,0,4628,167824395781
31.637,31.6085,8.50299,13.2678,76,79,74,2398,2800,0.479378,33,11.1469,0,0,4628,167856008608
36.4423,27.4407,8.70083,12.8011,76,71,74,2600,2800,0.479378,22,11.1504,0,0,4626,167883448002
43.963,22.7464,8.70083,12.8011,76,71,74,2600,2800,0.479378,22,11.1504,0,0,4626,167906196428
35.2979,28.3303,8.70083,12.8011,76,71,74,2600,2800,0.479378,22,11.1504,0,0,4626,167934526966
43.5719,22.9506,8.70083,12.8011,76,71,74,2600,2800,0.479378,22,11.1504,0,0,4626,167957479603
35.9154,27.8432,8.70083,12.8011,76,71,74,2600,2800,0.479378,22,11.1504,0,0,4626,167985325176
42.9958,23.2581,8.70083,12.8011,76,71,74,2600,2800,0.479378,22,11.1504,0,0,4626,168008583474
37.0625,26.9815,8.70083,12.8011,76,71,74,2600,2800,0.479378,22,11.1504,0,0,4626,168035565655
38.9694,25.6612,8.70083,12.8011,76,71,74,2600,2800,0.479378,22,11.1504,0,0,4626,168061230415
39.5376,25.2924,8.70083,12.8011,76,71,74,2600,2800,0.479378,22,11.1504,0,0,4626,168086525015
36.1136,27.6904,8.70083,12.8011,76,71,74,2600,2800,0.479378,22,11.1504,0,0,4626,168114217482
44.567,22.4381,8.70083,12.8011,76,71,74,2600,2800,0.479378,22,11.1504,0,0,4626,168136656841
34.3993,29.0703,8.70083,12.8011,76,71,74,2600,2800,0.479378,22,11.1504,0,0,4626,168165727010
44.6923,22.3752,8.70083,12.8011,76,71,74,2600,2800,0.479378,22,11.1504,0,0,4626,168188106577
32.3288,30.9322,8.70083,12.8011,76,71,74,2600,2800,0.479378,22,11.1504,0,0,4626,168219037571
44.375,22.5352,8.70083,12.8011,76,71,74,2600,2800,0.479378,22,11.1504,0,0,4626,168241576906
35.8115,27.924,8.70083,12.8011,76,71,74,2600,2800,0.479378,22,11.1504,0,0,4626,168269503781
39.2714,25.4638,8.70083,12.8011,76,71,74,2600,2800,0.479378,22,11.1504,0,0,4626,168294970332
39.4834,25.3271,8.70083,12.8011,76,71,74,2600,2800,0.479378,22,11.1504,0,0,4626,168320294456
39.8441,25.0978,8.70083,12.8011,76,71,74,2600,2800,0.479378,22,11.1504,0,0,4626,168345395044
39.192,25.5154,8.70083,12.8011,76,71,74,2600,2800,0.479378,22,11.1504,0,0,4626,168370913993
39.7082,25.1837,8.18071,13.2351,76,71,75,800,2800,0.479378,25,11.1517,0,0,4621,168396098948
38.8509,25.7395,8.18071,13.2351,76,71,75,800,2800,0.479378,25,11.1517,0,0,4621,168421837867
35.7566,27.9668,8.18071,13.2351,76,71,75,800,2800,0.479378,25,11.1517,0,0,4621,168449807431
41.2019,24.2707,8.18071,13.2351,76,71,75,800,2800,0.479378,25,11.1517,0,0,4621,168474078179
36.6327,27.298,8.18071,13.2351,76,71,75,800,2800,0.479378,25,11.1517,0,0,4621,168501378614
39.8893,25.0694,8.18071,13.2351,76,71,75,800,2800,0.479378,25,11.1517,0,0,4621,168526449777
37.6101,26.5886,8.18071,13.2351,76,71,75,800,2800,0.479378,25,11.1517,0,0,4621,168553037211
41.9957,23.812,8.18071,13.2351,76,71,75,800,2800,0.479378,25,11.1517,0,0,4621,168576851947
36.527,27.377,8.18071,13.2351,76,71,75,800,2800,0.479378,25,11.1517,0,0,4621,168604231270
39.2872,25.4536,8.18071,13.2351,76,71,75,800,2800,0.479378,25,11.1517,0,0,4621,168629689094
39.1022,25.574,8.18071,13.2351,76,71,75,800,2800,0.479378,25,11.1517,0,0,4621,168655261743
34.6382,28.8699,8.18071,13.2351,76,71,75,800,2800,0.479378,25,11.1517,0,0,4621,168684133272
44.2962,22.5753,8.18071,13.2351,76,71,75,800,2800,0.479378,25,11.1517,0,0,4621,168706710507
35.8644,27.8828,8.18071,13.2351,76,71,75,800,2800,0.479378,25,11.1517,0,0,4621,168734597207
40.1915,24.8809,8.18071,13.2351,76,71,75,800,2800,0.479378,25,11.1517,0,0,4621,168759478946
37.2168,26.8696,8.18071,13.2351,76,71,75,800,2800,0.479378,25,11.1517,0,0,4621,168786346302
42.9308,23.2933,8.18071,13.2351,76,71,75,800,2800,0.479378,25,11.1517,0,0,4621,168809643202
40.4307,24.7337,8.18071,13.2351,76,71,75,800,2800,0.479378,25,11.1517,0,0,4621,168834378127
35.7136,28.0005,8.18071,13.2351,76,71,75,800,2800,0.479378,25,11.1517,0,0,4621,168862380913
40.142,24.9116,8.18071,13.2351,76,71,75,800,2800,0.479378,25,11.1517,0,0,4621,168887298259
38.0734,26.265,12.7427,15.9941,76,72,74,2600,2800,0.479378,27,11.1468,0,0,4643,168913560806
39.8125,25.1177,12.7427,15.9941,76,72,74,2600,2800,0.479378,27,11.1468,0,0,4643,168938677483
36.8468,27.1394,12.7427,15.9941,76,72,74,2600,2800,0.479378,27,11.1468,0,0,4643,168965819402
40.3321,24.7941,12.7427,15.9941,76,72,74,2600,2800,0.479378,27,11.1468,0,0,4643,168990614239
35.3079,28.3223,12.7427,15.9941,76,72,74,2600,2800,0.479378,27,11.1468,0,0,4643,169018940018
43.1907,23.1531,12.7427,15.9941,76,72,74,2600,2800,0.479378,27,11.1468,0,0,4643,169042093951
35.1251,28.4697,12.7427,15.9941,76,72,74,2600,2800,0.479378,27,11.1468,0,0,4643,169070563920
41.8179,23.9132,12.7427,15.9941,76,72,74,2600,2800,0.479378,27,11.1468,0,0,4643,169094482901
38.2159,26.1671,12.7427,15.9941,76,72,74,2600,2800,0.479378,27,11.1468,0,0,4643,169120650040
40.8608,24.4733,12.7427,15.9941,76,72,74,2600,2800,0.479378,27,11.1468,0,0,4643,169145147421
39.7661,25.147,12.7427,15.9941,76,72,74,2600,2800,0.479378,27,11.1468,0,0,4643,169170270771
36.5195,27.3827,12.7427,15.9941,76,72,74,2600,2800,0.479378,27,11.1468,0,0,4643,169197656646
40.0255,24.9841,12.7427,15.9941,76,72,74,2600,2800,0.479378,27,11.1468,0,0,4643,169222640315
35.0958,28.4934,12.7427,15.9941,76,72,74,2600,2800,0.479378,27,11.1468,0,0,4643,169251138436
44.5223,22.4607,12.7427,15.9941,76,72,74,2600,2800,0.479378,27,11.1468,0,0,4643,169273601769
35.3217,28.3112,12.7427,15.9941,76,72,74,2600,2800,0.479378,27,11.1468,0,0,4643,169301912541
40.8739,24.4655,12.7427,15.9941,76,72,74,2600,2800,0.479378,27,11.1468,0,0,4643,169326380527
37.6392,26.5681,12.7427,15.9941,76,72,74,2600,2800,0.479378,27,11.1468,0,0,4643,169352947954
40.5011,24.6907,12.7427,15.9941,76,72,74,2600,2800,0.479378,27,11.1468,0,0,4643,169377640940
38.5511,25.9396,12.7427,15.9941,76,72,74,2600,2800,0.479378,27,11.1468,0,0,4643,169403585784
38.2293,26.158,7.68293,16.07,77,80,75,2581,2800,0.479378,34,11.1465,0,0,4629,169429741011
40.5833,24.6407,7.68293,16.07,77,80,75,2581,2800,0.479378,34,11.1465,0,0,4629,169454384895
39.7525,25.1556,7.68293,16.07,77,80,75,2581,2800,0.479378,34,11.1465,0,0,4629,169479542559
38.5921,25.912,7.68293,16.07,77,80,75,2581,2800,0.479378,34,11.1465,0,0,4629,169505455333
33.7999,29.5859,7.68293,16.07,77,80,75,2581,2800,0.479378,34,11.1465,0,0,4629,169535041757
43.5399,22.9674,7.68293,16.07,77,80,75,2581,2800,0.479378,34,11.1465,0,0,4629,169558010414
36.336,27.5209,7.68293,16.07,77,80,75,2581,2800,0.479378,34,11.1465,0,0,4629,169585533134
41.7569,23.9481,7.68293,16.07,77,80,75,2581,2800,0.479378,34,11.1465,0,0,4629,169609481079
36.9016,27.0991,7.68293,16.07,77,80,75,2581,2800,0.479378,34,11.1465,0,0,4629,169636584035
42.5891,23.4802,7.68293,16.07,77,80,75,2581,2800,0.479378,34,11.1465,0,0,4629,169660063476
36.6881,27.2568,7.68293,16.07,77,80,75,2581,2800,0.479378,34,11.1465,0,0,4629,169687326791
36.3215,27.5319,7.68293,16.07,77,80,75,2581,2800,0.479378,34,11.1465,0,0,4629,169714856174
45.3796,22.0363,7.68293,16.07,77,80,75,2581,2800,0.479378,34,11.1465,0,0,4629,169736893702
36.4588,27.4282,7.68293,16.07,77,80,75,2581,2800,0.479378,34,11.1465,0,0,4629,169764325192
39.8627,25.0861,7.68293,16.07,77,80,75,2581,2800,0.479378,34,11.1465,0,0,4629,169789412615
36.3126,27.5386,7.68293,16.07,77,80,75,2581,2800,0.479378,34,11.1465,0,0,4629,169816952266
42.5208,23.5179,7.68293,16.07,77,80,75,2581,2800,0.479378,34,11.1465,0,0,4629,169840470289
37.7818,26.4678,7.68293,16.07,77,80,75,2581,2800,0.479378,34,11.1465,0,0,4629,169866941476
38.2383,26.1518,7.68293,16.07,77,80,75,2581,2800,0.479378,34,11.1465,0,0,4629,169893095750
37.7129,26.5161,7.68293,16.07,77,80,75,2581,2800,0.479378,34,11.1465,0,0,4629,169919615658
43.6277,22.9212,7.78589,13.1284,77,71,73,2600,2800,0.479378,24,11.1425,0,0,4619,169942535073
35.782,27.947,7.78589,13.1284,77,71,73,2600,2800,0.479378,24,11.1425,0,0,4619,169970482105
39.4082,25.3754,7.78589,13.1284,77,71,73,2600,2800,0.479378,24,11.1425,0,0,4619,169995862024
38.295,26.1131,7.78589,13.1284,77,71,73,2600,2800,0.479378,24,11.1425,0,0,4619,170021973219
40.0561,24.965,7.78589,13.1284,77,71,73,2600,2800,0.479378,24,11.1425,0,0,4619,170046941129
39.5386,25.2918,7.78589,13.1284,77,71,73,2600,2800,0.479378,24,11.1425,0,0,4619,170072235899
36.5725,27.3429,7.78589,13.1284,77,71,73,2600,2800,0.479378,24,11.1425,0,0,4619,170099581598
40.6124,24.623,7.78589,13.1284,77,71,73,2600,2800,0.479378,24,11.1425,0,0,4619,170124204904
35.8672,27.8806,7.78589,13.1284,77,71,73,2600,2800,0.479378,24,11.1425,0,0,4619,170152086815
42.674,23.4335,7.78589,13.1284,77,71,73,2600,2800,0.479378,24,11.1425,0,0,4619,170175522514
37.6353,26.5708,7.78589,13.1284,77,71,73,2600,2800,0.479378,24,11.1425,0,0,4619,170202095070
40.7973,24.5114,7.78589,13.1284,77,71,73,2600,2800,0.479378,24,11.1425,0,0,4619,170226608952
35.612,28.0804,7.78589,13.1284,77,71,73,2600,2800,0.479378,24,11.1425,0,0,4619,170254688321
43.2719,23.1097,7.78589,13.1284,77,71,73,2600,2800,0.479378,24,11.1425,0,0,4619,170277801268
38.5056,25.9703,7.78589,13.1284,77,71,73,2600,2800,0.479378,24,11.1425,0,0,4619,170303774454
35.0572,28.5248,7.78589,13.1284,77,71,73,2600,2800,0.479378,24,11.1425,0,0,4619,170332298955
40.2507,24.8443,7.78589,13.1284,77,71,73,2600,2800,0.479378,24,11.1425,0,0,4619,170357142212
34.1858,29.2519,7.78589,13.1284,77,71,73,2600,2800,0.479378,24,11.1425,0,0,4619,170386396505
43.9541,22.751,7.78589,13.1284,77,71,73,2600,2800,0.479378,24,11.1425,0,0,4619,170409147736
34.7179,28.8036,7.78589,13.1284,77,71,73,2600,2800,0.479378,24,11.1425,0,0,4619,170437955746
42.3353,23.6209,7.53341,15.9043,77,70,76,2341,2800,0.479378,37,11.1416,0,0,4665,170461575689
38.4849,25.9842,7.53341,15.9043,77,70,76,2341,2800,0.479378,37,11.1416,0,0,4665,170487562311
35.1819,28.4237,7.53341,15.9043,77,70,76,2341,2800,0.479378,37,11.1416,0,0,4665,170515987466
42.743,23.3956,7.53341,15.9043,77,70,76,2341,2800,0.479378,37,11.1416,0,0,4665,170539382970
35.6982,28.0126,7.53341,15.9043,77,70,76,2341,2800,0.479378,37,11.1416,0,0,4665,170567398810
38.1672,26.2005,7.53341,15.9043,77,70,76,2341,2800,0.479378,37,11.1416,0,0,4665,170593597679
36.8282,27.1531,7.53341,15.9043,77,70,76,2341,2800,0.479378,37,11.1416,0,0,4665,170620751149
41.0038,24.388,7.53341,15.9043,77,70,76,2341,2800,0.479378,37,11.1416,0,0,4665,170645142432
38.4556,26.004,7.53341,15.9043,77,70,76,2341,2800,0.479378,37,11.1416,0,0,4665,170671145745
35.9302,27.8318,7.53341,15.9043,77,70,76,2341,2800,0.479378,37,11.1416,0,0,4665,170698982041
41.1867,24.2797,7.53341,15.9043,77,70,76,2341,2800,0.479378,37,11.1416,0,0,4665,170723259842
36.096,27.7039,7.53341,15.9043,77,70,76,2341,2800,0.479378,37,11.1416,0,0,4665,170750968149
42.1078,23.7486,7.53341,15.9043,77,70,76,2341,2800,0.479378,37,11.1416,0,0,4665,170774716541
36.4045,27.4691,7.53341,15.9043,77,70,76,2341,2800,0.479378,37,11.1416,0,0,4665,170802186232
39.7709,25.144,7.53341,15.9043,77,70,76,2341,2800,0.479378,37,11.1416,0,0,4665,170827332635
36.6254,27.3035,7.53341,15.9043,77,70,76,2341,2800,0.479378,37,11.1416,0,0,4665,170854635455
41.0639,24.3523,7.53341,15.9043,77,70,76,2341,2800,0.479378,37,11.1416,0,0,4665,170878990631
38.9382,25.6817,7.53341,15.9043,77,70,76,2341,2800,0.479378,37,11.1416,0,0,4665,170904673335
28.4993,35.0886,7.53341,15.9043,77,70,76,2341,2800,0.479378,37,11.1416,0,0,4665,170939766080
36.2498,27.5864,12.9073,8.6562,76,69,73,2600,2800,0.479378,31,11.1449,0,0,4651,170967350565
40.9618,24.413,12.9073,8.6562,76,69,73,2600,2800,0.479378,31,11.1449,0,0,4651,170991765252
35.2655,28.3563,12.9073,8.6562,76,69,73,2600,2800,0.479378,31,11.1449,0,0,4651,171020123252
43.8068,22.8275,12.9073,8.6562,76,69,73,2600,2800,0.479378,31,11.1449,0,0,4651,171042953249
34.6875,28.8288,12.9073,8.6562,76,69,73,2600,2800,0.479378,31,11.1449,0,0,4651,171071783150
38.3931,26.0464,12.9073,8.6562,76,69,73,2600,2800,0.479378,31,11.1449,0,0,4651,171097833060
37.8032,26.4528,12.9073,8.6562,76,69,73,2600,2800,0.479378,31,11.1449,0,0,4651,171124285161
35.7541,27.9688,12.9073,8.6562,76,69,73,2600,2800,0.479378,31,11.1449,0,0,4651,171152257381
43.4404,23.02,12.9073,8.6562,76,69,73,2600,2800,0.479378,31,11.1449,0,0,4651,171175278535
36.2085,27.6179,12.9073,8.6562,76,69,73,2600,2800,0.479378,31,11.1449,0,0,4651,171202896083
42.3665,23.6036,12.9073,8.6562,76,69,73,2600,2800,0.479378,31,11.1449,0,0,4651,171226505205
34.2111,29.2303,12.9073,8.6562,76,69,73,2600,2800,0.479378,31,11.1449,0,0,4651,171255732448
42.7622,23.3852,12.9073,8.6562,76,69,73,2600,2800,0.479378,31,11.1449,0,0,4651,171279120868
37.1176,26.9414,12.9073,8.6562,76,69,73,2600,2800,0.479378,31,11.1449,0,0,4651,171306064277
36.3906,27.4796,12.9073,8.6562,76,69,73,2600,2800,0.479378,31,11.1449,0,0,4651,171333548395
40.3304,24.7952,12.9073,8.6562,76,69,73,2600,2800,0.479378,31,11.1449,0,0,4651,171358343522
35.6032,28.0873,12.9073,8.6562,76,69,73,2600,2800,0.479378,31,11.1449,0,0,4651,171386432950
41.1809,24.2831,12.9073,8.6562,76,69,73,2600,2800,0.479378,31,11.1449,0,0,4651,171410717113
38.2003,26.1778,12.9073,8.6562,76,69,73,2600,2800,0.479378,31,11.1449,0,0,4651,171436894922
34.4544,29.0239,12.9073,8.6562,76,69,73,2600,2800,0.479378,31,11.1449,0,0,4651,171465922362
41.7461,23.9543,8.01435,16.5352,76,80,74,2600,2800,0.479378,30,11.1439,0,0,4623,171489876679
34.2482,29.1986,8.01435,16.5352,76,80,74,2600,2800,0.479378,30,11.1439,0,0,4623,171519076280
42.1722,23.7123,8.01435,16.5352,76,80,74,2600,2800,0.479378,30,11.1439,0,0,4623,171542790950
34.2448,29.2015,8.01435,16.5352,76,80,74,2600,2800,0.479378,30,11.1439,0,0,4623,171571994418
37.2611,26.8376,8.01435,16.5352,76,80,74,2600,2800,0.479378,30,11.1439,0,0,4623,171598834574
37.5877,26.6044,8.01435,16.5352,76,80,74,2600,2800,0.479378,30,11.1439,0,0,4623,171625440201
34.6701,28.8433,8.01435,16.5352,76,80,74,2600,2800,0.479378,30,11.1439,0,0,4623,171654285110
40.8963,24.4521,8.01435,16.5352,76,80,74,2600,2800,0.479378,30,11.1439,0,0,4623,171678735574
37.1217,26.9384,8.01435,16.5352,76,80,74,2600,2800,0.479378,30,11.1439,0,0,4623,171705675676
35.1869,28.4197,8.01435,16.5352,76,80,74,2600,2800,0.479378,30,11.1439,0,0,4623,171734099689
40.2199,24.8633,8.01435,16.5352,76,80,74,2600,2800,0.479378,30,11.1439,0,0,4623,171758961871
35.3639,28.2774,8.01435,16.5352,76,80,74,2600,2800,0.479378,30,11.1439,0,0,4623,171787242697
43.0043,23.2535,8.01435,16.5352,76,80,74,2600,2800,0.479378,30,11.1439,0,0,4623,171810496917
35.6403,28.0581,8.01435,16.5352,76,80,74,2600,2800,0.479378,30,11.1439,0,0,4623,171838558904
34.2772,29.1739,8.01435,16.5352,76,80,74,2600,2800,0.479378,30,11.1439,0,0,4623,171867729280
38.5493,25.9408,8.01435,16.5352,76,80,74,2600,2800,0.479378,30,11.1439,0,0,4623,171893674515
33.3966,29.9432,8.01435,16.5352,76,80,74,2600,2800,0.479378,30,11.1439,0,0,4623,171923619037
35.6487,28.0515,8.01435,16.5352,76,80,74,2600,2800,0.479378,30,11.1439,0,0,4623,171951670905
38.1732,26.1964,8.01435,16.5352,76,80,74,2600,2800,0.479378,30,11.1439,0,0,4623,171977871657
36.7728,27.194,8.50801,13.3706,77,70,75,2555,2800,0.479378,35,11.1544,0,0,4608,172005064080
36.0725,27.722,8.50801,13.3706,77,70,75,2555,2800,0.479378,35,11.1544,0,0,4608,172032790390
38.3487,26.0765,8.50801,13.3706,77,70,75,2555,2800,0.479378,35,11.1544,0,0,4608,172058866650
34.8579,28.6879,8.50801,13.3706,77,70,75,2555,2800,0.479378,35,11.1544,0,0,4608,172087558463
40.5704,24.6485,8.50801,13.3706,77,70,75,2555,2800,0.479378,35,11.1544,0,0,4608,172112209170
33.5262,29.8275,8.50801,13.3706,77,70,75,2555,2800,0.479378,35,11.1544,0,0,4608,172142035782
32.0263,31.2243,8.50801,13.3706,77,70,75,2555,2800,0.479378,35,11.1544,0,0,4608,172173261246
36.9221,27.084,8.50801,13.3706,77,70,75,2555,2800,0.479378,35,11.1544,0,0,4608,172200349535
38.2957,26.1126,8.50801,13.3706,77,70,75,2555,2800,0.479378,35,11.1544,0,0,4608,172226462683
34.466,29.0141,8.50801,13.3706,77,70,75,2555,2800,0.479378,35,11.1544,0,0,4608,172255480134
38.8587,25.7342,8.50801,13.3706,77,70,75,2555,2800,0.479378,35,11.1544,0,0,4608,172281214294
37.7227,26.5092,8.50801,13.3706,77,70,75,2555,2800,0.479378,35,11.1544,0,0,4608,172307725716
36.4634,27.4247,8.50801,13.3706,77,70,75,2555,2800,0.479378,35,11.1544,0,0,4608,172335150273
37.4928,26.6718,8.50801,13.3706,77,70,75,2555,2800,0.479378,35,11.1544,0,0,4608,172361826082
36.6578,27.2793,8.50801,13.3706,77,70,75,2555,2800,0.479378,35,11.1544,0,0,4608,172389103373
31.6949,31.5509,8.50801,13.3706,77,70,75,2555,2800,0.479378,35,11.1544,0,0,4608,172420655878
42.4196,23.574,8.50801,13.3706,77,70,75,2555,2800,0.479378,35,11.1544,0,0,4608,172444231468
31.7583,31.4879,8.50801,13.3706,77,70,75,2555,2800,0.479378,35,11.1544,0,0,4608,172475721706
35.2395,28.3772,8.50801,13.3706,77,70,75,2555,2800,0.479378,35,11.1544,0,0,4608,172504105965
32.927,30.3703,8.8729,13.3554,77,70,75,800,2800,0.479378,29,11.1497,0,0,4310,172534471653
34.6543,28.8564,8.8729,13.3554,77,70,75,800,2800,0.479378,29,11.1497,0,0,4310,172563330778
35.9394,27.8246,8.8729,13.3554,77,70,75,800,2800,0.479378,29,11.1497,0,0,4310,172591155502
28.894,34.6093,8.8729,13.3554,77,70,75,800,2800,0.479378,29,11.1497,0,0,4310,172625770836
33.3714,29.9658,8.8729,13.3554,77,70,75,800,2800,0.479378,29,11.1497,0,0,4310,172655736157
36.9936,27.0317,8.8729,13.3554,77,70,75,800,2800,0.479378,29,11.1497,0,0,4310,172682769974
37.0748,26.9725,8.8729,13.3554,77,70,75,800,2800,0.479378,29,11.1497,0,0,4310,172709745843
34.6273,28.879,8.8729,13.3554,77,70,75,800,2800,0.479378,29,11.1497,0,0,4310,172738624785
33.8481,29.5437,8.8729,13.3554,77,70,75,800,2800,0.479378,29,11.1497,0,0,4310,172768168759
36.9489,27.0644,8.8729,13.3554,77,70,75,800,2800,0.479378,29,11.1497,0,0,4310,172795236289
34.0775,29.3449,8.8729,13.3554,77,70,75,800,2800,0.479378,29,11.1497,0,0,4310,172824582023
36.3039,27.5452,8.8729,13.3554,77,70,75,800,2800,0.479378,29,11.1497,0,0,4310,172852128929
40.3105,24.8074,8.8729,13.3554,77,70,75,800,2800,0.479378,29,11.1497,0,0,4310,172876939505
35.4479,28.2104,8.8729,13.3554,77,70,75,800,2800,0.479378,29,11.1497,0,0,4310,172905152073
35.858,27.8878,8.8729,13.3554,77,70,75,800,2800,0.479378,29,11.1497,0,0,4310,172933039494
40.2396,24.8512,8.8729,13.3554,77,70,75,800,2800,0.479378,29,11.1497,0,0,4310,172957895915
35.1536,28.4466,8.8729,13.3554,77,70,75,800,2800,0.479378,29,11.1497,0,0,4310,172986342731
37.2451,26.8492,8.8729,13.3554,77,70,75,800,2800,0.479378,29,11.1497,0,0,4310,173013197884
38.8756,25.7231,12.7318,15.3875,77,71,74,2347,2800,0.479378,33,11.151,0,0,4648,173038920323
29.382,34.0344,12.7318,15.3875,77,71,74,2347,2800,0.479378,33,11.151,0,0,4648,173072953760
37.28,26.8241,12.7318,15.3875,77,71,74,2347,2800,0.479378,33,11.151,0,0,4648,173099780110
43.6028,22.9343,12.7318,15.3875,77,71,74,2347,2800,0.479378,33,11.151,0,0,4648,173122714933
35.9742,27.7977,12.7318,15.3875,77,71,74,2347,2800,0.479378,33,11.151,0,0,4648,173150516233
42.2265,23.6818,12.7318,15.3875,77,71,74,2347,2800,0.479378,33,11.151,0,0,4648,173174198994
38.0215,26.3009,12.7318,15.3875,77,71,74,2347,2800,0.479378,33,11.151,0,0,4648,173200502377
44.3839,22.5307,12.7318,15.3875,77,71,74,2347,2800,0.479378,33,11.151,0,0,4648,173223031944
33.4109,29.9304,12.7318,15.3875,77,71,74,2347,2800,0.479378,33,11.151,0,0,4648,173252964333
45.3094,22.0705,12.7318,15.3875,77,71,74,2347,2800,0.479378,33,11.151,0,0,4648,173275039872
36.7604,27.2032,12.7318,15.3875,77,71,74,2347,2800,0.479378,33,11.151,0,0,4648,173302240581
36.0301,27.7546,12.7318,15.3875,77,71,74,2347,2800,0.479378,33,11.151,0,0,4648,173330000444
42.6953,23.4218,12.7318,15.3875,77,71,74,2347,2800,0.479378,33,11.151,0,0,4648,173353422107
38.8466,25.7423,12.7318,15.3875,77,71,74,2347,2800,0.479378,33,11.151,0,0,4648,173379163992
40.5508,24.6604,12.7318,15.3875,77,71,74,2347,2800,0.479378,33,11.151,0,0,4648,173403825730
38.1382,26.2204,12.7318,15.3875,77,71,74,2347,2800,0.479378,33,11.151,0,0,4648,173430048553
40.9706,24.4077,12.7318,15.3875,77,71,74,2347,2800,0.479378,33,11.151,0,0,4648,173454460314
34.4019,29.0682,12.7318,15.3875,77,71,74,2347,2800,0.479378,33,11.151,0,0,4648,173483528369
41.0622,24.3533,12.7318,15.3875,77,71,74,2347,2800,0.479378,33,11.151,0,0,4648,173507883224
40.906,24.4463,12.7318,15.3875,77,71,74,2347,2800,0.479378,33,11.151,0,0,4648,173532334910
34.6225,28.883,7.2904,13.9945,78,80,75,2558,2800,0.479378,28,11.1497,0,0,4620,173561216458
39.8927,25.0673,7.2904,13.9945,78,80,75,2558,2800,0.479378,28,11.1497,0,0,4620,173586285636
38.7132,25.831,7.2904,13.9945,78,80,75,2558,2800,0.479378,28,11.1497,0,0,4620,173612117419
40.4995,24.6917,7.2904,13.9945,78,80,75,2558,2800,0.479378,28,11.1497,0,0,4620,173636811918
36.8234,27.1566,7.2904,13.9945,78,80,75,2558,2800,0.479378,28,11.1497,0,0,4620,173663967333
29.9129,33.4304,7.2904,13.9945,78,80,75,2558,2800,0.479378,28,11.1497,0,0,4620,173697400479
40.1616,24.8994,7.2904,13.9945,78,80,75,2558,2800,0.479378,28,11.1497,0,0,4620,173722304940
38.1902,26.1847,7.2904,13.9945,78,80,75,2558,2800,0.479378,28,11.1497,0,0,4620,173748491846
34.7751,28.7562,7.2904,13.9945,78,80,75,2558,2800,0.479378,28,11.1497,0,0,4620,173777249031
36.6296,27.3003,7.2904,13.9945,78,80,75,2558,2800,0.479378,28,11.1497,0,0,4620,173804548544
40.1641,24.8978,7.2904,13.9945,78,80,75,2558,2800,0.479378,28,11.1497,0,0,4620,173829446844
44.0065,22.7239,7.2904,13.9945,78,80,75,2558,2800,0.479378,28,11.1497,0,0,4620,173852171685
33.9675,29.4399,7.2904,13.9945,78,80,75,2558,2800,0.479378,28,11.1497,0,0,4620,173881613539
45.0967,22.1746,7.2904,13.9945,78,80,75,2558,2800,0.479378,28,11.1497,0,0,4620,173903789015
35.088,28.4997,7.2904,13.9945,78,80,75,2558,2800,0.479378,28,11.1497,0,0,4620,173932290212
43.5261,22.9747,7.2904,13.9945,78,80,75,2558,2800,0.479378,28,11.1497,0,0,4620,173955265240
26.3886,37.8951,7.2904,13.9945,78,80,75,2558,2800,0.479378,28,11.1497,0,0,4620,173993162482
38.026,26.2978,7.2904,13.9945,78,80,75,2558,2800,0.479378,28,11.1497,0,0,4620,174019459663
43.8826,22.7881,7.2904,13.9945,78,80,75,2558,2800,0.479378,28,11.1497,0,0,4620,174042252342
40,25,7.53086,11.6868,78,70,75,2593,2800,0.479378,34,11.1496,0,0,4635,174067250888
36.0851,27.7123,7.53086,11.6868,78,70,75,2593,2800,0.479378,34,11.1496,0,0,4635,174094965036
39.3685,25.401,7.53086,11.6868,78,70,75,2593,2800,0.479378,34,11.1496,0,0,4635,174120367437
40.733,24.5501,7.53086,11.6868,78,70,75,2593,2800,0.479378,34,11.1496,0,0,4635,174144917266
40.8443,24.4832,7.53086,11.6868,78,70,75,2593,2800,0.479378,34,11.1496,0,0,4635,174169401072
35.0206,28.5546,7.53086,11.6868,78,70,75,2593,2800,0.479378,34,11.1496,0,0,4635,174197957562
42.8561,23.3339,7.53086,11.6868,78,70,75,2593,2800,0.479378,34,11.1496,0,0,4635,174221293615
33.2938,30.0356,7.53086,11.6868,78,70,75,2593,2800,0.479378,34,11.1496,0,0,4635,174251331321
44.4753,22.4844,7.53086,11.6868,78,70,75,2593,2800,0.479378,34,11.1496,0,0,4635,174273813930
37.7768,26.4713,7.53086,11.6868,78,70,75,2593,2800,0.479378,34,11.1496,0,0,4635,174300287451
42.1365,23.7324,7.53086,11.6868,78,70,75,2593,2800,0.479378,34,11.1496,0,0,4635,174324022850
36.6117,27.3136,7.53086,11.6868,78,70,75,2593,2800,0.479378,34,11.1496,0,0,4635,174351338203
43.0469,23.2305,7.53086,11.6868,78,70,75,2593,2800,0.479378,34,11.1496,0,0,4635,174374570111
37.1121,26.9454,7.53086,11.6868,78,70,75,2593,2800,0.479378,34,11.1496,0,0,4635,174401516365
37.5735,26.6145,7.53086,11.6868,78,70,75,2593,2800,0.479378,34,11.1496,0,0,4635,174428136028
43.4343,23.0233,7.53086,11.6868,78,70,75,2593,2800,0.479378,34,11.1496,0,0,4635,174451158416
37.8399,26.4271,7.53086,11.6868,78,70,75,2593,2800,0.479378,34,11.1496,0,0,4635,174477590459
39.3507,25.4125,7.53086,11.6868,78,70,75,2593,2800,0.479378,34,11.1496,0,0,4635,174503005834
37.5392,26.6388,7.53086,11.6868,78,70,75,2593,2800,0.479378,34,11.1496,0,0,4635,174529645516
41.2513,24.2417,7.53086,11.6868,78,70,75,2593,2800,0.479378,34,11.1496,0,0,4635,174553893942
35.0435,28.536,8.56793,15.2282,76,70,70,2062,2800,0.479378,25,11.1556,0,0,4424,174582426918
36.166,27.6503,8.56793,15.2282,76,70,70,2062,2800,0.479378,25,11.1556,0,0,4424,174610080222
40.3725,24.7693,8.56793,15.2282,76,70,70,2062,2800,0.479378,25,11.1556,0,0,4424,174634852918
37.9962,26.3184,8.56793,15.2282,76,70,70,2062,2800,0.479378,25,11.1556,0,0,4424,174661173032
42.6123,23.4674,8.56793,15.2282,76,70,70,2062,2800,0.479378,25,11.1556,0,0,4424,174684641903
36.7131,27.2382,8.56793,15.2282,76,70,70,2062,2800,0.479378,25,11.1556,0,0,4424,174711878539
42.8422,23.3415,8.56793,15.2282,76,70,70,2062,2800,0.479378,25,11.1556,0,0,4424,174735221695
34.2448,29.2016,8.56793,15.2282,76,70,70,2062,2800,0.479378,25,11.1556,0,0,4424,174764425634
42.0468,23.783,8.56793,15.2282,76,70,70,2062,2800,0.479378,25,11.1556,0,0,4424,174788210084
36.9192,27.0862,8.56793,15.2282,76,70,70,2062,2800,0.479378,25,11.1556,0,0,4424,174815301950
42.2359,23.6765,8.56793,15.2282,76,70,70,2062,2800,0.479378,25,11.1556,0,0,4424,174838978438
35.5537,28.1265,8.56793,15.2282,76,70,70,2062,2800,0.479378,25,11.1556,0,0,4424,174867104795
43.1452,23.1775,8.56793,15.2282,76,70,70,2062,2800,0.479378,25,11.1556,0,0,4424,174890284606
36.052,27.7377,8.56793,15.2282,76,70,70,2062,2800,0.479378,25,11.1556,0,0,4424,174918023119
40.808,24.505,8.56793,15.2282,76,70,70,2062,2800,0.479378,25,11.1556,0,0,4424,174942531230
37.6655,26.5495,8.56793,15.2282,76,70,70,2062,2800,0.479378,25,11.1556,0,0,4424,174969081134
36.9592,27.0568,8.56793,15.2282,76,70,70,2062,2800,0.479378,25,11.1556,0,0,4424,174996138145
40.3387,24.7901,8.56793,15.2282,76,70,70,2062,2800,0.479378,25,11.1556,0,0,4424,175020929104
39.8272,25.1085,8.56793,15.2282,76,70,70,2062,2800,0.479378,25,11.1556,0,0,4424,175046042816
41.0948,24.334,8.56793,15.2282,76,70,70,2062,2800,0.479378,25,11.1556,0,0,4424,175070380289
35.4386,28.2179,10.9223,14.5695,75,69,74,2509,2800,0.479134,39,11.1586,0,0,4643,175098598147
42.113,23.7456,10.9223,14.5695,75,69,74,2509,2800,0.479134,39,11.1586,0,0,4643,175122346189
35.4476,28.2106,10.9223,14.5695,75,69,74,2509,2800,0.479134,39,11.1586,0,0,4643,175150559027
44.4505,22.4969,10.9223,14.5695,75,69,74,2509,2800,0.479134,39,11.1586,0,0,4643,175173056685
37.0508,26.9899,10.9223,14.5695,75,69,74,2509,2800,0.479134,39,11.1586,0,0,4643,175200049225
39.3134,25.4366,10.9223,14.5695,75,69,74,2509,2800,0.479134,39,11.1586,0,0,4643,175225487192
37.2915,26.8157,10.9223,14.5695,75,69,74,2509,2800,0.479134,39,11.1586,0,0,4643,175252303303
42.4484,23.558,10.9223,14.5695,75,69,74,2509,2800,0.479134,39,11.1586,0,0,4643,175275864256
37.4192,26.7242,10.9223,14.5695,75,69,74,2509,2800,0.479134,39,11.1586,0,0,4643,175302590859
38.0175,26.3037,10.9223,14.5695,75,69,74,2509,2800,0.479134,39,11.1586,0,0,4643,175328894713
40.7138,24.5617,10.9223,14.5695,75,69,74,2509,2800,0.479134,39,11.1586,0,0,4643,175353456936
34.701,28.8176,10.9223,14.5695,75,69,74,2509,2800,0.479134,39,11.1586,0,0,4643,175382278160
44.367,22.5393,10.9223,14.5695,75,69,74,2509,2800,0.479134,39,11.1586,0,0,4643,175404820180
31.3568,31.891,10.9223,14.5695,75,69,74,2509,2800,0.479134,39,11.1586,0,0,4643,175436709574
45.0783,22.1836,10.9223,14.5695,75,69,74,2509,2800,0.479134,39,11.1586,0,0,4643,175458897162
39.0504,25.6079,10.9223,14.5695,75,69,74,2509,2800,0.479134,39,11.1586,0,0,4643,175484505538
40.2759,24.8287,10.9223,14.5695,75,69,74,2509,2800,0.479134,39,11.1586,0,0,4643,175509336001
40.1447,24.9099,10.9223,14.5695,75,69,74,2509,2800,0.479134,39,11.1586,0,0,4643,175534248768
35.5003,28.1688,10.9223,14.5695,75,69,74,2509,2800,0.479134,39,11.1586,0,0,4643,175562417414
41.4738,24.1116,10.9223,14.5695,75,69,74,2509,2800,0.479134,39,11.1586,0,0,4643,175586534675
34.0141,29.3996,7.06456,12.6899,75,78,73,800,2800,0.479134,25,11.1533,0,0,4648,175615931525
46.1683,21.6599,7.06456,12.6899,75,78,73,800,2800,0.479134,25,11.1533,0,0,4648,175637594153
36.7302,27.2256,7.06456,12.6899,75,78,73,800,2800,0.479134,25,11.1533,0,0,4648,175664821011
39.5806,25.2649,7.06456,12.6899,75,78,73,800,2800,0.479134,25,11.1533,0,0,4648,175690088760
37.5128,26.6576,7.06456,12.6899,75,78,73,800,2800,0.479134,25,11.1533,0,0,4648,175716748729
39.6981,25.1901,7.06456,12.6899,75,78,73,800,2800,0.479134,25,11.1533,0,0,4648,175741937872
36.4078,27.4666,7.06456,12.6899,75,78,73,800,2800,0.479134,25,11.1533,0,0,4648,175769407102
42.967,23.2737,7.06456,12.6899,75,78,73,800,2800,0.479134,25,11.1533,0,0,4648,175792683414
36.1683,27.6485,7.06456,12.6899,75,78,73,800,2800,0.479134,25,11.1533,0,0,4648,175820334072
43.1729,23.1627,7.06456,12.6899,75,78,73,800,2800,0.479134,25,11.1533,0,0,4648,175843497303
37.2118,26.8732,7.06456,12.6899,75,78,73,800,2800,0.479134,25,11.1533,0,0,4648,175870372754
38.6083,25.9012,7.06456,12.6899,75,78,73,800,2800,0.479134,25,11.1533,0,0,4648,175896274507
40.8886,24.4567,7.06456,12.6899,75,78,73,800,2800,0.479134,25,11.1533,0,0,4648,175920737194
35.8961,27.8582,7.06456,12.6899,75,78,73,800,2800,0.479134,25,11.1533,0,0,4648,175948595260
41.1893,24.2782,7.06456,12.6899,75,78,73,800,2800,0.479134,25,11.1533,0,0,4648,175972876458
33.4494,29.8959,7.06456,12.6899,75,78,73,800,2800,0.479134,25,11.1533,0,0,4648,176002772148
35.6886,28.0201,7.06456,12.6899,75,78,73,800,2800,0.479134,25,11.1533,0,0,4648,176030792888
41.2209,24.2595,7.06456,12.6899,75,78,73,800,2800,0.479134,25,11.1533,0,0,4648,176055055992
43.7756,22.8438,7.06456,12.6899,75,78,73,800,2800,0.479134,25,11.1533,0,0,4648,176077901459
39.8987,25.0635,7.06456,12.6899,75,78,73,800,2800,0.479134,25,11.1533,0,0,4648,176102968063
37.6792,26.5399,11.0437,16.6627,75,70,75,2600,2800,0.479134,28,11.1189,0,0,4633,176129509050
40.0827,24.9484,11.0437,16.6627,75,70,75,2600,2800,0.479134,28,11.1189,0,0,4633,176154456101
34.4107,29.0607,11.0437,16.6627,75,70,75,2600,2800,0.479134,28,11.1189,0,0,4633,176183518646
43.5529,22.9606,11.0437,16.6627,75,70,75,2600,2800,0.479134,28,11.1189,0,0,4633,176206481662
36.3118,27.5392,11.0437,16.6627,75,70,75,2600,2800,0.479134,28,11.1189,0,0,4633,176234021334
41.3553,24.1807,11.0437,16.6627,75,70,75,2600,2800,0.479134,28,11.1189,0,0,4633,176258202946
35.8158,27.9206,11.0437,16.6627,75,70,75,2600,2800,0.479134,28,11.1189,0,0,4633,176286125542
46.0812,21.7008,11.0437,16.6627,75,70,75,2600,2800,0.479134,28,11.1189,0,0,4633,176307832744
34.7353,28.7892,11.0437,16.6627,75,70,75,2600,2800,0.479134,28,11.1189,0,0,4633,176336621488
41.2505,24.2421,11.0437,16.6627,75,70,75,2600,2800,0.479134,28,11.1189,0,0,4633,176360863061
37.4991,26.6673,11.0437,16.6627,75,70,75,2600,2800,0.479134,28,11.1189,0,0,4633,176387531546
39.8339,25.1043,11.0437,16.6627,75,70,75,2600,2800,0.479134,28,11.1189,0,0,4633,176412637524
41.8652,23.8862,11.0437,16.6627,75,70,75,2600,2800,0.479134,28,11.1189,0,0,4633,176436524766
37.0489,26.9914,11.0437,16.6627,75,70,75,2600,2800,0.479134,28,11.1189,0,0,4633,176463520883
37.1417,26.9239,11.0437,16.6627,75,70,75,2600,2800,0.479134,28,11.1189,0,0,4633,176490443071
34.8573,28.6884,11.0437,16.6627,75,70,75,2600,2800,0.479134,28,11.1189,0,0,4633,176519132600
46.2597,21.6171,11.0437,16.6627,75,70,75,2600,2800,0.479134,28,11.1189,0,0,4633,176540751687
35.6282,28.0676,11.0437,16.6627,75,70,75,2600,2800,0.479134,28,11.1189,0,0,4633,176568821989
39.8554,25.0907,11.0437,16.6627,75,70,75,2600,2800,0.479134,28,11.1189,0,0,4633,176593913640
35.9217,27.8383,11.0437,16.6627,75,70,75,2600,2800,0.479134,28,11.1189,0,0,4633,176621764944
43.5982,22.9367,9.10194,11.2297,76,68,74,2572,2800,0.479134,33,11.1161,0,0,4328,176644695239
39.7604,25.1506,9.10194,11.2297,76,68,74,2572,2800,0.479134,33,11.1161,0,0,4328,176669846591
37.2283,26.8613,9.10194,11.2297,76,68,74,2572,2800,0.479134,33,11.1161,0,0,4328,176696709980
36.5105,27.3894,9.10194,11.2297,76,68,74,2572,2800,0.479134,33,11.1161,0,0,4328,176724099201
36.6336,27.2973,9.10194,11.2297,76,68,74,2572,2800,0.479134,33,11.1161,0,0,4328,176751398273
42.7317,23.4018,9.10194,11.2297,76,68,74,2572,2800,0.479134,33,11.1161,0,0,4328,176774803876
36.9777,27.0434,9.10194,11.2297,76,68,74,2572,2800,0.479134,33,11.1161,0,0,4328,176801847512
42.6879,23.4258,9.10194,11.2297,76,68,74,2572,2800,0.479134,33,11.1161,0,0,4328,176825277309
35.1948,28.4133,9.10194,11.2297,76,68,74,2572,2800,0.479134,33,11.1161,0,0,4328,176853690232
44.0237,22.715,9.10194,11.2297,76,68,74,2572,2800,0.479134,33,11.1161,0,0,4328,176876408230
36.2542,27.583,9.10194,11.2297,76,68,74,2572,2800,0.479134,33,11.1161,0,0,4328,176903990722
42.8668,23.3281,9.10194,11.2297,76,68,74,2572,2800,0.479134,33,11.1161,0,0,4328,176927318179
36.4899,27.4049,9.10194,11.2297,76,68,74,2572,2800,0.479134,33,11.1161,0,0,4328,176954725153
37.356,26.7695,9.10194,11.2297,76,68,74,2572,2800,0.479134,33,11.1161,0,0,4328,176981504084
41.2407,24.2479,9.10194,11.2297,76,68,74,2572,2800,0.479134,33,11.1161,0,0,4328,177005752460
36.2665,27.5736,9.10194,11.2297,76,68,74,2572,2800,0.479134,33,11.1161,0,0,4328,177033326356
42.1842,23.7056,9.10194,11.2297,76,68,74,2572,2800,0.479134,33,11.1161,0,0,4328,177057034924
34.668,28.8451,9.10194,11.2297,76,68,74,2572,2800,0.479134,33,11.1161,0,0,4328,177085880875
46.0141,21.7325,9.10194,11.2297,76,68,74,2572,2800,0.479134,33,11.1161,0,0,4328,177107615908
34.7464,28.78,9.10194,11.2297,76,68,74,2572,2800,0.479134,33,11.1161,0,0,4328,177136399623
40.4573,24.7174,9.74421,14.4181,76,71,73,2600,2800,0.479134,29,11.1163,0,0,4642,177161114109
35.467,28.1952,9.74421,14.4181,76,71,73,2600,2800,0.479134,29,11.1163,0,0,4642,177189313393
45.5906,21.9343,9.74421,14.4181,76,71,73,2600,2800,0.479134,29,11.1163,0,0,4642,177211250724
36.3938,27.4772,9.74421,14.4181,76,71,73,2600,2800,0.479134,29,11.1163,0,0,4642,177238728139
41.0502,24.3604,9.74421,14.4181,76,71,73,2600,2800,0.479134,29,11.1163,0,0,4642,177263089647
36.6969,27.2503,9.74421,14.4181,76,71,73,2600,2800,0.479134,29,11.1163,0,0,4642,177290344717
43.0941,23.205,9.74421,14.4181,76,71,73,2600,2800,0.479134,29,11.1163,0,0,4642,177313550316
38.0397,26.2884,9.74421,14.4181,76,71,73,2600,2800,0.479134,29,11.1163,0,0,4642,177339841457
35.0534,28.5279,9.74421,14.4181,76,71,73,2600,2800,0.479134,29,11.1163,0,0,4642,177368370336
42.5299,23.5129,9.74421,14.4181,76,71,73,2600,2800,0.479134,29,11.1163,0,0,4642,177391885853
35.4506,28.2083,9.74421,14.4181,76,71,73,2600,2800,0.479134,29,11.1163,0,0,4642,177420095306
45.5899,21.9347,9.74421,14.4181,76,71,73,2600,2800,0.479134,29,11.1163,0,0,4642,177442030824
33.6279,29.7372,9.74421,14.4181,76,71,73,2600,2800,0.479134,29,11.1163,0,0,4642,177471767828
44.9555,22.2442,9.74421,14.4181,76,71,73,2600,2800,0.479134,29,11.1163,0,0,4642,177494017052
34.1442,29.2876,9.74421,14.4181,76,71,73,2600,2800,0.479134,29,11.1163,0,0,4642,177523306300
46.3403,21.5795,9.74421,14.4181,76,71,73,2600,2800,0.479134,29,11.1163,0,0,4642,177544888348
37.4341,26.7136,9.74421,14.4181,76,71,73,2600,2800,0.479134,29,11.1163,0,0,4642,177571601135
39.7858,25.1346,9.74421,14.4181,76,71,73,2600,2800,0.479134,29,11.1163,0,0,4642,177596739634
37.0824,26.967,9.74421,14.4181,76,71,73,2600,2800,0.479134,29,11.1163,0,0,4642,177623707969
36.2679,27.5726,9.74421,14.4181,76,71,73,2600,2800,0.479134,29,11.1163,0,0,4642,177651287896
42.5325,23.5114,7.34394,15.4625,76,79,75,2564,2800,0.479134,33,11.108,0,0,4644,177674799226
35.172,28.4317,7.34394,15.4625,76,79,75,2564,2800,0.479134,33,11.108,0,0,4644,177703228348
45.4381,22.008,7.34394,15.4625,76,79,75,2564,2800,0.479134,33,11.108,0,0,4644,177725236361
33.6918,29.6808,7.34394,15.4625,76,79,75,2564,2800,0.479134,33,11.108,0,0,4644,177754920677
43.7887,22.8369,7.34394,15.4625,76,79,75,2564,2800,0.479134,33,11.108,0,0,4644,177777756336
36.6478,27.2868,7.34394,15.4625,76,79,75,2564,2800,0.479134,33,11.108,0,0,4644,177805048666
41.33,24.1955,7.34394,15.4625,76,79,75,2564,2800,0.479134,33,11.108,0,0,4644,177829244454
35.9279,27.8335,7.34394,15.4625,76,79,75,2564,2800,0.479134,33,11.108,0,0,4644,177857076561
41.1179,24.3203,7.34394,15.4625,76,79,75,2564,2800,0.479134,33,11.108,0,0,4644,177881401060
38.8808,25.7197,7.34394,15.4625,76,79,75,2564,2800,0.479134,33,11.108,0,0,4644,177907122617
39.9063,25.0587,7.34394,15.4625,76,79,75,2564,2800,0.479134,33,11.108,0,0,4644,177932185233
38.9633,25.6652,7.34394,15.4625,76,79,75,2564,2800,0.479134,33,11.108,0,0,4644,177957852840
34.1084,29.3183,7.34394,15.4625,76,79,75,2564,2800,0.479134,33,11.108,0,0,4644,177987170842
44.9877,22.2283,7.34394,15.4625,76,79,75,2564,2800,0.479134,33,11.108,0,0,4644,178009400910
34.8302,28.7107,7.34394,15.4625,76,79,75,2564,2800,0.479134,33,11.108,0,0,4644,178038112720
43.5838,22.9443,7.34394,15.4625,76,79,75,2564,2800,0.479134,33,11.108,0,0,4644,178061056891
34.5038,28.9823,7.34394,15.4625,76,79,75,2564,2800,0.479134,33,11.108,0,0,4644,178090042042
44.3184,22.564,7.34394,15.4625,76,79,75,2564,2800,0.479134,33,11.108,0,0,4644,178112605502
37.4441,26.7065,7.34394,15.4625,76,79,75,2564,2800,0.479134,33,11.108,0,0,4644,178139317839
41.2518,24.2414,7.34394,15.4625,76,79,75,2564,2800,0.479134,33,11.108,0,0,4644,178163562718
38.0332,26.2928,7.36196,11.6594,76,69,73,2600,2800,0.479134,27,11.1078,0,0,4654,178189851915
36.4715,27.4187,7.36196,11.6594,76,69,73,2600,2800,0.479134,27,11.1078,0,0,4654,178217271703
40.4867,24.6995,7.36196,11.6594,76,69,73,2600,2800,0.479134,27,11.1078,0,0,4654,178241972083
36.9373,27.0729,7.36196,11.6594,76,69,73,2600,2800,0.479134,27,11.1078,0,0,4654,178269045625
40.4066,24.7484,7.36196,11.6594,76,69,73,2600,2800,0.479134,27,11.1078,0,0,4654,178293796629
36.1778,27.6413,7.36196,11.6594,76,69,73,2600,2800,0.479134,27,11.1078,0,0,4654,178321438402
44.779,22.3319,7.36196,11.6594,76,69,73,2600,2800,0.479134,27,11.1078,0,0,4654,178343773626
35.79,27.9407,7.36196,11.6594,76,69,73,2600,2800,0.479134,27,11.1078,0,0,4654,178371714036
43.3843,23.0498,7.36196,11.6594,76,69,73,2600,2800,0.479134,27,11.1078,0,0,4654,178394767521
33.7982,29.5874,7.36196,11.6594,76,69,73,2600,2800,0.479134,27,11.1078,0,0,4654,178424354165
45.3998,22.0265,7.36196,11.6594,76,69,73,2600,2800,0.479134,27,11.1078,0,0,4654,178446388517
36.1178,27.6872,7.36196,11.6594,76,69,73,2600,2800,0.479134,27,11.1078,0,0,4654,178474073400
37.6857,26.5352,7.36196,11.6594,76,69,73,2600,2800,0.479134,27,11.1078,0,0,4654,178500609638
41.1622,24.2941,7.36196,11.6594,76,69,73,2600,2800,0.479134,27,11.1078,0,0,4654,178524904010
33.4796,29.8689,7.36196,11.6594,76,69,73,2600,2800,0.479134,27,11.1078,0,0,4654,178554775947
44.7486,22.347,7.36196,11.6594,76,69,73,2600,2800,0.479134,27,11.1078,0,0,4654,178577123935
36.7975,27.1758,7.36196,11.6594,76,69,73,2600,2800,0.479134,27,11.1078,0,0,4654,178604303845
41.1679,24.2908,7.36196,11.6594,76,69,73,2600,2800,0.479134,27,11.1078,0,0,4654,178628594420
34.8734,28.6752,7.36196,11.6594,76,69,73,2600,2800,0.479134,27,11.1078,0,0,4654,178657272427
44.5727,22.4353,7.36196,11.6594,76,69,73,2600,2800,0.479134,27,11.1078,0,0,4654,178679712637
40.77,24.5278,9.89011,15.5375,76,69,76,2440,2800,0.479134,34,11.1003,0,0,4378,178704236698
36.8676,27.1241,9.89011,15.5375,76,69,76,2440,2800,0.479134,34,11.1003,0,0,4378,178731363499
36.7739,27.1932,9.89011,15.5375,76,69,76,2440,2800,0.479134,34,11.1003,0,0,4378,178758558417
35.8536,27.8912,9.89011,15.5375,76,69,76,2440,2800,0.479134,34,11.1003,0,0,4378,178786449815
47.1255,21.22,9.89011,15.5375,76,69,76,2440,2800,0.479134,34,11.1003,0,0,4378,178807677802
36.1236,27.6827,9.89011,15.5375,76,69,76,2440,2800,0.479134,34,11.1003,0,0,4378,178835357585
43.9701,22.7427,9.89011,15.5375,76,69,76,2440,2800,0.479134,34,11.1003,0,0,4378,178858104548
32.5602,30.7123,9.89011,15.5375,76,69,76,2440,2800,0.479134,34,11.1003,0,0,4378,178888816262
48.0946,20.7924,9.89011,15.5375,76,69,76,2440,2800,0.479134,34,11.1003,0,0,4378,178909612553
37.6466,26.5628,9.89011,15.5375,76,69,76,2440,2800,0.479134,34,11.1003,0,0,4378,178936177044
33.3497,29.9853,9.89011,15.5375,76,69,76,2440,2800,0.479134,34,11.1003,0,0,4378,178966165628
38.803,25.7712,9.89011,15.5375,76,69,76,2440,2800,0.479134,34,11.1003,0,0,4378,178991938100
34.5552,28.9392,9.89011,15.5375,76,69,76,2440,2800,0.479134,34,11.1003,0,0,4378,179020878628
44.9029,22.2703,9.89011,15.5375,76,69,76,2440,2800,0.479134,34,11.1003,0,0,4378,179043148780
37.1824,26.8945,9.89011,15.5375,76,69,76,2440,2800,0.479134,34,11.1003,0,0,4378,179070046473
40.8807,24.4614,9.89011,15.5375,76,69,76,2440,2800,0.479134,34,11.1003,0,0,4378,179094506174
34.6548,28.856,9.89011,15.5375,76,69,76,2440,2800,0.479134,34,11.1003,0,0,4378,179123365059
43.751,22.8566,9.89011,15.5375,76,69,76,2440,2800,0.479134,34,11.1003,0,0,4378,179146225784
37.9939,26.32,9.89011,15.5375,76,69,76,2440,2800,0.479134,34,11.1003,0,0,4378,179172547902
41.7011,23.9802,9.89011,15.5375,76,69,76,2440,2800,0.479134,34,11.1003,0,0,4378,179196530933
36.2015,27.6231,8.39416,8.5596,77,68,72,2586,2800,0.479134,25,11.0962,0,0,4618,179224154662
38.2989,26.1104,8.39416,8.5596,77,68,72,2586,2800,0.479134,25,11.0962,0,0,4618,179250267750
39.9533,25.0292,8.39416,8.5596,77,68,72,2586,2800,0.479134,25,11.0962,0,0,4618,179275297655
36.0771,27.7184,8.39416,8.5596,77,68,72,2586,2800,0.479134,25,11.0962,0,0,4618,179303019688
42.8334,23.3463,8.39416,8.5596,77,68,72,2586,2800,0.479134,25,11.0962,0,0,4618,179326368865
34.8894,28.662,8.39416,8.5596,77,68,72,2586,2800,0.479134,25,11.0962,0,0,4618,179355030802
45.3894,22.0316,8.39416,8.5596,77,68,72,2586,2800,0.479134,25,11.0962,0,0,4618,179377065054
33.8985,29.4999,8.39416,8.5596,77,68,72,2586,2800,0.479134,25,11.0962,0,0,4618,179406564195
44.5307,22.4564,8.39416,8.5596,77,68,72,2586,2800,0.479134,25,11.0962,0,0,4618,179429023911
35.2655,28.3563,8.39416,8.5596,77,68,72,2586,2800,0.479134,25,11.0962,0,0,4618,179457384906
44.437,22.5038,8.39416,8.5596,77,68,72,2586,2800,0.479134,25,11.0962,0,0,4618,179479888304
36.8311,27.151,8.39416,8.5596,77,68,72,2586,2800,0.479134,25,11.0962,0,0,4618,179507038699
40.262,24.8373,8.39416,8.5596,77,68,72,2586,2800,0.479134,25,11.0962,0,0,4618,179531880814
37.8084,26.4491,8.39416,8.5596,77,68,72,2586,2800,0.479134,25,11.0962,0,0,4618,179558330140
35.7441,27.9766,8.39416,8.5596,77,68,72,2586,2800,0.479134,25,11.0962,0,0,4618,179586308551
43.0133,23.2486,8.39416,8.5596,77,68,72,2586,2800,0.479134,25,11.0962,0,0,4618,179609562621
36.8466,27.1395,8.39416,8.5596,77,68,72,2586,2800,0.479134,25,11.0962,0,0,4618,179636701484
40.4137,24.7441,8.39416,8.5596,77,68,72,2586,2800,0.479134,25,11.0962,0,0,4618,179661448611
34.3317,29.1276,8.39416,8.5596,77,68,72,2586,2800,0.479134,25,11.0962,0,0,4618,179690576939
47.9196,20.8683,8.39416,8.5596,77,68,72,2586,2800,0.479134,25,11.0962,0,0,4618,179711451216
31.2331,32.0173,6.60955,17.0194,77,79,75,2459,2800,0.479134,30,11.0949,0,0,4646,179743469600
44.7193,22.3617,6.60955,17.0194,77,79,75,2459,2800,0.479134,30,11.0949,0,0,4646,179765831804
39.6468,25.2227,6.60955,17.0194,77,79,75,2459,2800,0.479134,30,11.0949,0,0,4646,179791057125
39.8971,25.0645,6.60955,17.0194,77,79,75,2459,2800,0.479134,30,11.0949,0,0,4646,179816122567
41.6918,23.9855,6.60955,17.0194,77,79,75,2459,2800,0.479134,30,11.0949,0,0,4646,179840110086
34.0655,29.3552,6.60955,17.0194,77,79,75,2459,2800,0.479134,30,11.0949,0,0,4646,179869465458
42.9669,23.2738,6.60955,17.0194,77,79,75,2459,2800,0.479134,30,11.0949,0,0,4646,179892742050
33.6568,29.7116,6.60955,17.0194,77,79,75,2459,2800,0.479134,30,11.0949,0,0,4646,179922454769
47.767,20.9349,6.60955,17.0194,77,79,75,2459,2800,0.479134,30,11.0949,0,0,4646,179943389568
34.7275,28.7956,6.60955,17.0194,77,79,75,2459,2800,0.479134,30,11.0949,0,0,4646,179972188471
42.2762,23.654,6.60955,17.0194,77,79,75,2459,2800,0.479134,30,11.0949,0,0,4646,179995845463
35.1553,28.4452,6.60955,17.0194,77,79,75,2459,2800,0.479134,30,11.0949,0,0,4646,180024293310
40.7697,24.528,6.60955,17.0194,77,79,75,2459,2800,0.479134,30,11.0949,0,0,4646,180048823352
37.1238,26.9369,6.60955,17.0194,77,79,75,2459,2800,0.479134,30,11.0949,0,0,4646,180075760840
43.1627,23.1682,6.60955,17.0194,77,79,75,2459,2800,0.479134,30,11.0949,0,0,4646,180098932796
38.6491,25.8738,6.60955,17.0194,77,79,75,2459,2800,0.479134,30,11.0949,0,0,4646,180124807008
35.7698,27.9565,6.60955,17.0194,77,79,75,2459,2800,0.479134,30,11.0949,0,0,4646,180152762296
43.9862,22.7344,6.60955,17.0194,77,79,75,2459,2800,0.479134,30,11.0949,0,0,4646,180175502426
34.9665,28.5988,6.60955,17.0194,77,79,75,2459,2800,0.479134,30,11.0949,0,0,4646,180204102898
39.7549,25.1541,6.60955,17.0194,77,79,75,2459,2800,0.479134,30,11.0949,0,0,4646,180229263197
38.7665,25.7954,7.42092,9.2353,76,68,73,2596,2800,0.479134,20,11.1097,0,0,4662,180255055547
43.0896,23.2075,7.42092,9.2353,76,68,73,2596,2800,0.479134,20,11.1097,0,0,4662,180278265033
36.7909,27.1806,7.42092,9.2353,76,68,73,2596,2800,0.479134,20,11.1097,0,0,4662,180305445504
40.3784,24.7657,7.42092,9.2353,76,68,73,2596,2800,0.479134,20,11.1097,0,0,4662,180330213751
36.1693,27.6478,7.42092,9.2353,76,68,73,2596,2800,0.479134,20,11.1097,0,0,4662,180357862907
40.3471,24.7849,7.42092,9.2353,76,68,73,2596,2800,0.479134,20,11.1097,0,0,4662,180382648396
39.62,25.2398,7.42092,9.2353,76,68,73,2596,2800,0.479134,20,11.1097,0,0,4662,180407900266
36.5182,27.3836,7.42092,9.2353,76,68,73,2596,2800,0.479134,20,11.1097,0,0,4662,180435285419
44.8383,22.3024,7.42092,9.2353,76,68,73,2596,2800,0.479134,20,11.1097,0,0,4662,180457590667
32.9668,30.3336,7.42092,9.2353,76,68,73,2596,2800,0.479134,20,11.1097,0,0,4662,180487927031
49.7807,20.0881,7.42092,9.2353,76,68,73,2596,2800,0.479134,20,11.1097,0,0,4662,180508017243
35.2899,28.3367,7.42092,9.2353,76,68,73,2596,2800,0.479134,20,11.1097,0,0,4662,180536353542
40.4108,24.7458,7.42092,9.2353,76,68,73,2596,2800,0.479134,20,11.1097,0,0,4662,180561105018
34.4973,28.9878,7.42092,9.2353,76,68,73,2596,2800,0.479134,20,11.1097,0,0,4662,180590095088
40.7342,24.5494,7.42092,9.2353,76,68,73,2596,2800,0.479134,20,11.1097,0,0,4662,180614646610
41.1246,24.3164,7.42092,9.2353,76,68,73,2596,2800,0.479134,20,11.1097,0,0,4662,180638967973
36.668,27.2717,7.42092,9.2353,76,68,73,2596,2800,0.479134,20,11.1097,0,0,4662,180666240195
42.6323,23.4564,7.42092,9.2353,76,68,73,2596,2800,0.479134,20,11.1097,0,0,4662,180689698897
38.7947,25.7767,7.42092,9.2353,76,68,73,2596,2800,0.479134,20,11.1097,0,0,4662,180715473222
35.2961,28.3317,7.42092,9.2353,76,68,73,2596,2800,0.479134,20,11.1097,0,0,4662,180743813649
43.0721,23.2169,10.2941,16.9538,77,70,75,2600,2800,0.479134,31,11.121,0,0,4569,180767026442
34.1816,29.2555,10.2941,16.9538,77,70,75,2600,2800,0.479134,31,11.121,0,0,4569,180796284462
43.723,22.8713,10.2941,16.9538,77,70,75,2600,2800,0.479134,31,11.121,0,0,4569,180819154865
35.6983,28.0126,10.2941,16.9538,77,70,75,2600,2800,0.479134,31,11.121,0,0,4569,180847173692
43.0654,23.2205,10.2941,16.9538,77,70,75,2600,2800,0.479134,31,11.121,0,0,4569,180870390131
34.9282,28.6302,10.2941,16.9538,77,70,75,2600,2800,0.479134,31,11.121,0,0,4569,180899022373
42.4798,23.5406,10.2941,16.9538,77,70,75,2600,2800,0.479134,31,11.121,0,0,4569,180922563509
34.5885,28.9114,10.2941,16.9538,77,70,75,2600,2800,0.479134,31,11.121,0,0,4569,180951476615
43.1381,23.1814,10.2941,16.9538,77,70,75,2600,2800,0.479134,31,11.121,0,0,4569,180974658800
37.9948,26.3194,10.2941,16.9538,77,70,75,2600,2800,0.479134,31,11.121,0,0,4569,181000978735
36.7408,27.2177,10.2941,16.9538,77,70,75,2600,2800,0.479134,31,11.121,0,0,4569,181028197657
37.9636,26.341,10.2941,16.9538,77,70,75,2600,2800,0.479134,31,11.121,0,0,4569,181054541336
43.0953,23.2044,10.2941,16.9538,77,70,75,2600,2800,0.479134,31,11.121,0,0,4569,181077749720
38.2059,26.174,10.2941,16.9538,77,70,75,2600,2800,0.479134,31,11.121,0,0,4569,181103933851
35.5451,28.1333,10.2941,16.9538,77,70,75,2600,2800,0.479134,31,11.121,0,0,4569,181132059537
34.1281,29.3014,10.2941,16.9538,77,70,75,2600,2800,0.479134,31,11.121,0,0,4569,181161363152
36.2237,27.6062,10.2941,16.9538,77,70,75,2600,2800,0.479134,31,11.121,0,0,4569,181188970019
32.3743,30.8887,10.2941,16.9538,77,70,75,2600,2800,0.479134,31,11.121,0,0,4569,181219859917
33.4682,29.8791,10.2941,16.9538,77,70,75,2600,2800,0.479134,31,11.121,0,0,4569,181249755778
34.4115,29.06,8.30235,10.2003,77,68,74,2599,2800,0.479134,41,11.1043,0,0,4620,181278803225
30.5774,32.7039,8.30235,10.2003,77,68,74,2599,2800,0.479134,41,11.1043,0,0,4620,181311508011
31.391,31.8563,8.30235,10.2003,77,68,74,2599,2800,0.479134,41,11.1043,0,0,4620,181343365986
30.2615,33.0453,8.30235,10.2003,77,68,74,2599,2800,0.479134,41,11.1043,0,0,4620,181376412920
30.3921,32.9033,8.30235,10.2003,77,68,74,2599,2800,0.479134,41,11.1043,0,0,4620,181409318020
30.8836,32.3796,8.30235,10.2003,77,68,74,2599,2800,0.479134,41,11.1043,0,0,4620,181441697479
29.7655,33.596,8.30235,10.2003,77,68,74,2599,2800,0.479134,41,11.1043,0,0,4620,181475296344
30.396,32.8991,8.30235,10.2003,77,68,74,2599,2800,0.479134,41,11.1043,0,0,4620,181508195082
30.1581,33.1586,8.30235,10.2003,77,68,74,2599,2800,0.479134,41,11.1043,0,0,4620,181541356341
30.6528,32.6234,8.30235,10.2003,77,68,74,2599,2800,0.479134,41,11.1043,0,0,4620,181573981778
29.7072,33.6619,8.30235,10.2003,77,68,74,2599,2800,0.479134,41,11.1043,0,0,4620,181607643221
30.4338,32.8582,8.30235,10.2003,77,68,74,2599,2800,0.479134,41,11.1043,0,0,4620,181640502395
30.4841,32.804,8.30235,10.2003,77,68,74,2599,2800,0.479134,41,11.1043,0,0,4620,181673308790
29.8855,33.4611,8.30235,10.2003,77,68,74,2599,2800,0.479134,41,11.1043,0,0,4620,181706771181
30.5802,32.7008,8.30235,10.2003,77,68,74,2599,2800,0.479134,41,11.1043,0,0,4620,181739471599
30.9091,32.3529,8.30235,10.2003,77,68,74,2599,2800,0.479134,41,11.1043,0,0,4620,181771830138
29.2588,34.1778,7.23764,13.7355,76,77,74,800,2800,0.479134,26,11.1033,0,0,4623,181806005240
30.7192,32.5529,7.23764,13.7355,76,77,74,800,2800,0.479134,26,11.1033,0,0,4623,181838559675
28.928,34.5686,7.23764,13.7355,76,77,74,800,2800,0.479134,26,11.1033,0,0,4623,181873129253
29.3512,34.0702,7.23764,13.7355,76,77,74,800,2800,0.479134,26,11.1033,0,0,4623,181907199188
30.3241,32.9771,7.23764,13.7355,76,77,74,800,2800,0.479134,26,11.1033,0,0,4623,181940179127
30.4157,32.8777,7.23764,13.7355,76,77,74,800,2800,0.479134,26,11.1033,0,0,4623,181973060052
29.8264,33.5273,7.23764,13.7355,76,77,74,800,2800,0.479134,26,11.1033,0,0,4623,182006589027
30.3179,32.9838,7.23764,13.7355,76,77,74,800,2800,0.479134,26,11.1033,0,0,4623,182039574247
29.8816,33.4654,7.23764,13.7355,76,77,74,800,2800,0.479134,26,11.1033,0,0,4623,182073040134
29.6903,33.681,7.23764,13.7355,76,77,74,800,2800,0.479134,26,11.1033,0,0,4623,182106724689
29.7914,33.5667,7.23764,13.7355,76,77,74,800,2800,0.479134,26,11.1033,0,0,4623,182140289851
29.5741,33.8133,7.23764,13.7355,76,77,74,800,2800,0.479134,26,11.1033,0,0,4623,182174105231
30.4063,32.8879,7.23764,13.7355,76,77,74,800,2800,0.479134,26,11.1033,0,0,4623,182206993880
28.8541,34.6571,7.23764,13.7355,76,77,74,800,2800,0.479134,26,11.1033,0,0,4623,182241653386
30.3853,32.9106,7.23764,13.7355,76,77,74,800,2800,0.479134,26,11.1033,0,0,4623,182274567864
30.6662,32.6092,6.8836,14.2563,78,70,78,2594,2800,0.479134,34,11.1063,0,0,4625,182307175188
30.049,33.279,6.8836,14.2563,78,70,78,2594,2800,0.479134,34,11.1063,0,0,4625,182340454737
29.6564,33.7195,6.8836,14.2563,78,70,78,2594,2800,0.479134,34,11.1063,0,0,4625,182374175991
28.886,34.6188,6.8836,14.2563,78,70,78,2594,2800,0.479134,34,11.1063,0,0,4625,182408794630
29.5872,33.7984,6.8836,14.2563,78,70,78,2594,2800,0.479134,34,11.1063,0,0,4625,182442594010
29.0622,34.409,6.8836,14.2563,78,70,78,2594,2800,0.479134,34,11.1063,0,0,4625,182477005823
27.5552,36.2908,6.8836,14.2563,78,70,78,2594,2800,0.479134,34,11.1063,0,0,4625,182513296795
30.2914,33.0126,6.8836,14.2563,78,70,78,2594,2800,0.479134,34,11.1063,0,0,4625,182546310678
31.295,31.954,6.8836,14.2563,78,70,78,2594,2800,0.479134,34,11.1063,0,0,4625,182578264993
28.1388,35.5381,6.8836,14.2563,78,70,78,2594,2800,0.479134,34,11.1063,0,0,4625,182613804001
24.8589,40.227,6.8836,14.2563,78,70,78,2594,2800,0.479134,34,11.1063,0,0,4625,182654032365
30.2522,33.0555,6.8836,14.2563,78,70,78,2594,2800,0.479134,34,11.1063,0,0,4625,182687087825
29.0495,34.424,6.8836,14.2563,78,70,78,2594,2800,0.479134,34,11.1063,0,0,4625,182721516310
30.7561,32.5138,6.8836,14.2563,78,70,78,2594,2800,0.479134,34,11.1063,0,0,4625,182754031923
30.0992,33.2235,6.8836,14.2563,78,70,78,2594,2800,0.479134,34,11.1063,0,0,4625,182787261238
29.87,33.4785,12.561,13.1459,79,70,78,2577,2800,0.479134,35,11.1202,0,0,4275,182820735040
30.575,32.7065,12.561,13.1459,79,70,78,2577,2800,0.479134,35,11.1202,0,0,4275,182853442901
31.3559,31.8919,12.561,13.1459,79,70,78,2577,2800,0.479134,35,11.1202,0,0,4275,182885336473
31.1031,32.1512,12.561,13.1459,79,70,78,2577,2800,0.479134,35,11.1202,0,0,4275,182917488807
31.177,32.0749,12.561,13.1459,79,70,78,2577,2800,0.479134,35,11.1202,0,0,4275,182949567915
28.6711,34.8783,12.561,13.1459,79,70,78,2577,2800,0.479134,35,11.1202,0,0,4275,182984444686
34.0989,29.3265,12.561,13.1459,79,70,78,2577,2800,0.479134,35,11.1202,0,0,4275,183013773929
30.5945,32.6856,12.561,13.1459,79,70,78,2577,2800,0.479134,35,11.1202,0,0,4275,183046461593
30.8677,32.3963,12.561,13.1459,79,70,78,2577,2800,0.479134,35,11.1202,0,0,4275,183078856851
30.7758,32.493,12.561,13.1459,79,70,78,2577,2800,0.479134,35,11.1202,0,0,4275,183111351615
28.2817,35.3585,12.561,13.1459,79,70,78,2577,2800,0.479134,35,11.1202,0,0,4275,183146710948
32.5039,30.7655,12.561,13.1459,79,70,78,2577,2800,0.479134,35,11.1202,0,0,4275,183177477415
30.7099,32.5628,12.561,13.1459,79,70,78,2577,2800,0.479134,35,11.1202,0,0,4275,183210041979
30.1677,33.148,12.561,13.1459,79,70,78,2577,2800,0.479134,35,11.1202,0,0,4275,183243191335
30.4749,32.8139,12.561,13.1459,79,70,78,2577,2800,0.479134,35,11.1202,0,0,4275,183276005916
30.135,33.184,12.561,13.1459,79,70,78,2577,2800,0.479134,35,11.1202,0,0,4275,183309196950
29.989,33.3456,8.62276,12.3085,80,70,76,2600,2800,0.479134,42,11.1198,0,0,4614,183342537913
29.9875,33.3472,8.62276,12.3085,80,70,76,2600,2800,0.479134,42,11.1198,0,0,4614,183375887143
30.8288,32.4372,8.62276,12.3085,80,70,76,2600,2800,0.479134,42,11.1198,0,0,4614,183408325170
30.0802,33.2445,8.62276,12.3085,80,70,76,2600,2800,0.479134,42,11.1198,0,0,4614,183441570606
30.5466,32.7369,8.62276,12.3085,80,70,76,2600,2800,0.479134,42,11.1198,0,0,4614,183474310127
31.8351,31.4118,8.62276,12.3085,80,70,76,2600,2800,0.479134,42,11.1198,0,0,4614,183505721488
31.3052,31.9435,8.62276,12.3085,80,70,76,2600,2800,0.479134,42,11.1198,0,0,4614,183537667356
31.876,31.3716,8.62276,12.3085,80,70,76,2600,2800,0.479134,42,11.1198,0,0,4614,183569038843
32.3504,30.9115,8.62276,12.3085,80,70,76,2600,2800,0.479134,42,11.1198,0,0,4614,183599955751
30.2804,33.0247,8.62276,12.3085,80,70,76,2600,2800,0.479134,42,11.1198,0,0,4614,183632979232
32.7023,30.5789,8.62276,12.3085,80,70,76,2600,2800,0.479134,42,11.1198,0,0,4614,183663560102
30.9411,32.3195,8.62276,12.3085,80,70,76,2600,2800,0.479134,42,11.1198,0,0,4614,183695879809
32.1639,31.0908,8.62276,12.3085,80,70,76,2600,2800,0.479134,42,11.1198,0,0,4614,183726972124
31.8705,31.377,8.62276,12.3085,80,70,76,2600,2800,0.479134,42,11.1198,0,0,4614,183758350954
28.5286,35.0525,8.62276,12.3085,80,70,76,2600,2800,0.479134,42,11.1198,0,0,4614,183793405447
29.2865,34.1455,8.62276,12.3085,80,70,76,2600,2800,0.479134,42,11.1198,0,0,4614,183827555682
31.8874,31.3604,8.21256,15.7053,82,79,77,2328,2800,0.479134,29,11.1087,0,0,4624,183858911559
30.1287,33.1909,8.21256,15.7053,82,79,77,2328,2800,0.479134,29,11.1087,0,0,4624,183892106461
30.526,32.759,8.21256,15.7053,82,79,77,2328,2800,0.479134,29,11.1087,0,0,4624,183924864997
30.1681,33.1476,8.21256,15.7053,82,79,77,2328,2800,0.479134,29,11.1087,0,0,4624,183958013101
30.2432,33.0653,8.21256,15.7053,82,79,77,2328,2800,0.479134,29,11.1087,0,0,4624,183991080253
31.3963,31.8509,8.21256,15.7053,82,79,77,2328,2800,0.479134,29,11.1087,0,0,4624,184022931225
30.1683,33.1474,8.21256,15.7053,82,79,77,2328,2800,0.479134,29,11.1087,0,0,4624,184056080320
30.5423,32.7415,8.21256,15.7053,82,79,77,2328,2800,0.479134,29,11.1087,0,0,4624,184088823548
32.5477,30.7242,8.21256,15.7053,82,79,77,2328,2800,0.479134,29,11.1087,0,0,4624,184119548317
30.7414,32.5294,8.21256,15.7053,82,79,77,2328,2800,0.479134,29,11.1087,0,0,4624,184152080210
29.5702,33.8178,8.21256,15.7053,82,79,77,2328,2800,0.479134,29,11.1087,0,0,4624,184185900048
31.4116,31.8354,8.21256,15.7053,82,79,77,2328,2800,0.479134,29,11.1087,0,0,4624,184217740731
29.297,34.1332,8.21256,15.7053,82,79,77,2328,2800,0.479134,29,11.1087,0,0,4624,184251874615
30.836,32.4296,8.21256,15.7053,82,79,77,2328,2800,0.479134,29,11.1087,0,0,4624,184284306361
31.1307,32.1227,8.21256,15.7053,82,79,77,2328,2800,0.479134,29,11.1087,0,0,4624,184316427577
30.9032,32.3591,8.21256,15.7053,82,79,77,2328,2800,0.479134,29,11.1087,0,0,4624,184348791457
33.6325,29.7332,8.55422,12.0136,82,70,77,2600,2800,0.479134,32,11.1188,0,0,4620,184378522771
31.4924,31.7537,8.55422,12.0136,82,70,77,2600,2800,0.479134,32,11.1188,0,0,4620,184410278224
30.4518,32.8388,8.55422,12.0136,82,70,77,2600,2800,0.479134,32,11.1188,0,0,4620,184443117611
29.2596,34.1768,8.55422,12.0136,82,70,77,2600,2800,0.479134,32,11.1188,0,0,4620,184477297031
30.0951,33.228,8.55422,12.0136,82,70,77,2600,2800,0.479134,32,11.1188,0,0,4620,184510529953
33.3282,30.0046,8.55422,12.0136,82,70,77,2600,2800,0.479134,32,11.1188,0,0,4620,184540532082
30.348,32.9511,8.55422,12.0136,82,70,77,2600,2800,0.479134,32,11.1188,0,0,4620,184573483890
31.4289,31.8179,8.55422,12.0136,82,70,77,2600,2800,0.479134,32,11.1188,0,0,4620,184605305727
31.4786,31.7676,8.55422,12.0136,82,70,77,2600,2800,0.479134,32,11.1188,0,0,4620,184637072962
34.0232,29.3918,8.55422,12.0136,82,70,77,2600,2800,0.479134,32,11.1188,0,0,4620,184666466706
32.4651,30.8023,8.55422,12.0136,82,70,77,2600,2800,0.479134,32,11.1188,0,0,4620,184697268749
30.9557,32.3042,8.55422,12.0136,82,70,77,2600,2800,0.479134,32,11.1188,0,0,4620,184729574290
31.1056,32.1485,8.55422,12.0136,82,70,77,2600,2800,0.479134,32,11.1188,0,0,4620,184761726574
30.7939,32.474,8.55422,12.0136,82,70,77,2600,2800,0.479134,32,11.1188,0,0,4620,184794200699
31.9417,31.307,8.55422,12.0136,82,70,77,2600,2800,0.479134,32,11.1188,0,0,4620,184825507805
32.666,30.6129,8.55422,12.0136,82,70,77,2600,2800,0.479134,32,11.1188,0,0,4620,184856123230
34.889,28.6623,12.6238,12.2275,83,70,78,2555,2800,0.479134,33,11.1269,0,0,4612,184884785207
34.7787,28.7532,12.6238,12.2275,83,70,78,2555,2800,0.479134,33,11.1269,0,0,4612,184913538435
32.3019,30.9579,12.6238,12.2275,83,70,78,2555,2800,0.479134,33,11.1269,0,0,4612,184944497401
32.7512,30.5332,12.6238,12.2275,83,70,78,2555,2800,0.479134,33,11.1269,0,0,4612,184975031364
33.2505,30.0747,12.6238,12.2275,83,70,78,2555,2800,0.479134,33,11.1269,0,0,4612,185005106930
34.8728,28.6757,12.6238,12.2275,83,70,78,2555,2800,0.479134,33,11.1269,0,0,4612,185033784567
33.1131,30.1996,12.6238,12.2275,83,70,78,2555,2800,0.479134,33,11.1269,0,0,4612,185063986680
34.7927,28.7416,12.6238,12.2275,83,70,78,2555,2800,0.479134,33,11.1269,0,0,4612,185092730220
32.4355,30.8304,12.6238,12.2275,83,70,78,2555,2800,0.479134,33,11.1269,0,0,4612,185123561668
34.9154,28.6407,12.6238,12.2275,83,70,78,2555,2800,0.479134,33,11.1269,0,0,4612,185152205501
36.1069,27.6955,12.6238,12.2275,83,70,78,2555,2800,0.479134,33,11.1269,0,0,4612,185179901004
32.9381,30.3599,12.6238,12.2275,83,70,78,2555,2800,0.479134,33,11.1269,0,0,4612,185210263095
32.225,31.0318,12.6238,12.2275,83,70,78,2555,2800,0.479134,33,11.1269,0,0,4612,185241296300
35.8809,27.87,12.6238,12.2275,83,70,78,2555,2800,0.479134,33,11.1269,0,0,4612,185269168773
35.3028,28.3264,12.6238,12.2275,83,70,78,2555,2800,0.479134,33,11.1269,0,0,4612,185297495374
32.918,30.3785,12.6238,12.2275,83,70,78,2555,2800,0.479134,33,11.1269,0,0,4612,185327878085
34.2555,29.1924,12.6238,12.2275,83,70,78,2555,2800,0.479134,33,11.1269,0,0,4612,185357091732
37.3006,26.8092,8.01001,13.3704,83,70,76,2600,2800,0.479134,36,11.1264,0,0,4635,185383888066
34.0511,29.3676,8.01001,13.3704,83,70,76,2600,2800,0.479134,36,11.1264,0,0,4635,185413254939
33.9664,29.4409,8.01001,13.3704,83,70,76,2600,2800,0.479134,36,11.1264,0,0,4635,185442695951
29.6296,33.75,8.01001,13.3704,83,70,76,2600,2800,0.479134,36,11.1264,0,0,4635,185476447542
33.4854,29.8638,8.01001,13.3704,83,70,76,2600,2800,0.479134,36,11.1264,0,0,4635,185506312094
34.2775,29.1737,8.01001,13.3704,83,70,76,2600,2800,0.479134,36,11.1264,0,0,4635,185535490315
35.2164,28.3959,8.01001,13.3704,83,70,76,2600,2800,0.479134,36,11.1264,0,0,4635,185563886236
33.7017,29.6721,8.01001,13.3704,83,70,76,2600,2800,0.479134,36,11.1264,0,0,4635,185593558550
32.5705,30.7026,8.01001,13.3704,83,70,76,2600,2800,0.479134,36,11.1264,0,0,4635,185624261748
37.0703,26.9757,8.01001,13.3704,83,70,76,2600,2800,0.479134,36,11.1264,0,0,4635,185651238228
34.16,29.274,8.01001,13.3704,83,70,76,2600,2800,0.479134,36,11.1264,0,0,4635,185680513731
33.0709,30.2381,8.01001,13.3704,83,70,76,2600,2800,0.479134,36,11.1264,0,0,4635,185710752863
33.0102,30.2936,8.01001,13.3704,83,70,76,2600,2800,0.479134,36,11.1264,0,0,4635,185741049874
36.3053,27.5442,8.01001,13.3704,83,70,76,2600,2800,0.479134,36,11.1264,0,0,4635,185768594615
33.6639,29.7054,8.01001,13.3704,83,70,76,2600,2800,0.479134,36,11.1264,0,0,4635,185798301162
33.2199,30.1024,8.01001,13.3704,83,70,76,2600,2800,0.479134,36,11.1264,0,0,4635,185828406214
34.5716,28.9255,8.01001,13.3704,83,70,76,2600,2800,0.479134,36,11.1264,0,0,4635,185857335821
34.4756,29.006,8.14536,14.609,83,80,77,2600,2800,0.479134,36,11.1239,0,0,4600,185886340689
33.5247,29.8287,8.14536,14.609,83,80,77,2600,2800,0.479134,36,11.1239,0,0,4600,185916169384
35.5306,28.1448,8.14536,14.609,83,80,77,2600,2800,0.479134,36,11.1239,0,0,4600,185944315208
33.3417,29.9924,8.14536,14.609,83,80,77,2600,2800,0.479134,36,11.1239,0,0,4600,185974307559
32.8126,30.4761,8.14536,14.609,83,80,77,2600,2800,0.479134,36,11.1239,0,0,4600,186004784435
37.744,26.4943,8.14536,14.609,83,80,77,2600,2800,0.479134,36,11.1239,0,0,4600,186031280569
32.4503,30.8164,8.14536,14.609,83,80,77,2600,2800,0.479134,36,11.1239,0,0,4600,186062108550
33.1526,30.1636,8.14536,14.609,83,80,77,2600,2800,0.479134,36,11.1239,0,0,4600,186092261521
37.5606,26.6236,8.14536,14.609,83,80,77,2600,2800,0.479134,36,11.1239,0,0,4600,186118886495
32.7625,30.5227,8.14536,14.609,83,80,77,2600,2800,0.479134,36,11.1239,0,0,4600,186149410619
35.0715,28.5132,8.14536,14.609,83,80,77,2600,2800,0.479134,36,11.1239,0,0,4600,186177926263
35.2531,28.3663,8.14536,14.609,83,80,77,2600,2800,0.479134,36,11.1239,0,0,4600,186206293220
35.1434,28.4549,8.14536,14.609,83,80,77,2600,2800,0.479134,36,11.1239,0,0,4600,186234749323
32.0729,31.179,8.14536,14.609,83,80,77,2600,2800,0.479134,36,11.1239,0,0,4600,186265929241
33.3704,29.9667,8.14536,14.609,83,80,77,2600,2800,0.479134,36,11.1239,0,0,4600,186295898770
32.8955,30.3993,8.14536,14.609,83,80,77,2600,2800,0.479134,36,11.1239,0,0,4600,186326300295
33.3254,30.0071,8.14536,14.609,83,80,77,2600,2800,0.479134,36,11.1239,0,0,4600,186356308727
35.7878,27.9425,8.14536,14.609,83,80,77,2600,2800,0.479134,36,11.1239,0,0,4600,186384254457
35.0517,28.5293,7.74732,14.0014,83,70,78,800,2800,0.479134,34,11.1236,0,0,4601,186412782053
32.2046,31.0515,7.74732,14.0014,83,70,78,800,2800,0.479134,34,11.1236,0,0,4601,186443834694
32.6311,30.6456,7.74732,14.0014,83,70,78,800,2800,0.479134,34,11.1236,0,0,4601,186474480255
36.591,27.3291,7.74732,14.0014,83,70,78,800,2800,0.479134,34,11.1236,0,0,4601,186501810636
32.2904,30.969,7.74732,14.0014,83,70,78,800,2800,0.479134,34,11.1236,0,0,4601,186532780433
32.4562,30.8107,7.74732,14.0014,83,70,78,800,2800,0.479134,34,11.1236,0,0,4601,186563593116
31.2635,31.9862,7.74732,14.0014,83,70,78,800,2800,0.479134,34,11.1236,0,0,4601,186595579721
33.5892,29.7715,7.74732,14.0014,83,70,78,800,2800,0.479134,34,11.1236,0,0,4601,186625352802
31.6648,31.5808,7.74732,14.0014,83,70,78,800,2800,0.479134,34,11.1236,0,0,4601,186656934020
33.8663,29.5279,7.74732,14.0014,83,70,78,800,2800,0.479134,34,11.1236,0,0,4601,186686465201
33.031,30.2746,7.74732,14.0014,83,70,78,800,2800,0.479134,34,11.1236,0,0,4601,186716741502
33.085,30.2252,7.74732,14.0014,83,70,78,800,2800,0.479134,34,11.1236,0,0,4601,186746966268
30.9455,32.3148,7.74732,14.0014,83,70,78,800,2800,0.479134,34,11.1236,0,0,4601,186779283360
33.5643,29.7935,7.74732,14.0014,83,70,78,800,2800,0.479134,34,11.1236,0,0,4601,186809078703
36.0017,27.7765,7.74732,14.0014,83,70,78,800,2800,0.479134,34,11.1236,0,0,4601,186836856169
34.1046,29.3215,7.74732,14.0014,83,70,78,800,2800,0.479134,34,11.1236,0,0,4601,186866177287
31.7718,31.4745,7.74732,14.0014,83,70,78,800,2800,0.479134,34,11.1236,0,0,4601,186897661604
34.9445,28.6168,12.8954,11.8154,83,70,78,2600,2800,0.479134,37,11.1216,0,0,4644,186926272355
35.9092,27.848,12.8954,11.8154,83,70,78,2600,2800,0.479134,37,11.1216,0,0,4644,186954128959
32.8295,30.4604,12.8954,11.8154,83,70,78,2600,2800,0.479134,37,11.1216,0,0,4644,186984584315
35.08,28.5062,12.8954,11.8154,83,70,78,2600,2800,0.479134,37,11.1216,0,0,4644,187013091012
32.3001,30.9597,12.8954,11.8154,83,70,78,2600,2800,0.479134,37,11.1216,0,0,4644,187044053846
33.9437,29.4606,12.8954,11.8154,83,70,78,2600,2800,0.479134,37,11.1216,0,0,4644,187073516207
36.8304,27.1515,12.8954,11.8154,83,70,78,2600,2800,0.479134,37,11.1216,0,0,4644,187100667764
33.7847,29.5992,12.8954,11.8154,83,70,78,2600,2800,0.479134,37,11.1216,0,0,4644,187130268575
32.5161,30.754,12.8954,11.8154,83,70,78,2600,2800,0.479134,37,11.1216,0,0,4644,187161022388
34.7798,28.7523,12.8954,11.8154,83,70,78,2600,2800,0.479134,37,11.1216,0,0,4644,187189776978
35.6975,28.0132,12.8954,11.8154,83,70,78,2600,2800,0.479134,37,11.1216,0,0,4644,187217789563
35.7234,27.9929,12.8954,11.8154,83,70,78,2600,2800,0.479134,37,11.1216,0,0,4644,187245785647
32.5993,30.6755,12.8954,11.8154,83,70,78,2600,2800,0.479134,37,11.1216,0,0,4644,187276464961
37.7694,26.4765,12.8954,11.8154,83,70,78,2600,2800,0.479134,37,11.1216,0,0,4644,187302941387
32.1689,31.0859,12.8954,11.8154,83,70,78,2600,2800,0.479134,37,11.1216,0,0,4644,187334026108
32.4936,30.7753,12.8954,11.8154,83,70,78,2600,2800,0.479134,37,11.1216,0,0,4644,187364803615
32.3051,30.9548,12.8954,11.8154,83,70,78,2600,2800,0.479134,37,11.1216,0,0,4644,187395760518
34.6217,28.8836,12.8954,11.8154,83,70,78,2600,2800,0.479134,37,11.1216,0,0,4644,187424647625
36.8476,27.1388,7.43405,11.8368,84,70,77,800,2800,0.479134,33,11.1211,0,0,4622,187451784625
34.9483,28.6137,7.43405,11.8368,84,70,77,800,2800,0.479134,33,11.1211,0,0,4622,187480398483
31.8918,31.356,7.43405,11.8368,84,70,77,800,2800,0.479134,33,11.1211,0,0,4622,187511757265
33.4499,29.8955,7.43405,11.8368,84,70,77,800,2800,0.479134,33,11.1211,0,0,4622,187541651784
33.6342,29.7317,7.43405,11.8368,84,70,77,800,2800,0.479134,33,11.1211,0,0,4622,187571385833
34.451,29.0267,7.43405,11.8368,84,70,77,800,2800,0.479134,33,11.1211,0,0,4622,187600413513
34.3612,29.1026,7.43405,11.8368,84,70,77,800,2800,0.479134,33,11.1211,0,0,4622,187629519369
33.4972,29.8532,7.43405,11.8368,84,70,77,800,2800,0.479134,33,11.1211,0,0,4622,187659372380
33.3835,29.9549,7.43405,11.8368,84,70,77,800,2800,0.479134,33,11.1211,0,0,4622,187689328704
36.8137,27.1638,7.43405,11.8368,84,70,77,800,2800,0.479134,33,11.1211,0,0,4622,187716534362
34.6575,28.8538,7.43405,11.8368,84,70,77,800,2800,0.479134,33,11.1211,0,0,4622,187745386124
30.4842,32.8039,7.43405,11.8368,84,70,77,800,2800,0.479134,33,11.1211,0,0,4622,187778190356
34.5864,28.9131,7.43405,11.8368,84,70,77,800,2800,0.479134,33,11.1211,0,0,4622,187807106387
36.6598,27.2779,7.43405,11.8368,84,70,77,800,2800,0.479134,33,11.1211,0,0,4622,187834384310
33.1078,30.2043,7.43405,11.8368,84,70,77,800,2800,0.479134,33,11.1211,0,0,4622,187864591433
32.0318,31.219,7.43405,11.8368,84,70,77,800,2800,0.479134,33,11.1211,0,0,4622,187895812007
34.7439,28.782,7.43405,11.8368,84,70,77,800,2800,0.479134,33,11.1211,0,0,4622,187924594830
37.0362,27.0006,7.43405,11.8368,84,70,77,800,2800,0.479134,33,11.1211,0,0,4622,187951596608
34.3723,29.0932,8.23389,14.819,84,79,78,2586,2800,0.479134,34,11.1405,0,0,4599,187980690742
32.18,31.0752,8.23389,14.819,84,79,78,2586,2800,0.479134,34,11.1405,0,0,4599,188011765474
34.3222,29.1357,8.23389,14.819,84,79,78,2586,2800,0.479134,34,11.1405,0,0,4599,188040904763
36.3747,27.4917,8.23389,14.819,84,79,78,2586,2800,0.479134,34,11.1405,0,0,4599,188068398599
33.4418,29.9027,8.23389,14.819,84,79,78,2586,2800,0.479134,34,11.1405,0,0,4599,188098301723
32.1148,31.1383,8.23389,14.819,84,79,78,2586,2800,0.479134,34,11.1405,0,0,4599,188129439964
36.4353,27.4459,8.23389,14.819,84,79,78,2586,2800,0.479134,34,11.1405,0,0,4599,188156888145
35.1888,28.4182,8.23389,14.819,84,79,78,2586,2800,0.479134,34,11.1405,0,0,4599,188185306628
35.2597,28.361,8.23389,14.819,84,79,78,2586,2800,0.479134,34,11.1405,0,0,4599,188213670028
32.4284,30.8372,8.23389,14.819,84,79,78,2586,2800,0.479134,34,11.1405,0,0,4599,188244509160
33.9604,29.4461,8.23389,14.819,84,79,78,2586,2800,0.479134,34,11.1405,0,0,4599,188273954690
36.4824,27.4105,8.23389,14.819,84,79,78,2586,2800,0.479134,34,11.1405,0,0,4599,188301366103
33.6973,29.676,8.23389,14.819,84,79,78,2586,2800,0.479134,34,11.1405,0,0,4599,188331043005
32.3547,30.9074,8.23389,14.819,84,79,78,2586,2800,0.479134,34,11.1405,0,0,4599,188361953751
35.4587,28.2018,8.23389,14.819,84,79,78,2586,2800,0.479134,34,11.1405,0,0,4599,188390163694
34.9745,28.5923,8.23389,14.819,84,79,78,2586,2800,0.479134,34,11.1405,0,0,4599,188418748147
32.5059,30.7637,8.23389,14.819,84,79,78,2586,2800,0.479134,34,11.1405,0,0,4599,188449514724
33.1534,30.1629,8.23389,14.819,84,79,78,2586,2800,0.479134,34,11.1405,0,0,4599,188479681100
32.7387,30.5449,7.53588,13.4121,84,71,78,2325,2800,0.479134,35,11.1392,0,0,4538,188510223228
34.3764,29.0897,7.53588,13.4121,84,71,78,2325,2800,0.479134,35,11.1392,0,0,4538,188539318775
32.5668,30.7061,7.53588,13.4121,84,71,78,2325,2800,0.479134,35,11.1392,0,0,4538,188570022915
32.2409,31.0165,7.53588,13.4121,84,71,78,2325,2800,0.479134,35,11.1392,0,0,4538,188601039379
31.3937,31.8535,7.53588,13.4121,84,71,78,2325,2800,0.479134,35,11.1392,0,0,4538,188632897484
31.2083,32.0428,7.53588,13.4121,84,71,78,2325,2800,0.479134,35,11.1392,0,0,4538,188664940905
30.085,33.2392,7.53588,13.4121,84,71,78,2325,2800,0.479134,35,11.1392,0,0,4538,188698183435
29.5567,33.8333,7.53588,13.4121,84,71,78,2325,2800,0.479134,35,11.1392,0,0,4538,188732018311
34.1886,29.2496,7.53588,13.4121,84,71,78,2325,2800,0.479134,35,11.1392,0,0,4538,188761267474
33.2565,30.0693,7.53588,13.4121,84,71,78,2325,2800,0.479134,35,11.1392,0,0,4538,188791336980
36.1031,27.6984,7.53588,13.4121,84,71,78,2325,2800,0.479134,35,11.1392,0,0,4538,188819036590
33.2341,30.0896,7.53588,13.4121,84,71,78,2325,2800,0.479134,35,11.1392,0,0,4538,188849127966
34.6107,28.8928,7.53588,13.4121,84,71,78,2325,2800,0.479134,35,11.1392,0,0,4538,188878023139
35.6129,28.0798,7.53588,13.4121,84,71,78,2325,2800,0.479134,35,11.1392,0,0,4538,188906107257
34.1458,29.2862,7.53588,13.4121,84,71,78,2325,2800,0.479134,35,11.1392,0,0,4538,188935392679
32.7688,30.5168,7.53588,13.4121,84,71,78,2325,2800,0.479134,35,11.1392,0,0,4538,188965909950
31.7143,31.5316,7.53588,13.4121,84,71,78,2325,2800,0.479134,35,11.1392,0,0,4538,188997444661
35.5576,28.1234,12.5457,11.8491,84,70,77,2600,2800,0.479134,34,11.1388,0,0,4628,189025568023
36.0655,27.7273,12.5457,11.8491,84,70,77,2600,2800,0.479134,34,11.1388,0,0,4628,189053295435
32.2155,31.041,12.5457,11.8491,84,70,77,2600,2800,0.479134,34,11.1388,0,0,4628,189084338398
34.8031,28.7331,12.5457,11.8491,84,70,77,2600,2800,0.479134,34,11.1388,0,0,4628,189113072410
33.9689,29.4387,12.5457,11.8491,84,70,77,2600,2800,0.479134,34,11.1388,0,0,4628,189142511238
36.1872,27.6341,12.5457,11.8491,84,70,77,2600,2800,0.479134,34,11.1388,0,0,4628,189170148201
33.2681,30.0588,12.5457,11.8491,84,70,77,2600,2800,0.479134,34,11.1388,0,0,4628,189200208339
32.8864,30.4077,12.5457,11.8491,84,70,77,2600,2800,0.479134,34,11.1388,0,0,4628,189230617499
34.166,29.2689,12.5457,11.8491,84,70,77,2600,2800,0.479134,34,11.1388,0,0,4628,189259886309
37.2708,26.8306,12.5457,11.8491,84,70,77,2600,2800,0.479134,34,11.1388,0,0,4628,189286719862
31.8363,31.4107,12.5457,11.8491,84,70,77,2600,2800,0.479134,34,11.1388,0,0,4628,189318130903
33.9101,29.4897,12.5457,11.8491,84,70,77,2600,2800,0.479134,34,11.1388,0,0,4628,189347622288
31.9012,31.3468,12.5457,11.8491,84,70,77,2600,2800,0.479134,34,11.1388,0,0,4628,189378970602
35.2397,28.3771,12.5457,11.8491,84,70,77,2600,2800,0.479134,34,11.1388,0,0,4628,189407347877
35.758,27.9658,12.5457,11.8491,84,70,77,2600,2800,0.479134,34,11.1388,0,0,4628,189435314416
32.8416,30.4492,12.5457,11.8491,84,70,77,2600,2800,0.479134,34,11.1388,0,0,4628,189465765243
33.1473,30.1684,12.5457,11.8491,84,70,77,2600,2800,0.479134,34,11.1388,0,0,4628,189495935367
34.0881,29.3358,12.5457,11.8491,84,70,77,2600,2800,0.479134,34,11.1388,0,0,4628,189525273777
36.8319,27.1504,7.63723,14.4415,84,80,78,2600,2800,0.479134,31,11.137,0,0,4596,189552425234
33.0612,30.2469,7.63723,14.4415,84,80,78,2600,2800,0.479134,31,11.137,0,0,4596,189582674495
34.0153,29.3986,7.63723,14.4415,84,80,78,2600,2800,0.479134,31,11.137,0,0,4596,189612072707
35.2439,28.3737,7.63723,14.4415,84,80,78,2600,2800,0.479134,31,11.137,0,0,4596,189640447448
36.5775,27.3392,7.63723,14.4415,84,80,78,2600,2800,0.479134,31,11.137,0,0,4596,189667787948
32.0996,31.153,7.63723,14.4415,84,80,78,2600,2800,0.479134,31,11.137,0,0,4596,189698943000
32.3824,30.8809,7.63723,14.4415,84,80,78,2600,2800,0.479134,31,11.137,0,0,4596,189729826245
35.8251,27.9134,7.63723,14.4415,84,80,78,2600,2800,0.479134,31,11.137,0,0,4596,189757739123
35.5861,28.1009,7.63723,14.4415,84,80,78,2600,2800,0.479134,31,11.137,0,0,4596,189785842848
31.6598,31.5858,7.63723,14.4415,84,80,78,2600,2800,0.479134,31,11.137,0,0,4596,189817429136
34.8572,28.6885,7.63723,14.4415,84,80,78,2600,2800,0.479134,31,11.137,0,0,4596,189846119766
32.0457,31.2054,7.63723,14.4415,84,80,78,2600,2800,0.479134,31,11.137,0,0,4596,189877327347
33.1261,30.1876,7.63723,14.4415,84,80,78,2600,2800,0.479134,31,11.137,0,0,4596,189907515834
34.3316,29.1277,7.63723,14.4415,84,80,78,2600,2800,0.479134,31,11.137,0,0,4596,189936644884
31.151,32.1017,7.63723,14.4415,84,80,78,2600,2800,0.479134,31,11.137,0,0,4596,189968746834
32.2067,31.0494,7.63723,14.4415,84,80,78,2600,2800,0.479134,31,11.137,0,0,4596,189999797982
31.6781,31.5676,7.63723,14.4415,84,80,78,2600,2800,0.479134,31,11.137,0,0,4596,190031370314
29.9184,33.4243,7.23192,11.6157,84,70,78,2591,2800,0.479134,31,11.1345,0,0,4623,190064792409
31.0826,32.1724,7.23192,11.6157,84,70,78,2591,2800,0.479134,31,11.1345,0,0,4623,190096965753
31.6137,31.6319,7.23192,11.6157,84,70,78,2591,2800,0.479134,31,11.1345,0,0,4623,190128597736
31.7323,31.5136,7.23192,11.6157,84,70,78,2591,2800,0.479134,31,11.1345,0,0,4623,190160113361
30.2883,33.016,7.23192,11.6157,84,70,78,2591,2800,0.479134,31,11.1345,0,0,4623,190193131402
29.8275,33.5261,7.23192,11.6157,84,70,78,2591,2800,0.479134,31,11.1345,0,0,4623,190226659666
29.9273,33.4144,7.23192,11.6157,84,70,78,2591,2800,0.479134,31,11.1345,0,0,4623,190260075399
29.1057,34.3576,7.23192,11.6157,84,70,78,2591,2800,0.479134,31,11.1345,0,0,4623,190294434394
29.4868,33.9135,7.23192,11.6157,84,70,78,2591,2800,0.479134,31,11.1345,0,0,4623,190328349900
27.5242,36.3317,7.23192,11.6157,84,70,78,2591,2800,0.479134,31,11.1345,0,0,4623,190364680697
28.5687,35.0033,7.23192,11.6157,84,70,78,2591,2800,0.479134,31,11.1345,0,0,4623,190399685988
28.0334,35.6717,7.23192,11.6157,84,70,78,2591,2800,0.479134,31,11.1345,0,0,4623,190435358075
28.4182,35.1887,7.23192,11.6157,84,70,78,2591,2800,0.479134,31,11.1345,0,0,4623,190470547380
24.77,40.3714,7.23192,11.6157,84,70,78,2591,2800,0.479134,31,11.1345,0,0,4623,190510921175
27.3167,36.6077,7.23192,11.6157,84,70,78,2591,2800,0.479134,31,11.1345,0,0,4623,190547533277
25.9577,38.5243,10.0606,11.732,83,70,78,2372,2800,0.479134,36,11.1357,0,0,4327,190586056326
27.5023,36.3606,10.0606,11.732,83,70,78,2372,2800,0.479134,36,11.1357,0,0,4327,190622418131
25.3722,39.4132,10.0606,11.732,83,70,78,2372,2800,0.479134,36,11.1357,0,0,4327,190661831352
26.3486,37.9527,10.0606,11.732,83,70,78,2372,2800,0.479134,36,11.1357,0,0,4327,190699784638
26.1732,38.207,10.0606,11.732,83,70,78,2372,2800,0.479134,36,11.1357,0,0,4327,190737994503
25.3555,39.4392,10.0606,11.732,83,70,78,2372,2800,0.479134,36,11.1357,0,0,4327,190777437190
24.7987,40.3248,10.0606,11.732,83,70,78,2372,2800,0.479134,36,11.1357,0,0,4327,190817761884
28.6386,34.9179,10.0606,11.732,83,70,78,2372,2800,0.479134,36,11.1357,0,0,4327,190852680263
28.7414,34.7931,10.0606,11.732,83,70,78,2372,2800,0.479134,36,11.1357,0,0,4327,190887474651
27.4306,36.4557,10.0606,11.732,83,70,78,2372,2800,0.479134,36,11.1357,0,0,4327,190923933326
26.8784,37.2045,10.0606,11.732,83,70,78,2372,2800,0.479134,36,11.1357,0,0,4327,190961139908
27.1631,36.8146,10.0606,11.732,83,70,78,2372,2800,0.479134,36,11.1357,0,0,4327,190997953886
27.8426,35.9162,10.0606,11.732,83,70,78,2372,2800,0.479134,36,11.1357,0,0,4327,191033871992
28.2697,35.3735,10.0606,11.732,83,70,78,2372,2800,0.479134,36,11.1357,0,0,4327,191069251442
28.2856,35.3536,12.0192,13.3431,82,70,75,2600,2800,0.479134,28,11.1414,0,0,4595,191104600445
26.6973,37.457,12.0192,13.3431,82,70,75,2600,2800,0.479134,28,11.1414,0,0,4595,191142058967
26.7519,37.3806,12.0192,13.3431,82,70,75,2600,2800,0.479134,28,11.1414,0,0,4595,191179442319
26.8852,37.1952,12.0192,13.3431,82,70,75,2600,2800,0.479134,28,11.1414,0,0,4595,191216636668
27.2198,36.738,12.0192,13.3431,82,70,75,2600,2800,0.479134,28,11.1414,0,0,4595,191253376287
28.9582,34.5325,12.0192,13.3431,82,70,75,2600,2800,0.479134,28,11.1414,0,0,4595,191287910940
26.9943,37.0449,12.0192,13.3431,82,70,75,2600,2800,0.479134,28,11.1414,0,0,4595,191324958345
26.3084,38.0106,12.0192,13.3431,82,70,75,2600,2800,0.479134,28,11.1414,0,0,4595,191362968647
28.4586,35.1387,12.0192,13.3431,82,70,75,2600,2800,0.479134,28,11.1414,0,0,4595,191398107969
28.4277,35.177,12.0192,13.3431,82,70,75,2600,2800,0.479134,28,11.1414,0,0,4595,191433285942
27.5377,36.3138,12.0192,13.3431,82,70,75,2600,2800,0.479134,28,11.1414,0,0,4595,191469600509
27.2194,36.7385,12.0192,13.3431,82,70,75,2600,2800,0.479134,28,11.1414,0,0,4595,191506343314
27.7115,36.0862,12.0192,13.3431,82,70,75,2600,2800,0.479134,28,11.1414,0,0,4595,191542428282
25.1576,39.7495,12.0192,13.3431,82,70,75,2600,2800,0.479134,28,11.1414,0,0,4595,191582182300
26.818,37.2884,8.67971,18.7056,80,80,77,2504,2800,0.479134,36,11.1408,0,0,4647,191619469141
27.6137,36.214,8.67971,18.7056,80,80,77,2504,2800,0.479134,36,11.1408,0,0,4647,191655683921
25.9717,38.5035,8.67971,18.7056,80,80,77,2504,2800,0.479134,36,11.1408,0,0,4647,191694188236
26.4982,37.7384,8.67971,18.7056,80,80,77,2504,2800,0.479134,36,11.1408,0,0,4647,191731928554
27.1296,36.8602,8.67971,18.7056,80,80,77,2504,2800,0.479134,36,11.1408,0,0,4647,191768789651
25.3644,39.4253,8.67971,18.7056,80,80,77,2504,2800,0.479134,36,11.1408,0,0,4647,191808215125
25.4088,39.3564,8.67971,18.7056,80,80,77,2504,2800,0.479134,36,11.1408,0,0,4647,191847573695
24.4392,40.9179,8.67971,18.7056,80,80,77,2504,2800,0.479134,36,11.1408,0,0,4647,191888492628
25.1239,39.8027,8.67971,18.7056,80,80,77,2504,2800,0.479134,36,11.1408,0,0,4647,191928298554
26.7919,37.3247,8.67971,18.7056,80,80,77,2504,2800,0.479134,36,11.1408,0,0,4647,191965623316
25.6715,38.9537,8.67971,18.7056,80,80,77,2504,2800,0.479134,36,11.1408,0,0,4647,192004577330
26.3408,37.9639,8.67971,18.7056,80,80,77,2504,2800,0.479134,36,11.1408,0,0,4647,192042541987
24.4655,40.8738,8.67971,18.7056,80,80,77,2504,2800,0.479134,36,11.1408,0,0,4647,192083419754
27.3596,36.5502,9.20398,13.6026,80,71,77,2600,2800,0.479134,33,11.1541,0,0,4612,192119968187
25.9285,38.5676,9.20398,13.6026,80,71,77,2600,2800,0.479134,33,11.1541,0,0,4612,192158536230
25.1765,39.7195,9.20398,13.6026,80,71,77,2600,2800,0.479134,33,11.1541,0,0,4612,192198257758
26.5277,37.6964,9.20398,13.6026,80,71,77,2600,2800,0.479134,33,11.1541,0,0,4612,192235954455
25.5764,39.0985,9.20398,13.6026,80,71,77,2600,2800,0.479134,33,11.1541,0,0,4612,192275054391
23.9008,41.8395,9.20398,13.6026,80,71,77,2600,2800,0.479134,33,11.1541,0,0,4612,192316894936
27.6592,36.1543,9.20398,13.6026,80,71,77,2600,2800,0.479134,33,11.1541,0,0,4612,192353050024
21.6384,46.2141,9.20398,13.6026,80,71,77,2600,2800,0.479134,33,11.1541,0,0,4612,192399264745
24.5471,40.738,9.20398,13.6026,80,71,77,2600,2800,0.479134,33,11.1541,0,0,4612,192440003582
24.3745,41.0266,9.20398,13.6026,80,71,77,2600,2800,0.479134,33,11.1541,0,0,4612,192481032862
24.1159,41.4665,9.20398,13.6026,80,71,77,2600,2800,0.479134,33,11.1541,0,0,4612,192522500229
24.3334,41.0957,9.20398,13.6026,80,71,77,2600,2800,0.479134,33,11.1541,0,0,4612,192563597465
25.6459,38.9926,9.20398,13.6026,80,71,77,2600,2800,0.479134,33,11.1541,0,0,4612,192602596013
23.1563,43.1848,10.2781,16.276,80,71,77,2101,2800,0.479134,31,11.1556,0,0,4389,192645776309
25.2193,39.6521,10.2781,16.276,80,71,77,2101,2800,0.479134,31,11.1556,0,0,4389,192685430430
23.8302,41.9636,10.2781,16.276,80,71,77,2101,2800,0.479134,31,11.1556,0,0,4389,192727394164
25.4782,39.2492,10.2781,16.276,80,71,77,2101,2800,0.479134,31,11.1556,0,0,4389,192766644372
24.6812,40.5167,10.2781,16.276,80,71,77,2101,2800,0.479134,31,11.1556,0,0,4389,192807162166
26.5504,37.6643,10.2781,16.276,80,71,77,2101,2800,0.479134,31,11.1556,0,0,4389,192844828346
25.2071,39.6713,10.2781,16.276,80,71,77,2101,2800,0.479134,31,11.1556,0,0,4389,192884501193
25.6306,39.0158,10.2781,16.276,80,71,77,2101,2800,0.479134,31,11.1556,0,0,4389,192923520719
25.794,38.7687,10.2781,16.276,80,71,77,2101,2800,0.479134,31,11.1556,0,0,4389,192962287845
26.075,38.3509,10.2781,16.276,80,71,77,2101,2800,0.479134,31,11.1556,0,0,4389,193000639074
25.9359,38.5565,10.2781,16.276,80,71,77,2101,2800,0.479134,31,11.1556,0,0,4389,193039201557
24.8428,40.253,10.2781,16.276,80,71,77,2101,2800,0.479134,31,11.1556,0,0,4389,193079452022
24.8004,40.322,10.2781,16.276,80,71,77,2101,2800,0.479134,31,11.1556,0,0,4389,193119778630
25.6386,39.0037,10.5327,14.6693,80,71,78,2600,2800,0.479134,30,11.1483,0,0,4619,193158780343
25.8883,38.6275,10.5327,14.6693,80,71,78,2600,2800,0.479134,30,11.1483,0,0,4619,193197408259
26.7472,37.3871,10.5327,14.6693,80,71,78,2600,2800,0.479134,30,11.1483,0,0,4619,193234796600
24.9035,40.1549,10.5327,14.6693,80,71,78,2600,2800,0.479134,30,11.1483,0,0,4619,193274953300
24.2611,41.2183,10.5327,14.6693,80,71,78,2600,2800,0.479134,30,11.1483,0,0,4619,193316172263
26.2869,38.0418,10.5327,14.6693,80,71,78,2600,2800,0.479134,30,11.1483,0,0,4619,193354215367
25.0909,39.855,10.5327,14.6693,80,71,78,2600,2800,0.479134,30,11.1483,0,0,4619,193394071205
25.836,38.7057,10.5327,14.6693,80,71,78,2600,2800,0.479134,30,11.1483,0,0,4619,193432778809
25.5419,39.1513,10.5327,14.6693,80,71,78,2600,2800,0.479134,30,11.1483,0,0,4619,193471931034
25.5522,39.1356,10.5327,14.6693,80,71,78,2600,2800,0.479134,30,11.1483,0,0,4619,193511067870
24.9207,40.1273,10.5327,14.6693,80,71,78,2600,2800,0.479134,30,11.1483,0,0,4619,193551195566
25.8725,38.651,10.5327,14.6693,80,71,78,2600,2800,0.479134,30,11.1483,0,0,4619,193589848708
26.0495,38.3884,10.5327,14.6693,80,71,78,2600,2800,0.479134,30,11.1483,0,0,4619,193628239050
27.106,36.8923,8.1381,13.2657,80,79,78,2600,2800,0.479134,36,11.1469,0,0,4638,193665130644
26.2386,38.1118,8.1381,13.2657,80,79,78,2600,2800,0.479134,36,11.1469,0,0,4638,193703242636
26.05,38.3877,8.1381,13.2657,80,79,78,2600,2800,0.479134,36,11.1469,0,0,4638,193741632006
23.9258,41.7959,8.1381,13.2657,80,79,78,2600,2800,0.479134,36,11.1469,0,0,4638,193783428919
27.3556,36.5556,8.1381,13.2657,80,79,78,2600,2800,0.479134,36,11.1469,0,0,4638,193819986629
26.8987,37.1765,8.1381,13.2657,80,79,78,2600,2800,0.479134,36,11.1469,0,0,4638,193857166821
24.1409,41.4236,8.1381,13.2657,80,79,78,2600,2800,0.479134,36,11.1469,0,0,4638,193898588493
25.9449,38.5432,8.1381,13.2657,80,79,78,2600,2800,0.479134,36,11.1469,0,0,4638,193937133043
26.0396,38.403,8.1381,13.2657,80,79,78,2600,2800,0.479134,36,11.1469,0,0,4638,193975536319
24.4433,40.9109,8.1381,13.2657,80,79,78,2600,2800,0.479134,36,11.1469,0,0,4638,194016448700
27.3308,36.5887,8.1381,13.2657,80,79,78,2600,2800,0.479134,36,11.1469,0,0,4638,194053037418
25.494,39.225,8.1381,13.2657,80,79,78,2600,2800,0.479134,36,11.1469,0,0,4638,194092266626
25.6876,38.9293,8.1381,13.2657,80,79,78,2600,2800,0.479134,36,11.1469,0,0,4638,194131198039
26.7463,37.3884,8.10474,12.5663,81,70,78,2600,2800,0.479134,33,11.1387,0,0,4630,194168584927
25.7817,38.7872,8.10474,12.5663,81,70,78,2600,2800,0.479134,33,11.1387,0,0,4630,194207381638
25.0732,39.8832,8.10474,12.5663,81,70,78,2600,2800,0.479134,33,11.1387,0,0,4630,194247259527
25.1807,39.713,8.10474,12.5663,81,70,78,2600,2800,0.479134,33,11.1387,0,0,4630,194286972419
25.9366,38.5555,8.10474,12.5663,81,70,78,2600,2800,0.479134,33,11.1387,0,0,4630,194325529412
24.859,40.2269,8.10474,12.5663,81,70,78,2600,2800,0.479134,33,11.1387,0,0,4630,194365758226
26.384,37.9018,8.10474,12.5663,81,70,78,2600,2800,0.479134,33,11.1387,0,0,4630,194403660477
25.0038,39.9939,8.10474,12.5663,81,70,78,2600,2800,0.479134,33,11.1387,0,0,4630,194443655435
23.771,42.0681,8.10474,12.5663,81,70,78,2600,2800,0.479134,33,11.1387,0,0,4630,194485725337
22.0582,45.3346,8.10474,12.5663,81,70,78,2600,2800,0.479134,33,11.1387,0,0,4630,194531060066
25.6992,38.9117,8.10474,12.5663,81,70,78,2600,2800,0.479134,33,11.1387,0,0,4630,194569973805
24.4586,40.8855,8.10474,12.5663,81,70,78,2600,2800,0.479134,33,11.1387,0,0,4630,194610860448
23.0159,43.4482,8.10474,12.5663,81,70,78,2600,2800,0.479134,33,11.1387,0,0,4630,194654313944
24.6115,40.6315,10.4819,10.7867,81,71,78,2600,2800,0.479134,28,11.1441,0,0,4565,194694943617
24.9989,40.0018,10.4819,10.7867,81,71,78,2600,2800,0.479134,28,11.1441,0,0,4565,194734947111
24.3547,41.0598,10.4819,10.7867,81,71,78,2600,2800,0.479134,28,11.1441,0,0,4565,194776009713
23.8471,41.9338,10.4819,10.7867,81,71,78,2600,2800,0.479134,28,11.1441,0,0,4565,194817943691
26.3945,37.8866,10.4819,10.7867,81,71,78,2600,2800,0.479134,28,11.1441,0,0,4565,194855830753
25.3056,39.517,10.4819,10.7867,81,71,78,2600,2800,0.479134,28,11.1441,0,0,4565,194895349773
26.4553,37.7996,10.4819,10.7867,81,71,78,2600,2800,0.479134,28,11.1441,0,0,4565,194933149382
27.0087,37.0251,10.4819,10.7867,81,71,78,2600,2800,0.479134,28,11.1441,0,0,4565,194970175547
24.5683,40.7028,10.4819,10.7867,81,71,78,2600,2800,0.479134,28,11.1441,0,0,4565,195010879929
22.8201,43.821,10.4819,10.7867,81,71,78,2600,2800,0.479134,28,11.1441,0,0,4565,195054702524
24.886,40.1832,10.4819,10.7867,81,71,78,2600,2800,0.479134,28,11.1441,0,0,4565,195094886505
25.761,38.8183,10.4819,10.7867,81,71,78,2600,2800,0.479134,28,11.1441,0,0,4565,195133706489
26.6328,37.5477,10.4819,10.7867,81,71,78,2600,2800,0.479134,28,11.1441,0,0,4565,195171258025
24.5192,40.7843,10.4496,13.1499,81,71,78,2557,2800,0.479134,28,11.1442,0,0,4633,195212041576
25.2224,39.6473,10.4496,13.1499,81,71,78,2557,2800,0.479134,28,11.1442,0,0,4633,195251688754
27.224,36.7323,10.4496,13.1499,81,71,78,2557,2800,0.479134,28,11.1442,0,0,4633,195288422533
23.5788,42.4109,10.4496,13.1499,81,71,78,2557,2800,0.479134,28,11.1442,0,0,4633,195330835175
24.2974,41.1566,10.4496,13.1499,81,71,78,2557,2800,0.479134,28,11.1442,0,0,4633,195371992374
24.9201,40.1282,10.4496,13.1499,81,71,78,2557,2800,0.479134,28,11.1442,0,0,4633,195412122003
25.4853,39.2384,10.4496,13.1499,81,71,78,2557,2800,0.479134,28,11.1442,0,0,4633,195451361721
25.4214,39.3369,10.4496,13.1499,81,71,78,2557,2800,0.479134,28,11.1442,0,0,4633,195490699943
25.2861,39.5475,10.4496,13.1499,81,71,78,2557,2800,0.479134,28,11.1442,0,0,4633,195530248117
25.834,38.7087,10.4496,13.1499,81,71,78,2557,2800,0.479134,28,11.1442,0,0,4633,195568958817
25.8615,38.6676,10.4496,13.1499,81,71,78,2557,2800,0.479134,28,11.1442,0,0,4633,195607627038
25.2723,39.5691,10.4496,13.1499,81,71,78,2557,2800,0.479134,28,11.1442,0,0,4633,195647197253
25.8903,38.6245,10.4496,13.1499,81,71,78,2557,2800,0.479134,28,11.1442,0,0,4633,195685825529
26.3839,37.9018,7.96569,13.8719,81,79,78,2600,2800,0.479134,36,11.1436,0,0,4615,195723725415
25.8572,38.6739,7.96569,13.8719,81,79,78,2600,2800,0.479134,36,11.1436,0,0,4615,195762401420
24.2204,41.2875,7.96569,13.8719,81,79,78,2600,2800,0.479134,36,11.1436,0,0,4615,195803689733
25.046,39.9265,7.96569,13.8719,81,79,78,2600,2800,0.479134,36,11.1436,0,0,4615,195843617436
24.1977,41.3263,7.96569,13.8719,81,79,78,2600,2800,0.479134,36,11.1436,0,0,4615,195884946445
25.3564,39.4377,7.96569,13.8719,81,79,78,2600,2800,0.479134,36,11.1436,0,0,4615,195924384784
25.6204,39.0313,7.96569,13.8719,81,79,78,2600,2800,0.479134,36,11.1436,0,0,4615,195963420761
26.6305,37.5509,7.96569,13.8719,81,79,78,2600,2800,0.479134,36,11.1436,0,0,4615,196000972617
24.7992,40.3239,7.96569,13.8719,81,79,78,2600,2800,0.479134,36,11.1436,0,0,4615,196041298904
21.8949,45.6728,7.96569,13.8719,81,79,78,2600,2800,0.479134,36,11.1436,0,0,4615,196086971483
24.9634,40.0586,7.96569,13.8719,81,79,78,2600,2800,0.479134,36,11.1436,0,0,4615,196127032635
25.5779,39.0962,7.96569,13.8719,81,79,78,2600,2800,0.479134,36,11.1436,0,0,4615,196166131370
25.6389,39.0032,7.96569,13.8719,81,79,78,2600,2800,0.479134,36,11.1436,0,0,4615,196205137061
25.5187,39.1869,10.8141,13.9471,81,71,78,2600,2800,0.479134,33,11.0952,0,0,4624,196244322647
24.2959,41.1592,10.8141,13.9471,81,71,78,2600,2800,0.479134,33,11.0952,0,0,4624,196285483903
26.6326,37.548,10.8141,13.9471,81,71,78,2600,2800,0.479134,33,11.0952,0,0,4624,196323034407
25.0238,39.962,10.8141,13.9471,81,71,78,2600,2800,0.479134,33,11.0952,0,0,4624,196362995842
25.788,38.7777,10.8141,13.9471,81,71,78,2600,2800,0.479134,33,11.0952,0,0,4624,196401774640
25.3677,39.4203,10.8141,13.9471,81,71,78,2600,2800,0.479134,33,11.0952,0,0,4624,196441194674
25.0205,39.9672,10.8141,13.9471,81,71,78,2600,2800,0.479134,33,11.0952,0,0,4624,196481164485
24.8506,40.2405,10.8141,13.9471,81,71,78,2600,2800,0.479134,33,11.0952,0,0,4624,196521405623
24.1854,41.3473,10.8141,13.9471,81,71,78,2600,2800,0.479134,33,11.0952,0,0,4624,196562755341
25.8856,38.6316,10.8141,13.9471,81,71,78,2600,2800,0.479134,33,11.0952,0,0,4624,196601387003
23.5928,42.3858,10.8141,13.9471,81,71,78,2600,2800,0.479134,33,11.0952,0,0,4624,196643773857
23.6712,42.2454,10.8141,13.9471,81,71,78,2600,2800,0.479134,33,11.0952,0,0,4624,196686019358
26.1071,38.3037,10.8141,13.9471,81,71,78,2600,2800,0.479134,33,11.0952,0,0,4624,196724328688
25.2215,39.6487,11.5291,11.5845,81,71,79,2542,2800,0.479134,34,11.1043,0,0,4256,196763974464
25.3586,39.4343,11.5291,11.5845,81,71,79,2542,2800,0.479134,34,11.1043,0,0,4256,196803409637
25.3213,39.4924,11.5291,11.5845,81,71,79,2542,2800,0.479134,34,11.1043,0,0,4256,196842903800
26.2924,38.0338,11.5291,11.5845,81,71,79,2542,2800,0.479134,34,11.1043,0,0,4256,196880938909
22.0185,45.4164,11.5291,11.5845,81,71,79,2542,2800,0.479134,34,11.1043,0,0,4256,196926357193
24.1774,41.3609,11.5291,11.5845,81,71,79,2542,2800,0.479134,34,11.1043,0,0,4256,196967718473
25.3505,39.447,11.5291,11.5845,81,71,79,2542,2800,0.479134,34,11.1043,0,0,4256,197007166830
25.5407,39.1532,11.5291,11.5845,81,71,79,2542,2800,0.479134,34,11.1043,0,0,4256,197046321820
25.8091,38.7461,11.5291,11.5845,81,71,79,2542,2800,0.479134,34,11.1043,0,0,4256,197085067736
27.4724,36.4002,11.5291,11.5845,81,71,79,2542,2800,0.479134,34,11.1043,0,0,4256,197121469334
23.9585,41.7388,11.5291,11.5845,81,71,79,2542,2800,0.479134,34,11.1043,0,0,4256,197163209260
25.5271,39.174,11.5291,11.5845,81,71,79,2542,2800,0.479134,34,11.1043,0,0,4256,197202385680
24.8904,40.1761,11.5291,11.5845,81,71,79,2542,2800,0.479134,34,11.1043,0,0,4256,197242564421
26.25,38.0953,8.63747,15.358,80,72,77,2600,2800,0.479134,30,11.1058,0,0,4625,197280658400
25.7306,38.8643,8.63747,15.358,80,72,77,2600,2800,0.479134,30,11.1058,0,0,4625,197319523428
25.0846,39.8651,8.63747,15.358,80,72,77,2600,2800,0.479134,30,11.1058,0,0,4625,197359390407
26.2593,38.0818,8.63747,15.358,80,72,77,2600,2800,0.479134,30,11.1058,0,0,4625,197397472734
25.4177,39.3426,8.63747,15.358,80,72,77,2600,2800,0.479134,30,11.1058,0,0,4625,197436817027
24.8956,40.1677,8.63747,15.358,80,72,77,2600,2800,0.479134,30,11.1058,0,0,4625,197476985950
24.428,40.9366,8.63747,15.358,80,72,77,2600,2800,0.479134,30,11.1058,0,0,4625,197517923258
26.6744,37.4892,8.63747,15.358,80,72,77,2600,2800,0.479134,30,11.1058,0,0,4625,197555412868
24.723,40.4481,8.63747,15.358,80,72,77,2600,2800,0.479134,30,11.1058,0,0,4625,197595862635
26.8104,37.299,8.63747,15.358,80,72,77,2600,2800,0.479134,30,11.1058,0,0,4625,197633162681
25.8964,38.6154,8.63747,15.358,80,72,77,2600,2800,0.479134,30,11.1058,0,0,4625,197671778394
24.8068,40.3115,8.63747,15.358,80,72,77,2600,2800,0.479134,30,11.1058,0,0,4625,197712090584
25.8961,38.6158,8.63747,15.358,80,72,77,2600,2800,0.479134,30,11.1058,0,0,4625,197750711026
24.8538,40.2353,7.79703,14.0469,80,80,79,2505,2800,0.479134,31,11.1,0,0,4608,197790948126
25.6776,38.9445,7.79703,14.0469,80,80,79,2505,2800,0.479134,31,11.1,0,0,4608,197829891751
26.8859,37.1943,7.79703,14.0469,80,80,79,2505,2800,0.479134,31,11.1,0,0,4608,197867086851
26.6496,37.524,7.79703,14.0469,80,80,79,2505,2800,0.479134,31,11.1,0,0,4608,197904612689
24.4166,40.9557,7.79703,14.0469,80,80,79,2505,2800,0.479134,31,11.1,0,0,4608,197945568401
25.5617,39.1211,7.79703,14.0469,80,80,79,2505,2800,0.479134,31,11.1,0,0,4608,197984691161
25.4661,39.2679,7.79703,14.0469,80,80,79,2505,2800,0.479134,31,11.1,0,0,4608,198023961366
26.0878,38.332,7.79703,14.0469,80,80,79,2505,2800,0.479134,31,11.1,0,0,4608,198062294481
26.6569,37.5137,7.79703,14.0469,80,80,79,2505,2800,0.479134,31,11.1,0,0,4608,198099808486
26.1845,38.1905,7.79703,14.0469,80,80,79,2505,2800,0.479134,31,11.1,0,0,4608,198138000869
26.0197,38.4325,7.79703,14.0469,80,80,79,2505,2800,0.479134,31,11.1,0,0,4608,198176434351
25.1309,39.7916,7.79703,14.0469,80,80,79,2505,2800,0.479134,31,11.1,0,0,4608,198216228093
26.9979,37.0399,7.79703,14.0469,80,80,79,2505,2800,0.479134,31,11.1,0,0,4608,198253271671
24.1895,41.3402,7.6537,14.5928,80,70,79,2208,2800,0.479134,31,11.0998,0,0,4636,198294609085
24.4564,40.8891,7.6537,14.5928,80,70,79,2208,2800,0.479134,31,11.0998,0,0,4636,198335499896
25.1061,39.831,7.6537,14.5928,80,70,79,2208,2800,0.479134,31,11.0998,0,0,4636,198375332872
24.4734,40.8607,7.6537,14.5928,80,70,79,2208,2800,0.479134,31,11.0998,0,0,4636,198416194779
26.05,38.3877,7.6537,14.5928,80,70,79,2208,2800,0.479134,31,11.0998,0,0,4636,198454584119
25.6095,39.048,7.6537,14.5928,80,70,79,2208,2800,0.479134,31,11.0998,0,0,4636,198493632219
24.143,41.4198,7.6537,14.5928,80,70,79,2208,2800,0.479134,31,11.0998,0,0,4636,198535053670
24.1538,41.4014,7.6537,14.5928,80,70,79,2208,2800,0.479134,31,11.0998,0,0,4636,198576456147
24.4133,40.9613,7.6537,14.5928,80,70,79,2208,2800,0.479134,31,11.0998,0,0,4636,198617418080
25.597,39.067,7.6537,14.5928,80,70,79,2208,2800,0.479134,31,11.0998,0,0,4636,198656486558
24.6042,40.6435,7.6537,14.5928,80,70,79,2208,2800,0.479134,31,11.0998,0,0,4636,198697131300
26.4181,37.8528,7.6537,14.5928,80,70,79,2208,2800,0.479134,31,11.0998,0,0,4636,198734985160
25.5835,39.0878,7.6537,14.5928,80,70,79,2208,2800,0.479134,31,11.0998,0,0,4636,198774077723
22.8088,43.8428,12.0773,11.2127,80,70,78,2484,2800,0.479134,31,11.1008,0,0,4198,198817917801
25.8861,38.6307,12.0773,11.2127,80,70,78,2484,2800,0.479134,31,11.1008,0,0,4198,198856549473
26.9243,37.1412,12.0773,11.2127,80,70,78,2484,2800,0.479134,31,11.1008,0,0,4198,198893692566
26.275,38.059,12.0773,11.2127,80,70,78,2484,2800,0.479134,31,11.1008,0,0,4198,198931752131
26.2958,38.0289,12.0773,11.2127,80,70,78,2484,2800,0.479134,31,11.1008,0,0,4198,198969782070
25.3716,39.4142,12.0773,11.2127,80,70,78,2484,2800,0.479134,31,11.1008,0,0,4198,199009197486
24.6742,40.5281,12.0773,11.2127,80,70,78,2484,2800,0.479134,31,11.1008,0,0,4198,199049725409
27.2591,36.6849,12.0773,11.2127,80,70,78,2484,2800,0.479134,31,11.1008,0,0,4198,199086414614
27.1094,36.8876,12.0773,11.2127,80,70,78,2484,2800,0.479134,31,11.1008,0,0,4198,199123300557
25.0482,39.9231,12.0773,11.2127,80,70,78,2484,2800,0.479134,31,11.1008,0,0,4198,199163225144
26.9475,37.1092,12.0773,11.2127,80,70,78,2484,2800,0.479134,31,11.1008,0,0,4198,199200334845
25.082,39.8692,12.0773,11.2127,80,70,78,2484,2800,0.479134,31,11.1008,0,0,4198,199240206202
25.5599,39.1237,12.0773,11.2127,80,70,78,2484,2800,0.479134,31,11.1008,0,0,4198,199279332749
25.69,38.9256,8.91089,13.0211,80,72,78,2594,2800,0.479134,32,11.1006,0,0,4619,199318256797
26.7592,37.3703,8.91089,13.0211,80,72,78,2594,2800,0.479134,32,11.1006,0,0,4619,199355628277
25.5749,39.1008,8.91089,13.0211,80,72,78,2594,2800,0.479134,32,11.1006,0,0,4619,199394731389
28.1256,35.5547,8.91089,13.0211,80,72,78,2594,2800,0.479134,32,11.1006,0,0,4619,199430286608
27.5925,36.2417,8.91089,13.0211,80,72,78,2594,2800,0.479134,32,11.1006,0,0,4619,199466530121
27.2354,36.7169,8.91089,13.0211,80,72,78,2594,2800,0.479134,32,11.1006,0,0,4619,199503248451
26.4675,37.7822,8.91089,13.0211,80,72,78,2594,2800,0.479134,32,11.1006,0,0,4619,199541031038
26.1345,38.2637,8.91089,13.0211,80,72,78,2594,2800,0.479134,32,11.1006,0,0,4619,199579296477
24.9407,40.0952,8.91089,13.0211,80,72,78,2594,2800,0.479134,32,11.1006,0,0,4619,199619394187
27.2266,36.7288,8.91089,13.0211,80,72,78,2594,2800,0.479134,32,11.1006,0,0,4619,199656123738
26.9454,37.1121,8.91089,13.0211,80,72,78,2594,2800,0.479134,32,11.1006,0,0,4619,199693234931
24.319,41.12,8.91089,13.0211,80,72,78,2594,2800,0.479134,32,11.1006,0,0,4619,199734357495
26.3459,37.9565,8.91089,13.0211,80,72,78,2594,2800,0.479134,32,11.1006,0,0,4619,199772315590
25.2735,39.5672,8.91089,13.0211,80,72,78,2594,2800,0.479134,32,11.1006,0,0,4619,199811887598
25.3642,39.4257,9.37866,12.1559,80,78,78,2295,2800,0.479134,33,11.1022,0,0,4597,199851310738
26.2652,38.0732,9.37866,12.1559,80,78,78,2295,2800,0.479134,33,11.1022,0,0,4597,199889386643
27.0454,36.9749,9.37866,12.1559,80,78,78,2295,2800,0.479134,33,11.1022,0,0,4597,199926364107
27.3155,36.6092,9.37866,12.1559,80,78,78,2295,2800,0.479134,33,11.1022,0,0,4597,199962972732
28.383,35.2323,9.37866,12.1559,80,78,78,2295,2800,0.479134,33,11.1022,0,0,4597,199998207883
28.6896,34.8559,9.37866,12.1559,80,78,78,2295,2800,0.479134,33,11.1022,0,0,4597,200033065579
27.2558,36.6894,9.37866,12.1559,80,78,78,2295,2800,0.479134,33,11.1022,0,0,4597,200069754654
27.1646,36.8127,9.37866,12.1559,80,78,78,2295,2800,0.479134,33,11.1022,0,0,4597,200106571097
27.3018,36.6276,9.37866,12.1559,80,78,78,2295,2800,0.479134,33,11.1022,0,0,4597,200143203567
25.1528,39.7569,9.37866,12.1559,80,78,78,2295,2800,0.479134,33,11.1022,0,0,4597,200182961372
28.9041,34.5971,9.37866,12.1559,80,78,78,2295,2800,0.479134,33,11.1022,0,0,4597,200217556848
27.4093,36.484,9.37866,12.1559,80,78,78,2295,2800,0.479134,33,11.1022,0,0,4597,200254044418
27.7717,36.0079,9.37866,12.1559,80,78,78,2295,2800,0.479134,33,11.1022,0,0,4597,200290052972
27.2959,36.6356,9.37866,12.1559,80,78,78,2295,2800,0.479134,33,11.1022,0,0,4597,200326690682
26.2783,38.0542,8.64799,13.9159,79,71,77,2600,2800,0.479134,31,11.1017,0,0,4636,200364743343
27.74,36.049,8.64799,13.9159,79,71,77,2600,2800,0.479134,31,11.1017,0,0,4636,200400795730
27.7576,36.0261,8.64799,13.9159,79,71,77,2600,2800,0.479134,31,11.1017,0,0,4636,200436822088
25.9198,38.5805,8.64799,13.9159,79,71,77,2600,2800,0.479134,31,11.1017,0,0,4636,200475405209
25.385,39.3934,8.64799,13.9159,79,71,77,2600,2800,0.479134,31,11.1017,0,0,4636,200514797653
25.0759,39.8789,8.64799,13.9159,79,71,77,2600,2800,0.479134,31,11.1017,0,0,4636,200554677175
26.5752,37.629,8.64799,13.9159,79,71,77,2600,2800,0.479134,31,11.1017,0,0,4636,200592308991
26.0722,38.355,8.64799,13.9159,79,71,77,2600,2800,0.479134,31,11.1017,0,0,4636,200630664458
26.7708,37.3542,8.64799,13.9159,79,71,77,2600,2800,0.479134,31,11.1017,0,0,4636,200668019577
26.5036,37.7308,8.64799,13.9159,79,71,77,2600,2800,0.479134,31,11.1017,0,0,4636,200705750647
26.7361,37.4027,8.64799,13.9159,79,71,77,2600,2800,0.479134,31,11.1017,0,0,4636,200743154177
27.0611,36.9534,8.64799,13.9159,79,71,77,2600,2800,0.479134,31,11.1017,0,0,4636,200780109089
25.179,39.7156,8.64799,13.9159,79,71,77,2600,2800,0.479134,31,11.1017,0,0,4636,200819826278
28.117,35.5656,8.64799,13.9159,79,71,77,2600,2800,0.479134,31,11.1017,0,0,4636,200855395583
29.4109,34.001,12.9608,13.9948,79,71,78,2600,2800,0.479134,35,11.0982,0,0,4633,200889396408
27.6251,36.199,12.9608,13.9948,79,71,78,2600,2800,0.479134,35,11.0982,0,0,4633,200925598565
31.3643,31.8834,12.9608,13.9948,79,71,78,2600,2800,0.479134,35,11.0982,0,0,4633,200957483319
28.7907,34.7334,12.9608,13.9948,79,71,78,2600,2800,0.479134,35,11.0982,0,0,4633,200992218617
27.6769,36.1312,12.9608,13.9948,79,71,78,2600,2800,0.479134,35,11.0982,0,0,4633,201028350341
28.6598,34.8921,12.9608,13.9948,79,71,78,2600,2800,0.479134,35,11.0982,0,0,4633,201063244345
28.0715,35.6234,12.9608,13.9948,79,71,78,2600,2800,0.479134,35,11.0982,0,0,4633,201098869113
28.5656,35.0071,12.9608,13.9948,79,71,78,2600,2800,0.479134,35,11.0982,0,0,4633,201133877190
28.5928,34.9738,12.9608,13.9948,79,71,78,2600,2800,0.479134,35,11.0982,0,0,4633,201168852125
29.5089,33.8881,12.9608,13.9948,79,71,78,2600,2800,0.479134,35,11.0982,0,0,4633,201202740090
36.5286,27.3758,12.9608,13.9948,79,71,78,2600,2800,0.479134,35,11.0982,0,0,4633,201230117649
35.6616,28.0413,12.9608,13.9948,79,71,78,2600,2800,0.479134,35,11.0982,0,0,4633,201258159268
31.5251,31.7207,12.9608,13.9948,79,71,78,2600,2800,0.479134,35,11.0982,0,0,4633,201289881439
31.1383,32.1148,12.9608,13.9948,79,71,78,2600,2800,0.479134,35,11.0982,0,0,4633,201321999800
30.1184,33.2023,12.9608,13.9948,79,71,78,2600,2800,0.479134,35,11.0982,0,0,4633,201355201103
32.8186,30.4705,12.9608,13.9948,79,71,78,2600,2800,0.479134,35,11.0982,0,0,4633,201385675975
38.9684,25.6618,8.41232,14.2408,78,73,77,2562,2800,0.479134,26,11.0989,0,0,4596,201411335787
34.7921,28.7422,8.41232,14.2408,78,73,77,2562,2800,0.479134,26,11.0989,0,0,4596,201440078615
34.7003,28.8182,8.41232,14.2408,78,73,77,2562,2800,0.479134,26,11.0989,0,0,4596,201468898147
35.3125,28.3186,8.41232,14.2408,78,73,77,2562,2800,0.479134,26,11.0989,0,0,4596,201497221021
37.0077,27.0214,8.41232,14.2408,78,73,77,2562,2800,0.479134,26,11.0989,0,0,4596,201524243306
34.1788,29.2579,8.41232,14.2408,78,73,77,2562,2800,0.479134,26,11.0989,0,0,4596,201553501857
39.1257,25.5587,8.41232,14.2408,78,73,77,2562,2800,0.479134,26,11.0989,0,0,4596,201579060190
35.1056,28.4854,8.41232,14.2408,78,73,77,2562,2800,0.479134,26,11.0989,0,0,4596,201607547190
34.8872,28.6638,8.41232,14.2408,78,73,77,2562,2800,0.479134,26,11.0989,0,0,4596,201636211472
32.2984,30.9612,8.41232,14.2408,78,73,77,2562,2800,0.479134,26,11.0989,0,0,4596,201667175828
39.2626,25.4695,8.41232,14.2408,78,73,77,2562,2800,0.479134,26,11.0989,0,0,4596,201692646456
33.9295,29.4729,8.41232,14.2408,78,73,77,2562,2800,0.479134,26,11.0989,0,0,4596,201722121001
33.8603,29.5331,8.41232,14.2408,78,73,77,2562,2800,0.479134,26,11.0989,0,0,4596,201751653554
40.1915,24.8809,8.41232,14.2408,78,73,77,2562,2800,0.479134,26,11.0989,0,0,4596,201776536455
33.5554,29.8015,8.41232,14.2408,78,73,77,2562,2800,0.479134,26,11.0989,0,0,4596,201806341316
34.0163,29.3977,8.41232,14.2408,78,73,77,2562,2800,0.479134,26,11.0989,0,0,4596,201835740199
36.7782,27.19,8.41232,14.2408,78,73,77,2562,2800,0.479134,26,11.0989,0,0,4596,201862932272
36.3534,27.5077,8.41232,14.2408,78,73,77,2562,2800,0.479134,26,11.0989,0,0,4596,201890443020
33.81,29.577,7.94045,15.4232,78,78,78,2373,2800,0.479134,25,11.1052,0,0,4626,201920017851
39.0651,25.5983,7.94045,15.4232,78,78,78,2373,2800,0.479134,25,11.1052,0,0,4626,201945625686
34.876,28.673,7.94045,15.4232,78,78,78,2373,2800,0.479134,25,11.1052,0,0,4626,201974297642
26.5284,37.6954,7.94045,15.4232,78,78,78,2373,2800,0.479134,25,11.1052,0,0,4626,202011989440
36.1199,27.6856,7.94045,15.4232,78,78,78,2373,2800,0.479134,25,11.1052,0,0,4626,202039676787
32.8486,30.4427,7.94045,15.4232,78,78,78,2373,2800,0.479134,25,11.1052,0,0,4626,202070119980
37.7408,26.4965,7.94045,15.4232,78,78,78,2373,2800,0.479134,25,11.1052,0,0,4626,202096619590
34.7497,28.7772,7.94045,15.4232,78,78,78,2373,2800,0.479134,25,11.1052,0,0,4626,202125399407
34.2222,29.2208,7.94045,15.4232,78,78,78,2373,2800,0.479134,25,11.1052,0,0,4626,202154619206
37.5247,26.6491,7.94045,15.4232,78,78,78,2373,2800,0.479134,25,11.1052,0,0,4626,202181269367
35.7421,27.9783,7.94045,15.4232,78,78,78,2373,2800,0.479134,25,11.1052,0,0,4626,202209250593
33.458,29.8882,7.94045,15.4232,78,78,78,2373,2800,0.479134,25,11.1052,0,0,4626,202239138920
35.8224,27.9155,7.94045,15.4232,78,78,78,2373,2800,0.479134,25,11.1052,0,0,4626,202267058211
38.9233,25.6915,7.94045,15.4232,78,78,78,2373,2800,0.479134,25,11.1052,0,0,4626,202292748800
33.537,29.8178,7.94045,15.4232,78,78,78,2373,2800,0.479134,25,11.1052,0,0,4626,202322570993
37.6831,26.5371,7.94045,15.4232,78,78,78,2373,2800,0.479134,25,11.1052,0,0,4626,202349111550
25.0551,39.912,7.94045,15.4232,78,78,78,2373,2800,0.479134,25,11.1052,0,0,4626,202389021880
32.1283,31.1252,7.94045,15.4232,78,78,78,2373,2800,0.479134,25,11.1052,0,0,4626,202420153458
39.7411,25.1628,8.57143,15.7713,79,71,79,2599,2800,0.479134,28,11.1073,0,0,4632,202445311743
33.754,29.6261,8.57143,15.7713,79,71,79,2599,2800,0.479134,28,11.1073,0,0,4632,202474940446
34.1159,29.3118,8.57143,15.7713,79,71,79,2599,2800,0.479134,28,11.1073,0,0,4632,202504254270
36.7831,27.1864,8.57143,15.7713,79,71,79,2599,2800,0.479134,28,11.1073,0,0,4632,202531440331
34.8936,28.6585,8.57143,15.7713,79,71,79,2599,2800,0.479134,28,11.1073,0,0,4632,202560099874
33.0939,30.217,8.57143,15.7713,79,71,79,2599,2800,0.479134,28,11.1073,0,0,4632,202590317997
34.9154,28.6407,8.57143,15.7713,79,71,79,2599,2800,0.479134,28,11.1073,0,0,4632,202618960027
31.5984,31.6472,8.57143,15.7713,79,71,79,2599,2800,0.479134,28,11.1073,0,0,4632,202650610875
36.5534,27.3573,8.57143,15.7713,79,71,79,2599,2800,0.479134,28,11.1073,0,0,4632,202677969829
33.2763,30.0515,8.57143,15.7713,79,71,79,2599,2800,0.479134,28,11.1073,0,0,4632,202708022163
34.3725,29.093,8.57143,15.7713,79,71,79,2599,2800,0.479134,28,11.1073,0,0,4632,202737117279
38.2094,26.1715,8.57143,15.7713,79,71,79,2599,2800,0.479134,28,11.1073,0,0,4632,202763289096
34.6515,28.8588,8.57143,15.7713,79,71,79,2599,2800,0.479134,28,11.1073,0,0,4632,202792149344
31.4886,31.7575,8.57143,15.7713,79,71,79,2599,2800,0.479134,28,11.1073,0,0,4632,202823907653
31.4681,31.7782,8.57143,15.7713,79,71,79,2599,2800,0.479134,28,11.1073,0,0,4632,202855687792
31.2969,31.9521,8.57143,15.7713,79,71,79,2599,2800,0.479134,28,11.1073,0,0,4632,202887640884
37.1843,26.8931,8.57143,15.7713,79,71,79,2599,2800,0.479134,28,11.1073,0,0,4632,202914534510
34.7458,28.7805,8.57143,15.7713,79,71,79,2599,2800,0.479134,28,11.1073,0,0,4632,202943319747
32.9282,30.3691,12.8916,11.6706,79,71,78,2538,2800,0.479134,30,11.1114,0,0,4610,202973687520
31.4411,31.8055,12.8916,11.6706,79,71,78,2538,2800,0.479134,30,11.1114,0,0,4610,203005495120
34.1974,29.242,12.8916,11.6706,79,71,78,2538,2800,0.479134,30,11.1114,0,0,4610,203034737702
36.5114,27.3887,12.8916,11.6706,79,71,78,2538,2800,0.479134,30,11.1114,0,0,4610,203062128495
34.6322,28.8749,12.8916,11.6706,79,71,78,2538,2800,0.479134,30,11.1114,0,0,4610,203091005234
34.1516,29.2812,12.8916,11.6706,79,71,78,2538,2800,0.479134,30,11.1114,0,0,4610,203120287359
40.611,24.6239,12.8916,11.6706,79,71,78,2538,2800,0.479134,30,11.1114,0,0,4610,203144914342
34.3576,29.1056,12.8916,11.6706,79,71,78,2538,2800,0.479134,30,11.1114,0,0,4610,203174019467
29.3267,34.0986,12.8916,11.6706,79,71,78,2538,2800,0.479134,30,11.1114,0,0,4610,203208119728
35.338,28.2982,12.8916,11.6706,79,71,78,2538,2800,0.479134,30,11.1114,0,0,4610,203236420682
32.6902,30.5902,12.8916,11.6706,79,71,78,2538,2800,0.479134,30,11.1114,0,0,4610,203267012462
38.3162,26.0987,12.8916,11.6706,79,71,78,2538,2800,0.479134,30,11.1114,0,0,4610,203293111664
34.3006,29.154,12.8916,11.6706,79,71,78,2538,2800,0.479134,30,11.1114,0,0,4610,203322266502
40.6264,24.6145,12.8916,11.6706,79,71,78,2538,2800,0.479134,30,11.1114,0,0,4610,203346883837
36.2751,27.5671,12.8916,11.6706,79,71,78,2538,2800,0.479134,30,11.1114,0,0,4610,203374452763
34.924,28.6336,12.8916,11.6706,79,71,78,2538,2800,0.479134,30,11.1114,0,0,4610,203403086408
39.6498,25.2208,12.8916,11.6706,79,71,78,2538,2800,0.479134,30,11.1114,0,0,4610,203428308772
35.917,27.842,12.8916,11.6706,79,71,78,2538,2800,0.479134,30,11.1114,0,0,4610,203456154997
43.2299,23.1321,8.22086,17.0512,79,74,77,2600,2800,0.479134,33,11.1106,0,0,4636,203479285065
37.1503,26.9177,8.22086,17.0512,79,74,77,2600,2800,0.479134,33,11.1106,0,0,4636,203506206422
41.2042,24.2694,8.22086,17.0512,79,74,77,2600,2800,0.479134,33,11.1106,0,0,4636,203530478903
33.3748,29.9627,8.22086,17.0512,79,74,77,2600,2800,0.479134,33,11.1106,0,0,4636,203560443543
37.6516,26.5593,8.22086,17.0512,79,74,77,2600,2800,0.479134,33,11.1106,0,0,4636,203587002343
39.9346,25.0409,8.22086,17.0512,79,74,77,2600,2800,0.479134,33,11.1106,0,0,4636,203612042818
36.6932,27.253,8.22086,17.0512,79,74,77,2600,2800,0.479134,33,11.1106,0,0,4636,203639300544
42.2765,23.6538,8.22086,17.0512,79,74,77,2600,2800,0.479134,33,11.1106,0,0,4636,203662952687
35.9733,27.7984,8.22086,17.0512,79,74,77,2600,2800,0.479134,33,11.1106,0,0,4636,203690754568
41.8507,23.8945,8.22086,17.0512,79,74,77,2600,2800,0.479134,33,11.1106,0,0,4636,203714649464
36.6943,27.2522,8.22086,17.0512,79,74,77,2600,2800,0.479134,33,11.1106,0,0,4636,203741902280
32.6253,30.6511,8.22086,17.0512,79,74,77,2600,2800,0.479134,33,11.1106,0,0,4636,203772554614
37.898,26.3866,8.22086,17.0512,79,74,77,2600,2800,0.479134,33,11.1106,0,0,4636,203798943888
36.29,27.5558,8.22086,17.0512,79,74,77,2600,2800,0.479134,33,11.1106,0,0,4636,203826502214
39.9892,25.0068,8.22086,17.0512,79,74,77,2600,2800,0.479134,33,11.1106,0,0,4636,203851513074
35.4159,28.2359,8.22086,17.0512,79,74,77,2600,2800,0.479134,33,11.1106,0,0,4636,203879747263
33.9832,29.4263,8.22086,17.0512,79,74,77,2600,2800,0.479134,33,11.1106,0,0,4636,203909176172
32.0933,31.1591,8.22086,17.0512,79,74,77,2600,2800,0.479134,33,11.1106,0,0,4636,203940336444
34.1872,29.2507,8.22086,17.0512,79,74,77,2600,2800,0.479134,33,11.1106,0,0,4636,203969593172
35.2651,28.3566,8.47666,13.2036,78,77,76,800,2800,0.479134,35,11.1341,0,0,4615,203997948526
33.9611,29.4455,8.47666,13.2036,78,77,76,800,2800,0.479134,35,11.1341,0,0,4615,204027394728
31.4619,31.7844,8.47666,13.2036,78,77,76,800,2800,0.479134,35,11.1341,0,0,4615,204059179737
35.8659,27.8816,8.47666,13.2036,78,77,76,800,2800,0.479134,35,11.1341,0,0,4615,204087062629
35.7735,27.9537,8.47666,13.2036,78,77,76,800,2800,0.479134,35,11.1341,0,0,4615,204115017897
37.1707,26.9029,8.47666,13.2036,78,77,76,800,2800,0.479134,35,11.1341,0,0,4615,204141922433
35.3789,28.2654,8.47666,13.2036,78,77,76,800,2800,0.479134,35,11.1341,0,0,4615,204170189593
39.3357,25.4222,8.47666,13.2036,78,77,76,800,2800,0.479134,35,11.1341,0,0,4615,204195610578
36.3764,27.4903,8.47666,13.2036,78,77,76,800,2800,0.479134,35,11.1341,0,0,4615,204223102912
38.2493,26.1442,8.47666,13.2036,78,77,76,800,2800,0.479134,35,11.1341,0,0,4615,204249250584
36.6135,27.3123,8.47666,13.2036,78,77,76,800,2800,0.479134,35,11.1341,0,0,4615,204276562982
37.4981,26.668,8.47666,13.2036,78,77,76,800,2800,0.479134,35,11.1341,0,0,4615,204303231817
39.2534,25.4755,8.47666,13.2036,78,77,76,800,2800,0.479134,35,11.1341,0,0,4615,204328708657
24.8821,40.1895,8.47666,13.2036,78,77,76,800,2800,0.479134,35,11.1341,0,0,4615,204368899942
37.6234,26.5792,8.47666,13.2036,78,77,76,800,2800,0.479134,35,11.1341,0,0,4615,204395479521
34.9289,28.6296,8.47666,13.2036,78,77,76,800,2800,0.479134,35,11.1341,0,0,4615,204424111282
38.8893,25.714,8.47666,13.2036,78,77,76,800,2800,0.479134,35,11.1341,0,0,4615,204449836566
37.1547,26.9145,8.47666,13.2036,78,77,76,800,2800,0.479134,35,11.1341,0,0,4615,204476751381
35.6288,28.0672,8.59278,13.5452,78,71,77,2572,2800,0.479134,28,11.1339,0,0,4633,204504816624
42.6535,23.4447,8.59278,13.5452,78,71,77,2572,2800,0.479134,28,11.1339,0,0,4633,204528263934
35.0834,28.5035,8.59278,13.5452,78,71,77,2572,2800,0.479134,28,11.1339,0,0,4633,204556766494
44.9235,22.2601,8.59278,13.5452,78,71,77,2572,2800,0.479134,28,11.1339,0,0,4633,204579029774
33.3318,30.0013,8.59278,13.5452,78,71,77,2572,2800,0.479134,28,11.1339,0,0,4633,204609030431
32.9105,30.3855,8.59278,13.5452,78,71,77,2572,2800,0.479134,28,11.1339,0,0,4633,204639419813
39.9415,25.0366,8.59278,13.5452,78,71,77,2572,2800,0.479134,28,11.1339,0,0,4633,204664456241
35.0645,28.5189,8.59278,13.5452,78,71,77,2572,2800,0.479134,28,11.1339,0,0,4633,204692976073
37.6886,26.5332,8.59278,13.5452,78,71,77,2572,2800,0.479134,28,11.1339,0,0,4633,204719514635
41.6341,24.0188,8.59278,13.5452,78,71,77,2572,2800,0.479134,28,11.1339,0,0,4633,204743533553
36.6174,27.3095,8.59278,13.5452,78,71,77,2572,2800,0.479134,28,11.1339,0,0,4633,204770842043
40.477,24.7054,8.59278,13.5452,78,71,77,2572,2800,0.479134,28,11.1339,0,0,4633,204795550749
36.4212,27.4565,8.59278,13.5452,78,71,77,2572,2800,0.479134,28,11.1339,0,0,4633,204823006273
46.8948,21.3243,8.59278,13.5452,78,71,77,2572,2800,0.479134,28,11.1339,0,0,4633,204844334928
34.4085,29.0626,8.59278,13.5452,78,71,77,2572,2800,0.479134,28,11.1339,0,0,4633,204873399126
43.1464,23.1769,8.59278,13.5452,78,71,77,2572,2800,0.479134,28,11.1339,0,0,4633,204896576633
34.8479,28.6961,8.59278,13.5452,78,71,77,2572,2800,0.479134,28,11.1339,0,0,4633,204925275700
28.1651,35.505,8.59278,13.5452,78,71,77,2572,2800,0.479134,28,11.1339,0,0,4633,204960780393
45.1489,22.1489,8.59278,13.5452,78,71,77,2572,2800,0.479134,28,11.1339,0,0,4633,204982941212
38.0206,26.3015,12.9193,15.084,77,71,77,2600,2800,0.479134,31,11.1401,0,0,4636,205009234326
38.9642,25.6646,12.9193,15.084,77,71,77,2600,2800,0.479134,31,11.1401,0,0,4636,205034902103
39.3401,25.4194,12.9193,15.084,77,71,77,2600,2800,0.479134,31,11.1401,0,0,4636,205060320814
36.8398,27.1445,12.9193,15.084,77,71,77,2600,2800,0.479134,31,11.1401,0,0,4636,205087467632
42.2421,23.6731,12.9193,15.084,77,71,77,2600,2800,0.479134,31,11.1401,0,0,4636,205111142428
36.6948,27.2518,12.9193,15.084,77,71,77,2600,2800,0.479134,31,11.1401,0,0,4636,205138395765
41.4556,24.1222,12.9193,15.084,77,71,77,2600,2800,0.479134,31,11.1401,0,0,4636,205162519969
34.7854,28.7477,12.9193,15.084,77,71,77,2600,2800,0.479134,31,11.1401,0,0,4636,205191270181
45.4711,21.992,12.9193,15.084,77,71,77,2600,2800,0.479134,31,11.1401,0,0,4636,205213262645
35.5108,28.1604,12.9193,15.084,77,71,77,2600,2800,0.479134,31,11.1401,0,0,4636,205241424929
42.9089,23.3052,12.9193,15.084,77,71,77,2600,2800,0.479134,31,11.1401,0,0,4636,205264736076
35.6028,28.0877,12.9193,15.084,77,71,77,2600,2800,0.479134,31,11.1401,0,0,4636,205292820695
40.8212,24.4971,12.9193,15.084,77,71,77,2600,2800,0.479134,31,11.1401,0,0,4636,205317317084
38.6314,25.8857,12.9193,15.084,77,71,77,2600,2800,0.479134,31,11.1401,0,0,4636,205343208017
38.2943,26.1135,12.9193,15.084,77,71,77,2600,2800,0.479134,31,11.1401,0,0,4636,205369321426
39.7895,25.1323,12.9193,15.084,77,71,77,2600,2800,0.479134,31,11.1401,0,0,4636,205394456448
35.9792,27.7939,12.9193,15.084,77,71,77,2600,2800,0.479134,31,11.1401,0,0,4636,205422249332
44.6471,22.3979,12.9193,15.084,77,71,77,2600,2800,0.479134,31,11.1401,0,0,4636,205444651521
31.338,31.9101,12.9193,15.084,77,71,77,2600,2800,0.479134,31,11.1401,0,0,4636,205476560571
43.6173,22.9267,12.9193,15.084,77,71,77,2600,2800,0.479134,31,11.1401,0,0,4636,205499497239
34.625,28.8809,7.43902,13.7582,77,73,76,2326,2800,0.479134,27,11.1386,0,0,4627,205528373025
41.8391,23.9011,7.43902,13.7582,77,73,76,2326,2800,0.479134,27,11.1386,0,0,4627,205552276728
43.3276,23.08,7.43902,13.7582,77,73,76,2326,2800,0.479134,27,11.1386,0,0,4627,205575356241
39.4907,25.3224,7.43902,13.7582,77,73,76,2326,2800,0.479134,27,11.1386,0,0,4627,205600683352
37.0363,27.0006,7.43902,13.7582,77,73,76,2326,2800,0.479134,27,11.1386,0,0,4627,205627683035
35.2734,28.35,7.43902,13.7582,77,73,76,2326,2800,0.479134,27,11.1386,0,0,4627,205656036757
44.8131,22.3149,7.43902,13.7582,77,73,76,2326,2800,0.479134,27,11.1386,0,0,4627,205678355440
35.2103,28.4008,7.43902,13.7582,77,73,76,2326,2800,0.479134,27,11.1386,0,0,4627,205706763283
41.8882,23.8731,7.43902,13.7582,77,73,76,2326,2800,0.479134,27,11.1386,0,0,4627,205730630868
35.7202,27.9954,7.43902,13.7582,77,73,76,2326,2800,0.479134,27,11.1386,0,0,4627,205758626902
40.7725,24.5264,7.43902,13.7582,77,73,76,2326,2800,0.479134,27,11.1386,0,0,4627,205783153909
38.6906,25.8461,7.43902,13.7582,77,73,76,2326,2800,0.479134,27,11.1386,0,0,4627,205809004016
42.5151,23.5211,7.43902,13.7582,77,73,76,2326,2800,0.479134,27,11.1386,0,0,4627,205832524493
36.5017,27.396,7.43902,13.7582,77,73,76,2326,2800,0.479134,27,11.1386,0,0,4627,205859921919
37.7621,26.4816,7.43902,13.7582,77,73,76,2326,2800,0.479134,27,11.1386,0,0,4627,205886404867
41.5051,24.0934,7.43902,13.7582,77,73,76,2326,2800,0.479134,27,11.1386,0,0,4627,205910499166
38.6439,25.8773,7.43902,13.7582,77,73,76,2326,2800,0.479134,27,11.1386,0,0,4627,205936380491
33.3941,29.9454,7.43902,13.7582,77,73,76,2326,2800,0.479134,27,11.1386,0,0,4627,205966326446
37.729,26.5048,7.43902,13.7582,77,73,76,2326,2800,0.479134,27,11.1386,0,0,4627,205992833870
42.9988,23.2565,7.43902,13.7582,77,73,76,2326,2800,0.479134,27,11.1386,0,0,4627,206016093220
39.3741,25.3974,7.78589,13.8505,78,77,76,2600,2800,0.479134,29,11.1352,0,0,4626,206041487886
41.6007,24.0381,7.78589,13.8505,78,77,76,2600,2800,0.479134,29,11.1352,0,0,4626,206065528535
36.5533,27.3573,7.78589,13.8505,78,77,76,2600,2800,0.479134,29,11.1352,0,0,4626,206092885135
38.3097,26.1031,7.78589,13.8505,78,77,76,2600,2800,0.479134,29,11.1352,0,0,4626,206118992913
41.3287,24.1963,7.78589,13.8505,78,77,76,2600,2800,0.479134,29,11.1352,0,0,4626,206143190113
38.9157,25.6966,7.78589,13.8505,78,77,76,2600,2800,0.479134,29,11.1352,0,0,4626,206168887004
39.293,25.4498,7.78589,13.8505,78,77,76,2600,2800,0.479134,29,11.1352,0,0,4626,206194341252
34.5094,28.9776,7.78589,13.8505,78,77,76,2600,2800,0.479134,29,11.1352,0,0,4626,206223317336
44.2418,22.6031,7.78589,13.8505,78,77,76,2600,2800,0.479134,29,11.1352,0,0,4626,206245922925
36.9913,27.0334,7.78589,13.8505,78,77,76,2600,2800,0.479134,29,11.1352,0,0,4626,206272959698
40.7675,24.5293,7.78589,13.8505,78,77,76,2600,2800,0.479134,29,11.1352,0,0,4626,206297488237
35.8894,27.8634,7.78589,13.8505,78,77,76,2600,2800,0.479134,29,11.1352,0,0,4626,206325354879
45.7787,21.8442,7.78589,13.8505,78,77,76,2600,2800,0.479134,29,11.1352,0,0,4626,206347198786
33.7457,29.6334,7.78589,13.8505,78,77,76,2600,2800,0.479134,29,11.1352,0,0,4626,206376839661
43.9398,22.7584,7.78589,13.8505,78,77,76,2600,2800,0.479134,29,11.1352,0,0,4626,206399597554
35.2119,28.3995,7.78589,13.8505,78,77,76,2600,2800,0.479134,29,11.1352,0,0,4626,206427999446
40.3311,24.7948,7.78589,13.8505,78,77,76,2600,2800,0.479134,29,11.1352,0,0,4626,206452796967
39.4452,25.3517,7.78589,13.8505,78,77,76,2600,2800,0.479134,29,11.1352,0,0,4626,206478149906
38.457,26.0031,7.78589,13.8505,78,77,76,2600,2800,0.479134,29,11.1352,0,0,4626,206504154441
36.9601,27.0562,7.78589,13.8505,78,77,76,2600,2800,0.479134,29,11.1352,0,0,4626,206531217924
37.1722,26.9018,8.84848,15.0608,78,71,78,2297,2800,0.479134,32,11.1334,0,0,4234,206558115637
44.0195,22.7172,8.84848,15.0608,78,71,78,2297,2800,0.479134,32,11.1334,0,0,4234,206580834778
35.6536,28.0477,8.84848,15.0608,78,71,78,2297,2800,0.479134,32,11.1334,0,0,4234,206608882869
43.0284,23.2404,8.84848,15.0608,78,71,78,2297,2800,0.479134,32,11.1334,0,0,4234,206632125718
34.5537,28.9405,8.84848,15.0608,78,71,78,2297,2800,0.479134,32,11.1334,0,0,4234,206661069150
41.575,24.0529,8.84848,15.0608,78,71,78,2297,2800,0.479134,32,11.1334,0,0,4234,206685128874
38.0388,26.2889,8.84848,15.0608,78,71,78,2297,2800,0.479134,32,11.1334,0,0,4234,206711413673
37.9379,26.3589,8.84848,15.0608,78,71,78,2297,2800,0.479134,32,11.1334,0,0,4234,206737773642
40.7209,24.5574,8.84848,15.0608,78,71,78,2297,2800,0.479134,32,11.1334,0,0,4234,206762333901
33.9295,29.4729,8.84848,15.0608,78,71,78,2297,2800,0.479134,32,11.1334,0,0,4234,206791806181
46.2875,21.6041,8.84848,15.0608,78,71,78,2297,2800,0.479134,32,11.1334,0,0,4234,206813413456
36.3748,27.4916,8.84848,15.0608,78,71,78,2297,2800,0.479134,32,11.1334,0,0,4234,206840907552
42.1961,23.6989,8.84848,15.0608,78,71,78,2297,2800,0.479134,32,11.1334,0,0,4234,206864606032
36.0543,27.7359,8.84848,15.0608,78,71,78,2297,2800,0.479134,32,11.1334,0,0,4234,206892342170
42.3895,23.5907,8.84848,15.0608,78,71,78,2297,2800,0.479134,32,11.1334,0,0,4234,206915940022
38.201,26.1773,8.84848,15.0608,78,71,78,2297,2800,0.479134,32,11.1334,0,0,4234,206942115296
37.6752,26.5427,8.84848,15.0608,78,71,78,2297,2800,0.479134,32,11.1334,0,0,4234,206968662314
38.6965,25.8422,8.84848,15.0608,78,71,78,2297,2800,0.479134,32,11.1334,0,0,4234,206994503785
35.8294,27.91,8.84848,15.0608,78,71,78,2297,2800,0.479134,32,11.1334,0,0,4234,207022413999
44.7727,22.3351,8.84848,15.0608,78,71,78,2297,2800,0.479134,32,11.1334,0,0,4234,207044756887
35.7003,28.0109,11.7503,11.1714,78,70,77,2600,2800,0.479134,33,11.1199,0,0,4624,207072765615
40.6107,24.624,11.7503,11.1714,78,70,77,2600,2800,0.479134,33,11.1199,0,0,4624,207097389252
36.8701,27.1222,11.7503,11.1714,78,70,77,2600,2800,0.479134,33,11.1199,0,0,4624,207124515692
39.8271,25.1085,11.7503,11.1714,78,70,77,2600,2800,0.479134,33,11.1199,0,0,4624,207149621719
38.8485,25.741,11.7503,11.1714,78,70,77,2600,2800,0.479134,33,11.1199,0,0,4624,207175367351
39.6646,25.2114,11.7503,11.1714,78,70,77,2600,2800,0.479134,33,11.1199,0,0,4624,207200580339
36.6172,27.3096,11.7503,11.1714,78,70,77,2600,2800,0.479134,33,11.1199,0,0,4624,207227890472
37.7495,26.4904,11.7503,11.1714,78,70,77,2600,2800,0.479134,33,11.1199,0,0,4624,207254381496
44.9607,22.2416,11.7503,11.1714,78,70,77,2600,2800,0.479134,33,11.1199,0,0,4624,207276625469
38.3672,26.0639,11.7503,11.1714,78,70,77,2600,2800,0.479134,33,11.1199,0,0,4624,207302693744
37.8544,26.417,11.7503,11.1714,78,70,77,2600,2800,0.479134,33,11.1199,0,0,4624,207329110218
34.9969,28.574,11.7503,11.1714,78,70,77,2600,2800,0.479134,33,11.1199,0,0,4624,207357686365
45.3042,22.073,11.7503,11.1714,78,70,77,2600,2800,0.479134,33,11.1199,0,0,4624,207379761714
35.3412,28.2956,11.7503,11.1714,78,70,77,2600,2800,0.479134,33,11.1199,0,0,4624,207408056916
41.6374,24.0169,11.7503,11.1714,78,70,77,2600,2800,0.479134,33,11.1199,0,0,4624,207432075283
36.9708,27.0483,11.7503,11.1714,78,70,77,2600,2800,0.479134,33,11.1199,0,0,4624,207459124960
41.9341,23.847,11.7503,11.1714,78,70,77,2600,2800,0.479134,33,11.1199,0,0,4624,207482977898
36.0189,27.7632,11.7503,11.1714,78,70,77,2600,2800,0.479134,33,11.1199,0,0,4624,207510742730
43.5897,22.9412,11.7503,11.1714,78,70,77,2600,2800,0.479134,33,11.1199,0,0,4624,207533683465
36.3594,27.5032,11.7503,11.1714,78,70,77,2600,2800,0.479134,33,11.1199,0,0,4624,207561192639
39.1921,25.5154,8.11138,13.598,79,74,77,2545,2800,0.479134,29,11.0985,0,0,4617,207586704835
38.8761,25.7227,8.11138,13.598,79,74,77,2545,2800,0.479134,29,11.0985,0,0,4617,207612427785
38.4191,26.0287,8.11138,13.598,79,74,77,2545,2800,0.479134,29,11.0985,0,0,4617,207638459721
39.8964,25.0649,8.11138,13.598,79,74,77,2545,2800,0.479134,29,11.0985,0,0,4617,207663524773
34.5269,28.9629,8.11138,13.598,79,74,77,2545,2800,0.479134,29,11.0985,0,0,4617,207692490617
42.8156,23.3559,8.11138,13.598,79,74,77,2545,2800,0.479134,29,11.0985,0,0,4617,207715851176
39.1407,25.5489,8.11138,13.598,79,74,77,2545,2800,0.479134,29,11.0985,0,0,4617,207741400972
41.5869,24.046,8.11138,13.598,79,74,77,2545,2800,0.479134,29,11.0985,0,0,4617,207765447652
33.7655,29.616,8.11138,13.598,79,74,77,2545,2800,0.479134,29,11.0985,0,0,4617,207795066275
39.9986,25.0009,8.11138,13.598,79,74,77,2545,2800,0.479134,29,11.0985,0,0,4617,207820067437
42.7237,23.4062,8.11138,13.598,79,74,77,2545,2800,0.479134,29,11.0985,0,0,4617,207843475304
38.7272,25.8217,8.11138,13.598,79,74,77,2545,2800,0.479134,29,11.0985,0,0,4617,207869300855
36.9146,27.0896,8.11138,13.598,79,74,77,2545,2800,0.479134,29,11.0985,0,0,4617,207896390336
38.2347,26.1543,8.11138,13.598,79,74,77,2545,2800,0.479134,29,11.0985,0,0,4617,207922545903
42.8344,23.3457,8.11138,13.598,79,74,77,2545,2800,0.479134,29,11.0985,0,0,4617,207945893327
36.279,27.5641,8.11138,13.598,79,74,77,2545,2800,0.479134,29,11.0985,0,0,4617,207973457946
40.7882,24.5169,8.11138,13.598,79,74,77,2545,2800,0.479134,29,11.0985,0,0,4617,207997977879
33.2172,30.1049,8.11138,13.598,79,74,77,2545,2800,0.479134,29,11.0985,0,0,4617,208028085546
43.6717,22.8981,8.11138,13.598,79,74,77,2545,2800,0.479134,29,11.0985,0,0,4617,208050984222
38.0045,26.3127,8.11138,13.598,79,74,77,2545,2800,0.479134,29,11.0985,0,0,4617,208077301741
42.8509,23.3367,7.55177,13.5785,79,77,77,2576,2800,0.479134,40,11.1043,0,0,4592,208100636632
35.9671,27.8032,7.55177,13.5785,79,77,77,2576,2800,0.479134,40,11.1043,0,0,4592,208128441739
36.6391,27.2933,7.55177,13.5785,79,77,77,2576,2800,0.479134,40,11.1043,0,0,4592,208155736564
45.2414,22.1036,7.55177,13.5785,79,77,77,2576,2800,0.479134,40,11.1043,0,0,4592,208177846938
38.1958,26.1809,7.55177,13.5785,79,77,77,2576,2800,0.479134,40,11.1043,0,0,4592,208204025689
38.6997,25.84,7.55177,13.5785,79,77,77,2576,2800,0.479134,40,11.1043,0,0,4592,208229866488
37.9878,26.3242,7.55177,13.5785,79,77,77,2576,2800,0.479134,40,11.1043,0,0,4592,208256192314
38.4053,26.0381,7.55177,13.5785,79,77,77,2576,2800,0.479134,40,11.1043,0,0,4592,208282234609
38.5718,25.9257,7.55177,13.5785,79,77,77,2576,2800,0.479134,40,11.1043,0,0,4592,208308157863
41.9822,23.8196,7.55177,13.5785,79,77,77,2576,2800,0.479134,40,11.1043,0,0,4592,208331980334
34.3659,29.0986,7.55177,13.5785,79,77,77,2576,2800,0.479134,40,11.1043,0,0,4592,208361078075
42.1843,23.7055,7.55177,13.5785,79,77,77,2576,2800,0.479134,40,11.1043,0,0,4592,208384785581
36.7802,27.1885,7.55177,13.5785,79,77,77,2576,2800,0.479134,40,11.1043,0,0,4592,208411975330
42.1236,23.7397,7.55177,13.5785,79,77,77,2576,2800,0.479134,40,11.1043,0,0,4592,208435717761
36.6964,27.2506,7.55177,13.5785,79,77,77,2576,2800,0.479134,40,11.1043,0,0,4592,208462968844
37.6372,26.5694,7.55177,13.5785,79,77,77,2576,2800,0.479134,40,11.1043,0,0,4592,208489544666
41.0116,24.3833,7.55177,13.5785,79,77,77,2576,2800,0.479134,40,11.1043,0,0,4592,208513931361
37.5846,26.6066,7.55177,13.5785,79,77,77,2576,2800,0.479134,40,11.1043,0,0,4592,208540535145
38.8752,25.7233,7.55177,13.5785,79,77,77,2576,2800,0.479134,40,11.1043,0,0,4592,208566261140
38.8072,25.7684,7.55177,13.5785,79,77,77,2576,2800,0.479134,40,11.1043,0,0,4592,208592032530
36.7024,27.2462,9.1687,12.2427,79,71,75,2600,2800,0.479134,22,11.1134,0,0,4582,208619277081
39.8571,25.0897,9.1687,12.2427,79,71,75,2600,2800,0.479134,22,11.1134,0,0,4582,208644368722
40.4624,24.7143,9.1687,12.2427,79,71,75,2600,2800,0.479134,22,11.1134,0,0,4582,208669083699
36.4381,27.4438,9.1687,12.2427,79,71,75,2600,2800,0.479134,22,11.1134,0,0,4582,208696528954
41.9311,23.8486,9.1687,12.2427,79,71,75,2600,2800,0.479134,22,11.1134,0,0,4582,208720380740
39.2042,25.5074,9.1687,12.2427,79,71,75,2600,2800,0.479134,22,11.1134,0,0,4582,208745887246
39.6605,25.214,9.1687,12.2427,79,71,75,2600,2800,0.479134,22,11.1134,0,0,4582,208771103920
37.6693,26.5468,9.1687,12.2427,79,71,75,2600,2800,0.479134,22,11.1134,0,0,4582,208797651870
38.8823,25.7186,9.1687,12.2427,79,71,75,2600,2800,0.479134,22,11.1134,0,0,4582,208823372665
41.2025,24.2704,9.1687,12.2427,79,71,75,2600,2800,0.479134,22,11.1134,0,0,4582,208847646539
35.8151,27.9212,9.1687,12.2427,79,71,75,2600,2800,0.479134,22,11.1134,0,0,4582,208875568525
42.8147,23.3565,9.1687,12.2427,79,71,75,2600,2800,0.479134,22,11.1134,0,0,4582,208898925897
36.4757,27.4155,9.1687,12.2427,79,71,75,2600,2800,0.479134,22,11.1134,0,0,4582,208926342720
37.6702,26.5462,9.1687,12.2427,79,71,75,2600,2800,0.479134,22,11.1134,0,0,4582,208952889327
40.3853,24.7615,9.1687,12.2427,79,71,75,2600,2800,0.479134,22,11.1134,0,0,4582,208977651693
40.6413,24.6055,9.1687,12.2427,79,71,75,2600,2800,0.479134,22,11.1134,0,0,4582,209002259901
35.25,28.3688,9.1687,12.2427,79,71,75,2600,2800,0.479134,22,11.1134,0,0,4582,209030630114
41.797,23.9252,9.1687,12.2427,79,71,75,2600,2800,0.479134,22,11.1134,0,0,4582,209054558352
38.614,25.8974,9.1687,12.2427,79,71,75,2600,2800,0.479134,22,11.1134,0,0,4582,209080456008
40.7014,24.5692,9.1687,12.2427,79,71,75,2600,2800,0.479134,22,11.1134,0,0,4582,209105031766
37.5705,26.6167,11.0159,14.3389,79,71,78,2576,2800,0.479134,38,11.1107,0,0,4638,209131645218
36.1054,27.6967,11.0159,14.3389,79,71,78,2576,2800,0.479134,38,11.1107,0,0,4638,209159343716
39.642,25.2258,11.0159,14.3389,79,71,78,2576,2800,0.479134,38,11.1107,0,0,4638,209184571110
39.4714,25.3348,11.0159,14.3389,79,71,78,2576,2800,0.479134,38,11.1107,0,0,4638,209209906687
42.6851,23.4274,11.0159,14.3389,79,71,78,2576,2800,0.479134,38,11.1107,0,0,4638,209233335913
35.4226,28.2306,11.0159,14.3389,79,71,78,2576,2800,0.479134,38,11.1107,0,0,4638,209261568709
40.8807,24.4614,11.0159,14.3389,79,71,78,2576,2800,0.479134,38,11.1107,0,0,4638,209286029883
36.9262,27.081,11.0159,14.3389,79,71,78,2576,2800,0.479134,38,11.1107,0,0,4638,209313114124
44.2424,22.6028,11.0159,14.3389,79,71,78,2576,2800,0.479134,38,11.1107,0,0,4638,209335717058
34.7969,28.7382,11.0159,14.3389,79,71,78,2576,2800,0.479134,38,11.1107,0,0,4638,209364458103
37.7333,26.5018,11.0159,14.3389,79,71,78,2576,2800,0.479134,38,11.1107,0,0,4638,209390959175
40.1802,24.8879,11.0159,14.3389,79,71,78,2576,2800,0.479134,38,11.1107,0,0,4638,209415853197
43.6394,22.9151,11.0159,14.3389,79,71,78,2576,2800,0.479134,38,11.1107,0,0,4638,209438769045
36.7536,27.2083,11.0159,14.3389,79,71,78,2576,2800,0.479134,38,11.1107,0,0,4638,209465980665
37.5035,26.6642,11.0159,14.3389,79,71,78,2576,2800,0.479134,38,11.1107,0,0,4638,209492643780
37.862,26.4117,11.0159,14.3389,79,71,78,2576,2800,0.479134,38,11.1107,0,0,4638,209519055585
40.6392,24.6068,11.0159,14.3389,79,71,78,2576,2800,0.479134,38,11.1107,0,0,4638,209543664585
38.8614,25.7325,11.0159,14.3389,79,71,78,2576,2800,0.479134,38,11.1107,0,0,4638,209569399056
36.6239,27.3046,11.0159,14.3389,79,71,78,2576,2800,0.479134,38,11.1107,0,0,4638,209596703689
39.9127,25.0547,11.0159,14.3389,79,71,78,2576,2800,0.479134,38,11.1107,0,0,4638,209621764562
39.6593,25.2148,7.64563,10.3747,79,73,74,2600,2800,0.479134,31,11.102,0,0,4645,209646977049
42.8592,23.3322,7.64563,10.3747,79,73,74,2600,2800,0.479134,31,11.102,0,0,4645,209670312540
34.8974,28.6554,7.64563,10.3747,79,73,74,2600,2800,0.479134,31,11.102,0,0,4645,209698966924
40.4516,24.7209,7.64563,10.3747,79,73,74,2600,2800,0.479134,31,11.102,0,0,4645,209723692180
34.183,29.2543,7.64563,10.3747,79,73,74,2600,2800,0.479134,31,11.102,0,0,4645,209752948858
40.5008,24.6909,7.64563,10.3747,79,73,74,2600,2800,0.479134,31,11.102,0,0,4645,209777639460
42.7856,23.3724,7.64563,10.3747,79,73,74,2600,2800,0.479134,31,11.102,0,0,4645,209801011630
36.182,27.638,7.64563,10.3747,79,73,74,2600,2800,0.479134,31,11.102,0,0,4645,209828652881
42.4782,23.5415,7.64563,10.3747,79,73,74,2600,2800,0.479134,31,11.102,0,0,4645,209852195520
36.8983,27.1015,7.64563,10.3747,79,73,74,2600,2800,0.479134,31,11.102,0,0,4645,209879298436
42.1358,23.7328,7.64563,10.3747,79,73,74,2600,2800,0.479134,31,11.102,0,0,4645,209903034426
37.1293,26.9329,7.64563,10.3747,79,73,74,2600,2800,0.479134,31,11.102,0,0,4645,209929967164
37.7883,26.4633,7.64563,10.3747,79,73,74,2600,2800,0.479134,31,11.102,0,0,4645,209956435626
41.3108,24.2067,7.64563,10.3747,79,73,74,2600,2800,0.479134,31,11.102,0,0,4645,209980641402
35.3586,28.2816,7.64563,10.3747,79,73,74,2600,2800,0.479134,31,11.102,0,0,4645,210008924843
42.4942,23.5326,7.64563,10.3747,79,73,74,2600,2800,0.479134,31,11.102,0,0,4645,210032459406
37.5461,26.634,7.64563,10.3747,79,73,74,2600,2800,0.479134,31,11.102,0,0,4645,210059095230
38.596,25.9094,7.64563,10.3747,79,73,74,2600,2800,0.479134,31,11.102,0,0,4645,210085005840
37.4577,26.6968,7.64563,10.3747,79,73,74,2600,2800,0.479134,31,11.102,0,0,4645,210111702949
40.5037,24.6891,7.64563,10.3747,79,73,74,2600,2800,0.479134,31,11.102,0,0,4645,210136397689
36.4173,27.4595,7.33496,15.885,78,78,76,800,2800,0.479134,29,11.1043,0,0,4637,210163856930
40.9144,24.4413,7.33496,15.885,78,78,76,800,2800,0.479134,29,11.1043,0,0,4637,210188295992
34.2924,29.161,7.33496,15.885,78,78,76,800,2800,0.479134,29,11.1043,0,0,4637,210217459907
40.4948,24.6945,7.33496,15.885,78,78,76,800,2800,0.479134,29,11.1043,0,0,4637,210242156009
40.5131,24.6834,7.33496,15.885,78,78,76,800,2800,0.479134,29,11.1043,0,0,4637,210266840189
35.0705,28.514,7.33496,15.885,78,78,76,800,2800,0.479134,29,11.1043,0,0,4637,210295358097
41.4801,24.108,7.33496,15.885,78,78,76,800,2800,0.479134,29,11.1043,0,0,4637,210319466132
39.6631,25.2123,7.33496,15.885,78,78,76,800,2800,0.479134,29,11.1043,0,0,4637,210344680361
38.9017,25.7058,7.33496,15.885,78,78,76,800,2800,0.479134,29,11.1043,0,0,4637,210370389014
37.3172,26.7973,7.33496,15.885,78,78,76,800,2800,0.479134,29,11.1043,0,0,4637,210397186760
40.2962,24.8163,7.33496,15.885,78,78,76,800,2800,0.479134,29,11.1043,0,0,4637,210422004119
35.6624,28.0407,7.33496,15.885,78,78,76,800,2800,0.479134,29,11.1043,0,0,4637,210450045387
40.7475,24.5414,7.33496,15.885,78,78,76,800,2800,0.479134,29,11.1043,0,0,4637,210474592281
39.4095,25.3746,7.33496,15.885,78,78,76,800,2800,0.479134,29,11.1043,0,0,4637,210499965798
32.7279,30.555,7.33496,15.885,78,78,76,800,2800,0.479134,29,11.1043,0,0,4637,210530522323
35.8737,27.8756,7.33496,15.885,78,78,76,800,2800,0.479134,29,11.1043,0,0,4637,210558400266
35.4597,28.201,7.33496,15.885,78,78,76,800,2800,0.479134,29,11.1043,0,0,4637,210586600481
36.5022,27.3956,7.33496,15.885,78,78,76,800,2800,0.479134,29,11.1043,0,0,4637,210613999611
35.1218,28.4723,7.33496,15.885,78,78,76,800,2800,0.479134,29,11.1043,0,0,4637,210642474188
37.8397,26.4273,10.0746,15.114,79,71,77,2600,2800,0.479134,32,11.1029,0,0,4189,210668900070
34.9847,28.5839,10.0746,15.114,79,71,77,2600,2800,0.479134,32,11.1029,0,0,4189,210697486045
35.7911,27.9399,10.0746,15.114,79,71,77,2600,2800,0.479134,32,11.1029,0,0,4189,210725425694
37.4397,26.7096,10.0746,15.114,79,71,77,2600,2800,0.479134,32,11.1029,0,0,4189,210752140576
36.1825,27.6377,10.0746,15.114,79,71,77,2600,2800,0.479134,32,11.1029,0,0,4189,210779776016
35.1117,28.4805,10.0746,15.114,79,71,77,2600,2800,0.479134,32,11.1029,0,0,4189,210808259300
40.6445,24.6036,10.0746,15.114,79,71,77,2600,2800,0.479134,32,11.1029,0,0,4189,210832863871
37.4561,26.6979,10.0746,15.114,79,71,77,2600,2800,0.479134,32,11.1029,0,0,4189,210859561991
35.6885,28.0202,10.0746,15.114,79,71,77,2600,2800,0.479134,32,11.1029,0,0,4189,210887583212
42.0077,23.8052,10.0746,15.114,79,71,77,2600,2800,0.479134,32,11.1029,0,0,4189,210911388181
35.9649,27.8049,10.0746,15.114,79,71,77,2600,2800,0.479134,32,11.1029,0,0,4189,210939194991
38.0403,26.2879,10.0746,15.114,79,71,77,2600,2800,0.479134,32,11.1029,0,0,4189,210965484679
34.8495,28.6948,10.0746,15.114,79,71,77,2600,2800,0.479134,32,11.1029,0,0,4189,210994180900
34.2756,29.1752,10.0746,15.114,79,71,77,2600,2800,0.479134,32,11.1029,0,0,4189,211023359572
41.2778,24.2261,10.0746,15.114,79,71,77,2600,2800,0.479134,32,11.1029,0,0,4189,211047585336
35.4858,28.1803,10.0746,15.114,79,71,77,2600,2800,0.479134,32,11.1029,0,0,4189,211075767938
34.765,28.7645,10.0746,15.114,79,71,77,2600,2800,0.479134,32,11.1029,0,0,4189,211104533118
38.2691,26.1307,10.0746,15.114,79,71,77,2600,2800,0.479134,32,11.1029,0,0,4189,211130666825
32.9193,30.3773,10.0746,15.114,79,71,77,2600,2800,0.479134,32,11.1029,0,0,4189,211161048663
34.8342,28.7074,10.0606,11.6422,79,74,78,2351,2800,0.479134,33,11.1044,0,0,4569,211189755174
37.1328,26.9304,10.0606,11.6422,79,74,78,2351,2800,0.479134,33,11.1044,0,0,4569,211216686460
35.0954,28.4938,10.0606,11.6422,79,74,78,2351,2800,0.479134,33,11.1044,0,0,4569,211245182978
32.4076,30.8569,10.0606,11.6422,79,74,78,2351,2800,0.479134,33,11.1044,0,0,4569,211276039102
34.1287,29.3008,10.0606,11.6422,79,74,78,2351,2800,0.479134,33,11.1044,0,0,4569,211305342908
34.8944,28.6579,10.0606,11.6422,79,74,78,2351,2800,0.479134,33,11.1044,0,0,4569,211334001719
32.6458,30.6318,10.0606,11.6422,79,74,78,2351,2800,0.479134,33,11.1044,0,0,4569,211364637392
27.7506,36.0353,10.0606,11.6422,79,74,78,2351,2800,0.479134,33,11.1044,0,0,4569,211400671725
30.6465,32.6302,10.0606,11.6422,79,74,78,2351,2800,0.479134,33,11.1044,0,0,4569,211433303234
30.1484,33.1693,10.0606,11.6422,79,74,78,2351,2800,0.479134,33,11.1044,0,0,4569,211466474891
29.9645,33.3729,10.0606,11.6422,79,74,78,2351,2800,0.479134,33,11.1044,0,0,4569,211499849528
29.9494,33.3897,10.0606,11.6422,79,74,78,2351,2800,0.479134,33,11.1044,0,0,4569,211533238922
29.2328,34.2081,10.0606,11.6422,79,74,78,2351,2800,0.479134,33,11.1044,0,0,4569,211567449109
29.0907,34.3753,10.0606,11.6422,79,74,78,2351,2800,0.479134,33,11.1044,0,0,4569,211601824945
27.296,36.6354,10.0606,11.6422,79,74,78,2351,2800,0.479134,33,11.1044,0,0,4569,211638461883
30.704,32.5691,10.0606,11.6422,79,74,78,2351,2800,0.479134,33,11.1044,0,0,4569,211671035604
28.3795,35.2367,8.00493,13.6597,80,76,79,2159,2800,0.479134,28,11.1014,0,0,4635,211706270174
31.0224,32.2348,8.00493,13.6597,80,76,79,2159,2800,0.479134,28,11.1014,0,0,4635,211738505994
29.3205,34.1058,8.00493,13.6597,80,76,79,2159,2800,0.479134,28,11.1014,0,0,4635,211772612317
29.2421,34.1972,8.00493,13.6597,80,76,79,2159,2800,0.479134,28,11.1014,0,0,4635,211806811053
26.7428,37.3933,8.00493,13.6597,80,76,79,2159,2800,0.479134,28,11.1014,0,0,4635,211844207048
25.6556,38.9778,8.00493,13.6597,80,76,79,2159,2800,0.479134,28,11.1014,0,0,4635,211883185879
29.7372,33.628,8.00493,13.6597,80,76,79,2159,2800,0.479134,28,11.1014,0,0,4635,211916814660
28.026,35.6812,8.00493,13.6597,80,76,79,2159,2800,0.479134,28,11.1014,0,0,4635,211952496835
28.3485,35.2752,8.00493,13.6597,80,76,79,2159,2800,0.479134,28,11.1014,0,0,4635,211987772061
28.6941,34.8504,8.00493,13.6597,80,76,79,2159,2800,0.479134,28,11.1014,0,0,4635,212022623745
27.7831,35.9932,8.00493,13.6597,80,76,79,2159,2800,0.479134,28,11.1014,0,0,4635,212058618013
31.1374,32.1157,8.00493,13.6597,80,76,79,2159,2800,0.479134,28,11.1014,0,0,4635,212090736434
26.7483,37.3855,8.00493,13.6597,80,76,79,2159,2800,0.479134,28,11.1014,0,0,4635,212128125697
29.8677,33.481,8.00493,13.6597,80,76,79,2159,2800,0.479134,28,11.1014,0,0,4635,212161609157
30.7975,32.4702,8.00493,13.6597,80,76,79,2159,2800,0.479134,28,11.1014,0,0,4635,212194084104
30.6947,32.5789,10.7488,12.8201,81,71,79,800,2800,0.479134,39,11.0809,0,0,4591,212226658156
24.8907,40.1756,10.7488,12.8201,81,71,79,800,2800,0.479134,39,11.0809,0,0,4591,212266834733
29.852,33.4986,10.7488,12.8201,81,71,79,800,2800,0.479134,39,11.0809,0,0,4591,212300334854
29.5181,33.8775,10.7488,12.8201,81,71,79,800,2800,0.479134,39,11.0809,0,0,4591,212334213962
29.0632,34.4078,10.7488,12.8201,81,71,79,800,2800,0.479134,39,11.0809,0,0,4591,212368623371
30.0215,33.3095,10.7488,12.8201,81,71,79,800,2800,0.479134,39,11.0809,0,0,4591,212401935681
28.6554,34.8975,10.7488,12.8201,81,71,79,800,2800,0.479134,39,11.0809,0,0,4591,212436832540
28.3073,35.3266,10.7488,12.8201,81,71,79,800,2800,0.479134,39,11.0809,0,0,4591,212472162558
28.2307,35.4225,10.7488,12.8201,81,71,79,800,2800,0.479134,39,11.0809,0,0,4591,212507584518
28.5075,35.0785,10.7488,12.8201,81,71,79,800,2800,0.479134,39,11.0809,0,0,4591,212542665901
28.0363,35.668,10.7488,12.8201,81,71,79,800,2800,0.479134,39,11.0809,0,0,4591,212578336395
28.3289,35.2996,10.7488,12.8201,81,71,79,800,2800,0.479134,39,11.0809,0,0,4591,212613637118
29.2088,34.2363,10.7488,12.8201,81,71,79,800,2800,0.479134,39,11.0809,0,0,4591,212647875367
27.8978,35.8451,10.7488,12.8201,81,71,79,800,2800,0.479134,39,11.0809,0,0,4591,212683723993
28.1548,35.5179,10.7488,12.8201,81,71,79,800,2800,0.479134,39,11.0809,0,0,4591,212719244937
21.8039,45.8633,12.201,15.1063,81,72,77,2203,2800,0.479134,36,11.0835,0,0,4140,212765106589
28.82,34.6982,12.201,15.1063,81,72,77,2203,2800,0.479134,36,11.0835,0,0,4140,212799804948
28.5985,34.9669,12.201,15.1063,81,72,77,2203,2800,0.479134,36,11.0835,0,0,4140,212834772599
29.279,34.1542,12.201,15.1063,81,72,77,2203,2800,0.479134,36,11.0835,0,0,4140,212868928454
28.9744,34.5132,12.201,15.1063,81,72,77,2203,2800,0.479134,36,11.0835,0,0,4140,212903442609
29.2257,34.2164,12.201,15.1063,81,72,77,2203,2800,0.479134,36,11.0835,0,0,4140,212937660560
27.6045,36.226,12.201,15.1063,81,72,77,2203,2800,0.479134,36,11.0835,0,0,4140,212973887863
29.0338,34.4426,12.201,15.1063,81,72,77,2203,2800,0.479134,36,11.0835,0,0,4140,213008333930
30.4735,32.8154,12.201,15.1063,81,72,77,2203,2800,0.479134,36,11.0835,0,0,4140,213041147359
28.3941,35.2186,12.201,15.1063,81,72,77,2203,2800,0.479134,36,11.0835,0,0,4140,213076367682
30.3964,32.8986,12.201,15.1063,81,72,77,2203,2800,0.479134,36,11.0835,0,0,4140,213109268464
28.9236,34.5738,12.201,15.1063,81,72,77,2203,2800,0.479134,36,11.0835,0,0,4140,213143846999
29.4488,33.9572,12.201,15.1063,81,72,77,2203,2800,0.479134,36,11.0835,0,0,4140,213177803311
29.584,33.802,12.201,15.1063,81,72,77,2203,2800,0.479134,36,11.0835,0,0,4140,213211606849
29.1608,34.2926,12.201,15.1063,81,72,77,2203,2800,0.479134,36,11.0835,0,0,4140,213245901423
29.6966,33.6739,9.7006,13.9255,80,76,77,2600,2800,0.479134,35,11.0828,0,0,4624,213279573896
29.4164,33.9946,9.7006,13.9255,80,76,77,2600,2800,0.479134,35,11.0828,0,0,4624,213313569502
23.0996,43.2908,9.7006,13.9255,80,76,77,2600,2800,0.479134,35,11.0828,0,0,4624,213356864482
31.6104,31.6351,9.7006,13.9255,80,76,77,2600,2800,0.479134,35,11.0828,0,0,4624,213388500322
27.2746,36.6641,9.7006,13.9255,80,76,77,2600,2800,0.479134,35,11.0828,0,0,4624,213425165433
30.6013,32.6784,9.7006,13.9255,80,76,77,2600,2800,0.479134,35,11.0828,0,0,4624,213457845472
29.0912,34.3746,9.7006,13.9255,80,76,77,2600,2800,0.479134,35,11.0828,0,0,4624,213492220647
29.4114,34.0005,9.7006,13.9255,80,76,77,2600,2800,0.479134,35,11.0828,0,0,4624,213526224068
29.9878,33.3469,9.7006,13.9255,80,76,77,2600,2800,0.479134,35,11.0828,0,0,4624,213559570692
29.929,33.4124,9.7006,13.9255,80,76,77,2600,2800,0.479134,35,11.0828,0,0,4624,213592985865
28.1116,35.5726,9.7006,13.9255,80,76,77,2600,2800,0.479134,35,11.0828,0,0,4624,213628558145
28.7084,34.833,9.7006,13.9255,80,76,77,2600,2800,0.479134,35,11.0828,0,0,4624,213663395613
30.5118,32.7742,9.7006,13.9255,80,76,77,2600,2800,0.479134,35,11.0828,0,0,4624,213696167765
30.3251,32.976,9.7006,13.9255,80,76,77,2600,2800,0.479134,35,11.0828,0,0,4624,213729144909
29.545,33.8467,9.7006,13.9255,80,76,77,2600,2800,0.479134,35,11.0828,0,0,4624,213762994573
29.8115,33.5441,8.64799,12.5269,80,76,78,2585,2800,0.479134,28,11.0793,0,0,4611,213796540259
30.1483,33.1694,8.64799,12.5269,80,76,78,2585,2800,0.479134,28,11.0793,0,0,4611,213829709662
30.3694,32.9279,8.64799,12.5269,80,76,78,2585,2800,0.479134,28,11.0793,0,0,4611,213862639599
29.4186,33.9921,8.64799,12.5269,80,76,78,2585,2800,0.479134,28,11.0793,0,0,4611,213896631939
29.7803,33.5792,8.64799,12.5269,80,76,78,2585,2800,0.479134,28,11.0793,0,0,4611,213930215666
30.4523,32.8382,8.64799,12.5269,80,76,78,2585,2800,0.479134,28,11.0793,0,0,4611,213963054222
30.7242,32.5476,8.64799,12.5269,80,76,78,2585,2800,0.479134,28,11.0793,0,0,4611,213995602886
29.9973,33.3364,8.64799,12.5269,80,76,78,2585,2800,0.479134,28,11.0793,0,0,4611,214028940724
29.5908,33.7943,8.64799,12.5269,80,76,78,2585,2800,0.479134,28,11.0793,0,0,4611,214062735335
28.9181,34.5804,8.64799,12.5269,80,76,78,2585,2800,0.479134,28,11.0793,0,0,4611,214097318127
28.9487,34.5439,8.64799,12.5269,80,76,78,2585,2800,0.479134,28,11.0793,0,0,4611,214131863119
29.2321,34.2089,8.64799,12.5269,80,76,78,2585,2800,0.479134,28,11.0793,0,0,4611,214166071663
29.5562,33.8339,8.64799,12.5269,80,76,78,2585,2800,0.479134,28,11.0793,0,0,4611,214199906439
29.8892,33.4569,8.64799,12.5269,80,76,78,2585,2800,0.479134,28,11.0793,0,0,4611,214233367798
29.3725,34.0455,8.64799,12.5269,80,76,78,2585,2800,0.479134,28,11.0793,0,0,4611,214267418727
30.0946,33.2285,8.59278,15.1755,80,72,78,2523,2800,0.479134,35,11.0797,0,0,4624,214300645027
28.6075,34.9558,8.59278,15.1755,80,72,78,2523,2800,0.479134,35,11.0797,0,0,4624,214335605104
28.5066,35.0796,8.59278,15.1755,80,72,78,2523,2800,0.479134,35,11.0797,0,0,4624,214370682460
29.7451,33.619,8.59278,15.1755,80,72,78,2523,2800,0.479134,35,11.0797,0,0,4624,214404301984
27.79,35.9841,8.59278,15.1755,80,72,78,2523,2800,0.479134,35,11.0797,0,0,4624,214440287175
28.0099,35.7017,8.59278,15.1755,80,72,78,2523,2800,0.479134,35,11.0797,0,0,4624,214475990460
28.4434,35.1576,8.59278,15.1755,80,72,78,2523,2800,0.479134,35,11.0797,0,0,4624,214511154167
33.3466,29.988,8.59278,15.1755,80,72,78,2523,2800,0.479134,35,11.0797,0,0,4624,214541139755
34.1298,29.2999,8.59278,15.1755,80,72,78,2523,2800,0.479134,35,11.0797,0,0,4624,214570441267
32.0407,31.2103,8.59278,15.1755,80,72,78,2523,2800,0.479134,35,11.0797,0,0,4624,214601653596
31.4251,31.8217,8.59278,15.1755,80,72,78,2523,2800,0.479134,35,11.0797,0,0,4624,214633480052
33.2741,30.0534,8.59278,15.1755,80,72,78,2523,2800,0.479134,35,11.0797,0,0,4624,214663533017
32.1947,31.061,8.59278,15.1755,80,72,78,2523,2800,0.479134,35,11.0797,0,0,4624,214694594975
31.1949,32.0565,8.59278,15.1755,80,72,78,2523,2800,0.479134,35,11.0797,0,0,4624,214726653815
32.3825,30.8809,8.59278,15.1755,80,72,78,2523,2800,0.479134,35,11.0797,0,0,4624,214757538593
30.8224,32.4439,8.59278,15.1755,80,72,78,2523,2800,0.479134,35,11.0797,0,0,4624,214789985898
28.3859,35.2288,13.2775,13.0484,80,72,77,2183,2800,0.479134,30,11.0802,0,0,4167,214825211751
28.7029,34.8397,13.2775,13.0484,80,72,77,2183,2800,0.479134,30,11.0802,0,0,4167,214860053237
30.027,33.3034,13.2775,13.0484,80,72,77,2183,2800,0.479134,30,11.0802,0,0,4167,214893359165
29.8848,33.4618,13.2775,13.0484,80,72,77,2183,2800,0.479134,30,11.0802,0,0,4167,214926826885
29.9638,33.3736,13.2775,13.0484,80,72,77,2183,2800,0.479134,30,11.0802,0,0,4167,214960198426
29.431,33.9778,13.2775,13.0484,80,72,77,2183,2800,0.479134,30,11.0802,0,0,4167,214994178103
29.485,33.9155,13.2775,13.0484,80,72,77,2183,2800,0.479134,30,11.0802,0,0,4167,215028098749
29.7125,33.6559,13.2775,13.0484,80,72,77,2183,2800,0.479134,30,11.0802,0,0,4167,215061751735
30.5042,32.7824,13.2775,13.0484,80,72,77,2183,2800,0.479134,30,11.0802,0,0,4167,215094535028
30.7722,32.4969,13.2775,13.0484,80,72,77,2183,2800,0.479134,30,11.0802,0,0,4167,215127034180
28.6154,34.9463,13.2775,13.0484,80,72,77,2183,2800,0.479134,30,11.0802,0,0,4167,215161981182
30.0355,33.2939,13.2775,13.0484,80,72,77,2183,2800,0.479134,30,11.0802,0,0,4167,215195277643
30.4023,32.8922,13.2775,13.0484,80,72,77,2183,2800,0.479134,30,11.0802,0,0,4167,215228171011
30.4107,32.8832,13.2775,13.0484,80,72,77,2183,2800,0.479134,30,11.0802,0,0,4167,215261056134
29.0569,34.4153,13.2775,13.0484,80,72,77,2183,2800,0.479134,30,11.0802,0,0,4167,215295475111
29.9332,33.4077,9.65347,14.4096,80,76,78,2562,2800,0.479134,26,11.0707,0,0,4602,215328881436
29.192,34.256,9.65347,14.4096,80,76,78,2562,2800,0.479134,26,11.0707,0,0,4602,215363137178
29.7788,33.581,9.65347,14.4096,80,76,78,2562,2800,0.479134,26,11.0707,0,0,4602,215396721276
30.9638,32.2958,9.65347,14.4096,80,76,78,2562,2800,0.479134,26,11.0707,0,0,4602,215429019473
31.887,31.3608,9.65347,14.4096,80,76,78,2562,2800,0.479134,26,11.0707,0,0,4602,215460380400
27.5754,36.2642,9.65347,14.4096,80,76,78,2562,2800,0.479134,26,11.0707,0,0,4602,215496645133
29.341,34.082,9.65347,14.4096,80,76,78,2562,2800,0.479134,26,11.0707,0,0,4602,215530728172
29.2407,34.1989,9.65347,14.4096,80,76,78,2562,2800,0.479134,26,11.0707,0,0,4602,215564928240
29.6901,33.6812,9.65347,14.4096,80,76,78,2562,2800,0.479134,26,11.0707,0,0,4602,215598610421
29.703,33.6666,9.65347,14.4096,80,76,78,2562,2800,0.479134,26,11.0707,0,0,4602,215632277994
29.3794,34.0375,9.65347,14.4096,80,76,78,2562,2800,0.479134,26,11.0707,0,0,4602,215666316240
28.7829,34.7429,9.65347,14.4096,80,76,78,2562,2800,0.479134,26,11.0707,0,0,4602,215701061707
30.7028,32.5703,9.65347,14.4096,80,76,78,2562,2800,0.479134,26,11.0707,0,0,4602,215733631851
26.9518,37.1033,9.65347,14.4096,80,76,78,2562,2800,0.479134,26,11.0707,0,0,4602,215770736522
29.5418,33.8504,9.65347,14.4096,80,76,78,2562,2800,0.479134,26,11.0707,0,0,4602,215804590444
27.9968,35.7183,8.75462,12.8794,80,75,79,2528,2800,0.479134,26,11.075,0,0,4623,215840307204
27.0618,36.9524,8.75462,12.8794,80,75,79,2528,2800,0.479134,26,11.075,0,0,4623,215877262496
29.2737,34.1603,8.75462,12.8794,80,75,79,2528,2800,0.479134,26,11.075,0,0,4623,215911424032
29.9674,33.3696,8.75462,12.8794,80,75,79,2528,2800,0.479134,26,11.075,0,0,4623,215944795012
28.7728,34.755,8.75462,12.8794,80,75,79,2528,2800,0.479134,26,11.075,0,0,4623,215979553192
29.4436,33.9633,8.75462,12.8794,80,75,79,2528,2800,0.479134,26,11.075,0,0,4623,216013515907
28.6648,34.8859,8.75462,12.8794,80,75,79,2528,2800,0.479134,26,11.075,0,0,4623,216048403048
27.1617,36.8166,8.75462,12.8794,80,75,79,2528,2800,0.479134,26,11.075,0,0,4623,216085222907
29.9462,33.3933,8.75462,12.8794,80,75,79,2528,2800,0.479134,26,11.075,0,0,4623,216118617992
29.5819,33.8044,8.75462,12.8794,80,75,79,2528,2800,0.479134,26,11.075,0,0,4623,216152422512
21.8355,45.7971,8.75462,12.8794,80,75,79,2528,2800,0.479134,26,11.075,0,0,4623,216198219994
30.9082,32.3539,8.75462,12.8794,80,75,79,2528,2800,0.479134,26,11.075,0,0,4623,216230575247
30.1993,33.1133,8.75462,12.8794,80,75,79,2528,2800,0.479134,26,11.075,0,0,4623,216263689558
28.2626,35.3824,8.75462,12.8794,80,75,79,2528,2800,0.479134,26,11.075,0,0,4623,216299073246
29.9461,33.3933,8.75462,12.8794,80,75,79,2528,2800,0.479134,26,11.075,0,0,4623,216332471136
29.0497,34.4238,8.44233,13.0743,81,71,79,2580,2800,0.479134,33,11.0727,0,0,4588,216366891856
29.3534,34.0676,8.44233,13.0743,81,71,79,2580,2800,0.479134,33,11.0727,0,0,4588,216400960368
29.0365,34.4394,8.44233,13.0743,81,71,79,2580,2800,0.479134,33,11.0727,0,0,4588,216435401466
29.5007,33.8975,8.44233,13.0743,81,71,79,2580,2800,0.479134,33,11.0727,0,0,4588,216469299430
28.2506,35.3975,8.44233,13.0743,81,71,79,2580,2800,0.479134,33,11.0727,0,0,4588,216504698497
27.0229,37.0057,8.44233,13.0743,81,71,79,2580,2800,0.479134,33,11.0727,0,0,4588,216541704734
28.4822,35.1097,8.44233,13.0743,81,71,79,2580,2800,0.479134,33,11.0727,0,0,4588,216576816434
28.1268,35.5532,8.44233,13.0743,81,71,79,2580,2800,0.479134,33,11.0727,0,0,4588,216612370651
24.2386,41.2565,8.44233,13.0743,81,71,79,2580,2800,0.479134,33,11.0727,0,0,4588,216653631342
27.1876,36.7815,8.44233,13.0743,81,71,79,2580,2800,0.479134,33,11.0727,0,0,4588,216690412109
26.9721,37.0753,8.44233,13.0743,81,71,79,2580,2800,0.479134,33,11.0727,0,0,4588,216727488958
26.3834,37.9026,8.44233,13.0743,81,71,79,2580,2800,0.479134,33,11.0727,0,0,4588,216765393884
28.9043,34.5969,8.44233,13.0743,81,71,79,2580,2800,0.479134,33,11.0727,0,0,4588,216799990572
29.1391,34.3181,8.44233,13.0743,81,71,79,2580,2800,0.479134,33,11.0727,0,0,4588,216834311937
28.9511,34.541,13.325,13.8652,81,72,79,2582,2800,0.479134,31,11.0825,0,0,4602,216868851548
27.8855,35.8609,13.325,13.8652,81,72,79,2582,2800,0.479134,31,11.0825,0,0,4602,216904715954
27.3695,36.537,13.325,13.8652,81,72,79,2582,2800,0.479134,31,11.0825,0,0,4602,216941253667
29.7743,33.586,13.325,13.8652,81,72,79,2582,2800,0.479134,31,11.0825,0,0,4602,216974839077
29.4185,33.9922,13.325,13.8652,81,72,79,2582,2800,0.479134,31,11.0825,0,0,4602,217008835144
29.6893,33.6822,13.325,13.8652,81,72,79,2582,2800,0.479134,31,11.0825,0,0,4602,217042515592
29.5988,33.7852,13.325,13.8652,81,72,79,2582,2800,0.479134,31,11.0825,0,0,4602,217076301717
29.8145,33.5408,13.325,13.8652,81,72,79,2582,2800,0.479134,31,11.0825,0,0,4602,217109846100
29.3584,34.0618,13.325,13.8652,81,72,79,2582,2800,0.479134,31,11.0825,0,0,4602,217143908070
29.0764,34.3922,13.325,13.8652,81,72,79,2582,2800,0.479134,31,11.0825,0,0,4602,217178301199
29.4576,33.9471,13.325,13.8652,81,72,79,2582,2800,0.479134,31,11.0825,0,0,4602,217212248585
29.7247,33.6421,13.325,13.8652,81,72,79,2582,2800,0.479134,31,11.0825,0,0,4602,217245891893
29.1182,34.3428,13.325,13.8652,81,72,79,2582,2800,0.479134,31,11.0825,0,0,4602,217280236231
29.3011,34.1284,13.325,13.8652,81,72,79,2582,2800,0.479134,31,11.0825,0,0,4602,217314364985
27.5596,36.285,13.325,13.8652,81,72,79,2582,2800,0.479134,31,11.0825,0,0,4602,217350659103
29.0035,34.4786,7.66423,12.3369,82,77,79,2536,2800,0.479134,36,11.082,0,0,4586,217385131319
28.2849,35.3546,7.66423,12.3369,82,77,79,2536,2800,0.479134,36,11.082,0,0,4586,217420489550
27.5839,36.253,7.66423,12.3369,82,77,79,2536,2800,0.479134,36,11.082,0,0,4586,217456740868
28.8268,34.69,7.66423,12.3369,82,77,79,2536,2800,0.479134,36,11.082,0,0,4586,217491434627
29.0514,34.4217,7.66423,12.3369,82,77,79,2536,2800,0.479134,36,11.082,0,0,4586,217525855528
29.8024,33.5544,7.66423,12.3369,82,77,79,2536,2800,0.479134,36,11.082,0,0,4586,217559411363
29.5761,33.8111,7.66423,12.3369,82,77,79,2536,2800,0.479134,36,11.082,0,0,4586,217593223607
29.849,33.5019,7.66423,12.3369,82,77,79,2536,2800,0.479134,36,11.082,0,0,4586,217626728166
30.0023,33.3307,7.66423,12.3369,82,77,79,2536,2800,0.479134,36,11.082,0,0,4586,217660058750
29.8346,33.5182,7.66423,12.3369,82,77,79,2536,2800,0.479134,36,11.082,0,0,4586,217693577907
28.9856,34.4998,7.66423,12.3369,82,77,79,2536,2800,0.479134,36,11.082,0,0,4586,217728079898
28.8718,34.6359,7.66423,12.3369,82,77,79,2536,2800,0.479134,36,11.082,0,0,4586,217762715399
28.4667,35.1288,7.66423,12.3369,82,77,79,2536,2800,0.479134,36,11.082,0,0,4586,217797846977
29.4867,33.9136,7.66423,12.3369,82,77,79,2536,2800,0.479134,36,11.082,0,0,4586,217831761291
29.0551,34.4174,7.66423,12.3369,82,77,79,2536,2800,0.479134,36,11.082,0,0,4586,217866182742
30.3008,33.0024,8.04878,12.4795,83,75,80,2518,2800,0.479134,29,11.0749,0,0,4616,217899183110
28.5205,35.0625,8.04878,12.4795,83,75,80,2518,2800,0.479134,29,11.0749,0,0,4616,217934245839
28.315,35.317,8.04878,12.4795,83,75,80,2518,2800,0.479134,29,11.0749,0,0,4616,217969565878
27.976,35.7449,8.04878,12.4795,83,75,80,2518,2800,0.479134,29,11.0749,0,0,4616,218005312143
28.7161,34.8236,8.04878,12.4795,83,75,80,2518,2800,0.479134,29,11.0749,0,0,4616,218040136056
28.2334,35.419,8.04878,12.4795,83,75,80,2518,2800,0.479134,29,11.0749,0,0,4616,218075556172
29.9644,33.3729,8.04878,12.4795,83,75,80,2518,2800,0.479134,29,11.0749,0,0,4616,218108930578
29.3412,34.0817,8.04878,12.4795,83,75,80,2518,2800,0.479134,29,11.0749,0,0,4616,218143013357
29.5365,33.8565,8.04878,12.4795,83,75,80,2518,2800,0.479134,29,11.0749,0,0,4616,218176872769
29.6448,33.7327,8.04878,12.4795,83,75,80,2518,2800,0.479134,29,11.0749,0,0,4616,218210606205
29.0214,34.4573,8.04878,12.4795,83,75,80,2518,2800,0.479134,29,11.0749,0,0,4616,218245064335
29.8034,33.5533,8.04878,12.4795,83,75,80,2518,2800,0.479134,29,11.0749,0,0,4616,218278618798
28.9954,34.4883,8.04878,12.4795,83,75,80,2518,2800,0.479134,29,11.0749,0,0,4616,218313108376
28.9845,34.5011,8.04878,12.4795,83,75,80,2518,2800,0.479134,29,11.0749,0,0,4616,218347612722
29.4401,33.9673,8.04878,12.4795,83,75,80,2518,2800,0.479134,29,11.0749,0,0,4616,218381582991
27.3594,36.5506,7.32601,12.1432,84,71,80,800,2800,0.479134,33,11.0739,0,0,4594,218418133287
28.3526,35.2701,7.32601,12.1432,84,71,80,800,2800,0.479134,33,11.0739,0,0,4594,218453403153
26.6678,37.4984,7.32601,12.1432,84,71,80,800,2800,0.479134,33,11.0739,0,0,4594,218490903793
26.9143,37.155,7.32601,12.1432,84,71,80,800,2800,0.479134,33,11.0739,0,0,4594,218528059380
28.5007,35.0869,7.32601,12.1432,84,71,80,800,2800,0.479134,33,11.0739,0,0,4594,218563147486
28.5866,34.9814,7.32601,12.1432,84,71,80,800,2800,0.479134,33,11.0739,0,0,4594,218598130846
28.2821,35.3581,7.32601,12.1432,84,71,80,800,2800,0.479134,33,11.0739,0,0,4594,218633489347
27.5415,36.3089,7.32601,12.1432,84,71,80,800,2800,0.479134,33,11.0739,0,0,4594,218669799405
26.756,37.3748,7.32601,12.1432,84,71,80,800,2800,0.479134,33,11.0739,0,0,4594,218707175934
25.9227,38.5763,7.32601,12.1432,84,71,80,800,2800,0.479134,33,11.0739,0,0,4594,218745751712
25.9015,38.6078,7.32601,12.1432,84,71,80,800,2800,0.479134,33,11.0739,0,0,4594,218784361103
28.3228,35.3073,7.32601,12.1432,84,71,80,800,2800,0.479134,33,11.0739,0,0,4594,218819669480
29.6741,33.6994,7.32601,12.1432,84,71,80,800,2800,0.479134,33,11.0739,0,0,4594,218853370005
27.4156,36.4756,7.32601,12.1432,84,71,80,800,2800,0.479134,33,11.0739,0,0,4594,218889851323
29.2731,34.1611,12.2981,11.3027,85,71,80,2590,2800,0.479134,33,11.0807,0,0,4161,218924013360
27.8067,35.9626,12.2981,11.3027,85,71,80,2590,2800,0.479134,33,11.0807,0,0,4161,218959976590
28.7397,34.7951,12.2981,11.3027,85,71,80,2590,2800,0.479134,33,11.0807,0,0,4161,218994771739
27.9031,35.8383,12.2981,11.3027,85,71,80,2590,2800,0.479134,33,11.0807,0,0,4161,219030610527
28.5638,35.0094,12.2981,11.3027,85,71,80,2590,2800,0.479134,33,11.0807,0,0,4161,219065621779
28.4607,35.1362,12.2981,11.3027,85,71,80,2590,2800,0.479134,33,11.0807,0,0,4161,219100759217
28.5359,35.0435,12.2981,11.3027,85,71,80,2590,2800,0.479134,33,11.0807,0,0,4161,219135803181
29.5319,33.8617,12.2981,11.3027,85,71,80,2590,2800,0.479134,33,11.0807,0,0,4161,219169665398
28.3205,35.3101,12.2981,11.3027,85,71,80,2590,2800,0.479134,33,11.0807,0,0,4161,219204977412
26.8124,37.2961,12.2981,11.3027,85,71,80,2590,2800,0.479134,33,11.0807,0,0,4161,219242274122
26.762,37.3665,12.2981,11.3027,85,71,80,2590,2800,0.479134,33,11.0807,0,0,4161,219279641514
28.352,35.2709,12.2981,11.3027,85,71,80,2590,2800,0.479134,33,11.0807,0,0,4161,219314913904
27.4668,36.4076,12.2981,11.3027,85,71,80,2590,2800,0.479134,33,11.0807,0,0,4161,219351322316
28.5277,35.0537,12.2981,11.3027,85,71,80,2590,2800,0.479134,33,11.0807,0,0,4161,219386377039
28.5918,34.975,12.2981,11.3027,85,71,80,2590,2800,0.479134,33,11.0807,0,0,4161,219421359167
27.7837,35.9923,7.71972,11.4653,85,76,79,2503,2800,0.479134,31,11.0826,0,0,4604,219457347865
29.0628,34.4083,7.71972,11.4653,85,76,79,2503,2800,0.479134,31,11.0826,0,0,4604,219491758616
28.5536,35.0219,7.71972,11.4653,85,76,79,2503,2800,0.479134,31,11.0826,0,0,4604,219526781671
29.9263,33.4155,7.71972,11.4653,85,76,79,2503,2800,0.479134,31,11.0826,0,0,4604,219560197124
28.7887,34.7359,7.71972,11.4653,85,76,79,2503,2800,0.479134,31,11.0826,0,0,4604,219594934014
30.0542,33.2732,7.71972,11.4653,85,76,79,2503,2800,0.479134,31,11.0826,0,0,4604,219628209546
29.9277,33.4139,7.71972,11.4653,85,76,79,2503,2800,0.479134,31,11.0826,0,0,4604,219661623997
28.4157,35.1918,7.71972,11.4653,85,76,79,2503,2800,0.479134,31,11.0826,0,0,4604,219696817530
30.2218,33.0887,7.71972,11.4653,85,76,79,2503,2800,0.479134,31,11.0826,0,0,4604,219729906082
29.5721,33.8157,7.71972,11.4653,85,76,79,2503,2800,0.479134,31,11.0826,0,0,4604,219763723305
28.5923,34.9745,7.71972,11.4653,85,76,79,2503,2800,0.479134,31,11.0826,0,0,4604,219798700554
29.4423,33.9647,7.71972,11.4653,85,76,79,2503,2800,0.479134,31,11.0826,0,0,4604,219832668088
29.4032,34.0099,7.71972,11.4653,85,76,79,2503,2800,0.479134,31,11.0826,0,0,4604,219866677099
29.0767,34.3918,7.71972,11.4653,85,76,79,2503,2800,0.479134,31,11.0826,0,0,4604,219901069637
29.2188,34.2245,7.71972,11.4653,85,76,79,2503,2800,0.479134,31,11.0826,0,0,4604,219935296555
28.0738,35.6204,7.71114,10.8322,84,74,80,2543,2800,0.479134,31,11.0803,0,0,4601,219970918257
29.5847,33.8013,7.71114,10.8322,84,74,80,2543,2800,0.479134,31,11.0803,0,0,4601,220004718228
28.9779,34.509,7.71114,10.8322,84,74,80,2543,2800,0.479134,31,11.0803,0,0,4601,220039228655
27.8828,35.8644,7.71114,10.8322,84,74,80,2543,2800,0.479134,31,11.0803,0,0,4601,220075095055
25.0264,39.9577,7.71114,10.8322,84,74,80,2543,2800,0.479134,31,11.0803,0,0,4601,220115052332
27.9017,35.8401,7.71114,10.8322,84,74,80,2543,2800,0.479134,31,11.0803,0,0,4601,220150895398
29.4343,33.974,7.71114,10.8322,84,74,80,2543,2800,0.479134,31,11.0803,0,0,4601,220184868532
27.2323,36.721,7.71114,10.8322,84,74,80,2543,2800,0.479134,31,11.0803,0,0,4601,220221590789
26.1021,38.3111,7.71114,10.8322,84,74,80,2543,2800,0.479134,31,11.0803,0,0,4601,220259902655
30.7068,32.5661,7.71114,10.8322,84,74,80,2543,2800,0.479134,31,11.0803,0,0,4601,220292470134
29.0755,34.3932,7.71114,10.8322,84,74,80,2543,2800,0.479134,31,11.0803,0,0,4601,220326865878
29.4076,34.0048,7.71114,10.8322,84,74,80,2543,2800,0.479134,31,11.0803,0,0,4601,220360872775
27.3298,36.59,7.71114,10.8322,84,74,80,2543,2800,0.479134,31,11.0803,0,0,4601,220397462024
29.765,33.5966,7.71114,10.8322,84,74,80,2543,2800,0.479134,31,11.0803,0,0,4601,220431060559
24.9597,40.0646,7.71114,10.8322,84,74,80,2543,2800,0.479134,31,11.0803,0,0,4601,220471128463
27.0132,37.019,8.35294,12.0985,85,71,80,2600,2800,0.478642,31,11.0793,0,0,4605,220508144839
25.115,39.8168,8.35294,12.0985,85,71,80,2600,2800,0.478642,31,11.0793,0,0,4605,220547963388
25.9664,38.5113,8.35294,12.0985,85,71,80,2600,2800,0.478642,31,11.0793,0,0,4605,220586476329
27.5214,36.3353,8.35294,12.0985,85,71,80,2600,2800,0.478642,31,11.0793,0,0,4605,220622814289
25.5128,39.1959,8.35294,12.0985,85,71,80,2600,2800,0.478642,31,11.0793,0,0,4605,220662011928
19.4449,51.4273,8.35294,12.0985,85,71,80,2600,2800,0.478642,31,11.0793,0,0,4605,220713441937
25.6359,39.0077,8.35294,12.0985,85,71,80,2600,2800,0.478642,31,11.0793,0,0,4605,220752450414
26.4891,37.7513,8.35294,12.0985,85,71,80,2600,2800,0.478642,31,11.0793,0,0,4605,220790201492
25.0157,39.9748,8.35294,12.0985,85,71,80,2600,2800,0.478642,31,11.0793,0,0,4605,220830180320
27.8761,35.8731,8.35294,12.0985,85,71,80,2600,2800,0.478642,31,11.0793,0,0,4605,220866055185
29.0031,34.4791,8.35294,12.0985,85,71,80,2600,2800,0.478642,31,11.0793,0,0,4605,220900533102
27.5536,36.2929,8.35294,12.0985,85,71,80,2600,2800,0.478642,31,11.0793,0,0,4605,220936828532
27.2984,36.6322,8.35294,12.0985,85,71,80,2600,2800,0.478642,31,11.0793,0,0,4605,220973463025
28.4565,35.1414,12.1212,11.6803,84,71,80,2294,2800,0.479134,40,11.0794,0,0,4632,221008603149
27.9226,35.8133,12.1212,11.6803,84,71,80,2294,2800,0.479134,40,11.0794,0,0,4632,221044420687
29.1235,34.3365,12.1212,11.6803,84,71,80,2294,2800,0.479134,40,11.0794,0,0,4632,221078755406
28.2742,35.368,12.1212,11.6803,84,71,80,2294,2800,0.479134,40,11.0794,0,0,4632,221114124767
27.6235,36.2011,12.1212,11.6803,84,71,80,2294,2800,0.479134,40,11.0794,0,0,4632,221150325932
27.7323,36.0591,12.1212,11.6803,84,71,80,2294,2800,0.479134,40,11.0794,0,0,4632,221186386714
29.8895,33.4566,12.1212,11.6803,84,71,80,2294,2800,0.479134,40,11.0794,0,0,4632,221219844726
28.2177,35.4388,12.1212,11.6803,84,71,80,2294,2800,0.479134,40,11.0794,0,0,4632,221255287094
27.3685,36.5384,12.1212,11.6803,84,71,80,2294,2800,0.479134,40,11.0794,0,0,4632,221291825578
27.7527,36.0325,12.1212,11.6803,84,71,80,2294,2800,0.479134,40,11.0794,0,0,4632,221327859099
27.8002,35.9709,12.1212,11.6803,84,71,80,2294,2800,0.479134,40,11.0794,0,0,4632,221363832138
30.2266,33.0835,12.1212,11.6803,84,71,80,2294,2800,0.479134,40,11.0794,0,0,4632,221396914959
29.1089,34.3538,12.1212,11.6803,84,71,80,2294,2800,0.479134,40,11.0794,0,0,4632,221431272341
28.759,34.7717,12.1212,11.6803,84,71,80,2294,2800,0.479134,40,11.0794,0,0,4632,221466044838
27.0458,36.9743,12.1212,11.6803,84,71,80,2294,2800,0.479134,40,11.0794,0,0,4632,221503022843
27.7994,35.972,7.85714,12.2145,83,77,79,2413,2800,0.478642,31,11.0783,0,0,4611,221538993446
25.614,39.0412,7.85714,12.2145,83,77,79,2413,2800,0.478642,31,11.0783,0,0,4611,221578034704
28.4749,35.1186,7.85714,12.2145,83,77,79,2413,2800,0.478642,31,11.0783,0,0,4611,221613154118
29.0467,34.4273,7.85714,12.2145,83,77,79,2413,2800,0.478642,31,11.0783,0,0,4611,221647585498
29.1397,34.3175,7.85714,12.2145,83,77,79,2413,2800,0.478642,31,11.0783,0,0,4611,221681903807
26.6409,37.5363,7.85714,12.2145,83,77,79,2413,2800,0.478642,31,11.0783,0,0,4611,221719440555
23.4142,42.7092,7.85714,12.2145,83,77,79,2413,2800,0.478642,31,11.0783,0,0,4611,221762152656
26.674,37.4897,7.85714,12.2145,83,77,79,2413,2800,0.478642,31,11.0783,0,0,4611,221799641375
27.9262,35.8087,7.85714,12.2145,83,77,79,2413,2800,0.478642,31,11.0783,0,0,4611,221835451659
26.4986,37.7378,7.85714,12.2145,83,77,79,2413,2800,0.478642,31,11.0783,0,0,4611,221873189373
27.4519,36.4273,7.85714,12.2145,83,77,79,2413,2800,0.478642,31,11.0783,0,0,4611,221909618242
28.3383,35.288,7.85714,12.2145,83,77,79,2413,2800,0.478642,31,11.0783,0,0,4611,221944907664
28.3862,35.2284,7.85714,12.2145,83,77,79,2413,2800,0.478642,31,11.0783,0,0,4611,221980137244
28.0109,35.7004,7.85714,12.2145,83,77,79,2413,2800,0.478642,31,11.0783,0,0,4611,222015841872
26.7229,37.4211,7.75862,11.9096,83,74,80,2122,2800,0.479378,32,11.0737,0,0,4582,222053261431
25.9868,38.4811,7.75862,11.9096,83,74,80,2122,2800,0.479378,32,11.0737,0,0,4582,222091743103
27.696,36.1063,7.75862,11.9096,83,74,80,2122,2800,0.479378,32,11.0737,0,0,4582,222127851294
29.0229,34.4556,7.75862,11.9096,83,74,80,2122,2800,0.479378,32,11.0737,0,0,4582,222162310205
27.7373,36.0526,7.75862,11.9096,83,74,80,2122,2800,0.479378,32,11.0737,0,0,4582,222198364455
28.6671,34.8832,7.75862,11.9096,83,74,80,2122,2800,0.479378,32,11.0737,0,0,4582,222233250725
27.6256,36.1983,7.75862,11.9096,83,74,80,2122,2800,0.479378,32,11.0737,0,0,4582,222269448773
26.4283,37.8382,7.75862,11.9096,83,74,80,2122,2800,0.479378,32,11.0737,0,0,4582,222307287846
22.7692,43.919,7.75862,11.9096,83,74,80,2122,2800,0.479378,32,11.0737,0,0,4582,222351207001
27.8238,35.9405,7.75862,11.9096,83,74,80,2122,2800,0.479378,32,11.0737,0,0,4582,222387149062
27.0116,37.0211,7.75862,11.9096,83,74,80,2122,2800,0.479378,32,11.0737,0,0,4582,222424173223
26.6023,37.5907,7.75862,11.9096,83,74,80,2122,2800,0.479378,32,11.0737,0,0,4582,222461763531
28.2168,35.4398,7.75862,11.9096,83,74,80,2122,2800,0.479378,32,11.0737,0,0,4582,222497206139
27.272,36.6676,7.75862,11.9096,83,74,80,2122,2800,0.479378,32,11.0737,0,0,4582,222533876098
27.1276,36.8628,9.43168,11.5819,83,71,80,2600,2800,0.479378,34,11.0707,0,0,4278,222570737556
26.788,37.3302,9.43168,11.5819,83,71,80,2600,2800,0.479378,34,11.0707,0,0,4278,222608068960
25.3916,39.383,9.43168,11.5819,83,71,80,2600,2800,0.479378,34,11.0707,0,0,4278,222647453298
28.144,35.5315,9.43168,11.5819,83,71,80,2600,2800,0.479378,34,11.0707,0,0,4278,222682987046
26.1084,38.3019,9.43168,11.5819,83,71,80,2600,2800,0.479378,34,11.0707,0,0,4278,222721289033
23.9044,41.8332,9.43168,11.5819,83,71,80,2600,2800,0.479378,34,11.0707,0,0,4278,222763124638
27.0905,36.9133,9.43168,11.5819,83,71,80,2600,2800,0.479378,34,11.0707,0,0,4278,222800038393
28.5676,35.0047,9.43168,11.5819,83,71,80,2600,2800,0.479378,34,11.0707,0,0,4278,222835046350
27.8247,35.9393,9.43168,11.5819,83,71,80,2600,2800,0.479378,34,11.0707,0,0,4278,222870988550
27.7324,36.0589,9.43168,11.5819,83,71,80,2600,2800,0.479378,34,11.0707,0,0,4278,222907046908
28.4761,35.1172,9.43168,11.5819,83,71,80,2600,2800,0.479378,34,11.0707,0,0,4278,222942165942
27.6633,36.149,9.43168,11.5819,83,71,80,2600,2800,0.479378,34,11.0707,0,0,4278,222978316762
27.8688,35.8824,9.43168,11.5819,83,71,80,2600,2800,0.479378,34,11.0707,0,0,4278,223014200454
28.9172,34.5815,9.43168,11.5819,83,71,80,2600,2800,0.479378,34,11.0707,0,0,4278,223048785320
26.9763,37.0696,12.21,11.7311,83,71,78,2522,2800,0.479378,26,11.0752,0,0,4623,223085853433
28.891,34.6129,12.21,11.7311,83,71,78,2522,2800,0.479378,26,11.0752,0,0,4623,223120469388
24.3217,41.1155,12.21,11.7311,83,71,78,2522,2800,0.479378,26,11.0752,0,0,4623,223161585950
27.8979,35.845,12.21,11.7311,83,71,78,2522,2800,0.479378,26,11.0752,0,0,4623,223197433474
30.1228,33.1974,12.21,11.7311,83,71,78,2522,2800,0.479378,26,11.0752,0,0,4623,223230629928
29.3022,34.1271,12.21,11.7311,83,71,78,2522,2800,0.479378,26,11.0752,0,0,4623,223264760386
29.4472,33.9591,12.21,11.7311,83,71,78,2522,2800,0.479378,26,11.0752,0,0,4623,223298721448
24.5834,40.6779,12.21,11.7311,83,71,78,2522,2800,0.479378,26,11.0752,0,0,4623,223339398650
29.3557,34.0649,12.21,11.7311,83,71,78,2522,2800,0.479378,26,11.0752,0,0,4623,223373464787
27.7071,36.0918,12.21,11.7311,83,71,78,2522,2800,0.479378,26,11.0752,0,0,4623,223409557189
28.9681,34.5207,12.21,11.7311,83,71,78,2522,2800,0.479378,26,11.0752,0,0,4623,223444078106
27.9272,35.8073,12.21,11.7311,83,71,78,2522,2800,0.479378,26,11.0752,0,0,4623,223479888801
28.8382,34.6762,12.21,11.7311,83,71,78,2522,2800,0.479378,26,11.0752,0,0,4623,223514565429
27.1291,36.8608,12.21,11.7311,83,71,78,2522,2800,0.479378,26,11.0752,0,0,4623,223551430823
28.8748,34.6322,8.70647,12.8331,83,77,79,2316,2800,0.479378,30,11.0732,0,0,4611,223586061004
28.0843,35.607,8.70647,12.8331,83,77,79,2316,2800,0.479378,30,11.0732,0,0,4611,223621669352
28.6189,34.942,8.70647,12.8331,83,77,79,2316,2800,0.479378,30,11.0732,0,0,4611,223656611986
26.8623,37.227,8.70647,12.8331,83,77,79,2316,2800,0.479378,30,11.0732,0,0,4611,223693840509
28.1793,35.487,8.70647,12.8331,83,77,79,2316,2800,0.479378,30,11.0732,0,0,4611,223729328211
30.261,33.0458,8.70647,12.8331,83,77,79,2316,2800,0.479378,30,11.0732,0,0,4611,223762374765
30.0452,33.2832,8.70647,12.8331,83,77,79,2316,2800,0.479378,30,11.0732,0,0,4611,223795661277
29.9136,33.4296,8.70647,12.8331,83,77,79,2316,2800,0.479378,30,11.0732,0,0,4611,223829091187
28.0217,35.6867,8.70647,12.8331,83,77,79,2316,2800,0.479378,30,11.0732,0,0,4611,223864778712
27.1212,36.8715,8.70647,12.8331,83,77,79,2316,2800,0.479378,30,11.0732,0,0,4611,223901650729
28.5122,35.0727,8.70647,12.8331,83,77,79,2316,2800,0.479378,30,11.0732,0,0,4611,223936724649
28.6108,34.9519,8.70647,12.8331,83,77,79,2316,2800,0.479378,30,11.0732,0,0,4611,223971676941
29.8747,33.4731,8.70647,12.8331,83,77,79,2316,2800,0.479378,30,11.0732,0,0,4611,224005151685
29.3229,34.103,8.70647,12.8331,83,77,79,2316,2800,0.479378,30,11.0732,0,0,4611,224039256645
28.7774,34.7495,8.70647,12.8331,83,77,79,2316,2800,0.479378,30,11.0732,0,0,4611,224074008964
20.9777,47.6698,8.49282,14.2825,83,74,80,2600,2800,0.479378,30,11.0709,0,0,4597,224121676769
29.1695,34.2823,8.49282,14.2825,83,74,80,2600,2800,0.479378,30,11.0709,0,0,4597,224155960623
28.639,34.9174,8.49282,14.2825,83,74,80,2600,2800,0.479378,30,11.0709,0,0,4597,224190878832
27.3382,36.5788,8.49282,14.2825,83,74,80,2600,2800,0.479378,30,11.0709,0,0,4597,224227458964
27.9435,35.7866,8.49282,14.2825,83,74,80,2600,2800,0.479378,30,11.0709,0,0,4597,224263247198
28.9854,34.5001,8.49282,14.2825,83,74,80,2600,2800,0.479378,30,11.0709,0,0,4597,224297747115
29.8004,33.5566,8.49282,14.2825,83,74,80,2600,2800,0.479378,30,11.0709,0,0,4597,224331306186
28.4526,35.1462,8.49282,14.2825,83,74,80,2600,2800,0.479378,30,11.0709,0,0,4597,224366455407
30.262,33.0447,8.49282,14.2825,83,74,80,2600,2800,0.479378,30,11.0709,0,0,4597,224399498023
26.9941,37.0451,8.49282,14.2825,83,74,80,2600,2800,0.479378,30,11.0709,0,0,4597,224436544436
27.4616,36.4144,8.49282,14.2825,83,74,80,2600,2800,0.479378,30,11.0709,0,0,4597,224472959840
29.8315,33.5217,8.49282,14.2825,83,74,80,2600,2800,0.479378,30,11.0709,0,0,4597,224506482884
27.7276,36.0652,8.49282,14.2825,83,74,80,2600,2800,0.479378,30,11.0709,0,0,4597,224542549778
23.4256,42.6883,8.49282,14.2825,83,74,80,2600,2800,0.479378,30,11.0709,0,0,4597,224585240429
28.1032,35.5831,10.9337,12.3535,83,71,80,2600,2800,0.479378,36,11.0689,0,0,4092,224620824351
27.774,36.0049,10.9337,12.3535,83,71,80,2600,2800,0.479378,36,11.0689,0,0,4092,224656829109
26.3607,37.9353,10.9337,12.3535,83,71,80,2600,2800,0.479378,36,11.0689,0,0,4092,224694765653
25.9537,38.5302,10.9337,12.3535,83,71,80,2600,2800,0.479378,36,11.0689,0,0,4092,224733295786
27.7208,36.074,10.9337,12.3535,83,71,80,2600,2800,0.479378,36,11.0689,0,0,4092,224769373089
27.6636,36.1486,10.9337,12.3535,83,71,80,2600,2800,0.479378,36,11.0689,0,0,4092,224805521235
29.1771,34.2735,10.9337,12.3535,83,71,80,2600,2800,0.479378,36,11.0689,0,0,4092,224839796613
27.7672,36.0137,10.9337,12.3535,83,71,80,2600,2800,0.479378,36,11.0689,0,0,4092,224875812281
27.4998,36.3639,10.9337,12.3535,83,71,80,2600,2800,0.479378,36,11.0689,0,0,4092,224912177923
28.4397,35.1622,10.9337,12.3535,83,71,80,2600,2800,0.479378,36,11.0689,0,0,4092,224947339646
26.1956,38.1743,10.9337,12.3535,83,71,80,2600,2800,0.479378,36,11.0689,0,0,4092,224985515548
28.0214,35.687,10.9337,12.3535,83,71,80,2600,2800,0.479378,36,11.0689,0,0,4092,225021203524
28.7973,34.7254,10.9337,12.3535,83,71,80,2600,2800,0.479378,36,11.0689,0,0,4092,225055930155
30.3436,32.9559,10.9337,12.3535,83,71,80,2600,2800,0.479378,36,11.0689,0,0,4092,225088890608
28.8936,34.6098,11.4856,13.9495,83,71,79,2500,2800,0.479378,34,11.0694,0,0,4626,225123497806
27.4073,36.4866,11.4856,13.9495,83,71,79,2500,2800,0.479378,34,11.0694,0,0,4626,225159985886
26.8468,37.2484,11.4856,13.9495,83,71,79,2500,2800,0.479378,34,11.0694,0,0,4626,225197238123
27.1931,36.774,11.4856,13.9495,83,71,79,2500,2800,0.479378,34,11.0694,0,0,4626,225234013169
28.3571,35.2645,11.4856,13.9495,83,71,79,2500,2800,0.479378,34,11.0694,0,0,4626,225269277254
27.8933,35.8509,11.4856,13.9495,83,71,79,2500,2800,0.479378,34,11.0694,0,0,4626,225305132101
28.5196,35.0636,11.4856,13.9495,83,71,79,2500,2800,0.479378,34,11.0694,0,0,4626,225340197205
27.4455,36.4359,11.4856,13.9495,83,71,79,2500,2800,0.479378,34,11.0694,0,0,4626,225376634139
27.4422,36.4402,11.4856,13.9495,83,71,79,2500,2800,0.479378,34,11.0694,0,0,4626,225413076133
25.6909,38.9243,11.4856,13.9495,83,71,79,2500,2800,0.479378,34,11.0694,0,0,4626,225452000773
28.2021,35.4584,11.4856,13.9495,83,71,79,2500,2800,0.479378,34,11.0694,0,0,4626,225487461865
28.1173,35.5653,11.4856,13.9495,83,71,79,2500,2800,0.479378,34,11.0694,0,0,4626,225523028104
28.5441,35.0335,11.4856,13.9495,83,71,79,2500,2800,0.479378,34,11.0694,0,0,4626,225558061398
28.3583,35.2631,11.4856,13.9495,83,71,79,2500,2800,0.479378,34,11.0694,0,0,4626,225593331834
27.297,36.634,7.98005,12.909,83,78,80,800,2800,0.479378,36,11.0695,0,0,4617,225629963082
28.3449,35.2797,7.98005,12.909,83,78,80,800,2800,0.479378,36,11.0695,0,0,4617,225665243166
28.1185,35.5638,7.98005,12.909,83,78,80,800,2800,0.479378,36,11.0695,0,0,4617,225700809806
28.9933,34.4907,7.98005,12.909,83,78,80,800,2800,0.479378,36,11.0695,0,0,4617,225735302630
28.1505,35.5233,7.98005,12.909,83,78,80,800,2800,0.479378,36,11.0695,0,0,4617,225770826420
28.0285,35.678,7.98005,12.909,83,78,80,800,2800,0.479378,36,11.0695,0,0,4617,225806507002
28.9088,34.5916,7.98005,12.909,83,78,80,800,2800,0.479378,36,11.0695,0,0,4617,225841097158
28.3845,35.2306,7.98005,12.909,83,78,80,800,2800,0.479378,36,11.0695,0,0,4617,225876331858
26.3631,37.9318,7.98005,12.909,83,78,80,800,2800,0.479378,36,11.0695,0,0,4617,225914262652
26.4834,37.7596,7.98005,12.909,83,78,80,800,2800,0.479378,36,11.0695,0,0,4617,225952022928
28.2579,35.3883,7.98005,12.909,83,78,80,800,2800,0.479378,36,11.0695,0,0,4617,225987411975
27.8071,35.962,7.98005,12.909,83,78,80,800,2800,0.479378,36,11.0695,0,0,4617,226023375025
29.7236,33.6433,7.98005,12.909,83,78,80,800,2800,0.479378,36,11.0695,0,0,4617,226057021379
29.1003,34.3639,7.98005,12.909,83,78,80,800,2800,0.479378,36,11.0695,0,0,4617,226091384151
28.1581,35.5138,7.98005,12.909,83,78,80,800,2800,0.479378,36,11.0695,0,0,4617,226126910856
28.3571,35.2645,8.24499,10.9264,83,73,80,2600,2800,0.479378,33,11.0694,0,0,4613,226162170402
28.6393,34.917,8.24499,10.9264,83,73,80,2600,2800,0.479378,33,11.0694,0,0,4613,226197085996
23.2092,43.0864,8.24499,10.9264,83,73,80,2600,2800,0.479378,33,11.0694,0,0,4613,226240173789
29.0534,34.4194,8.24499,10.9264,83,73,80,2600,2800,0.479378,33,11.0694,0,0,4613,226274593647
28.8463,34.6665,8.24499,10.9264,83,73,80,2600,2800,0.479378,33,11.0694,0,0,4613,226309261058
29.1624,34.2907,8.24499,10.9264,83,73,80,2600,2800,0.479378,33,11.0694,0,0,4613,226343553538
27.5016,36.3615,8.24499,10.9264,83,73,80,2600,2800,0.479378,33,11.0694,0,0,4613,226379915743
28.1936,35.4691,8.24499,10.9264,83,73,80,2600,2800,0.479378,33,11.0694,0,0,4613,226415388227
26.7913,37.3255,8.24499,10.9264,83,73,80,2600,2800,0.479378,33,11.0694,0,0,4613,226452714663
28.6979,34.8457,8.24499,10.9264,83,73,80,2600,2800,0.479378,33,11.0694,0,0,4613,226487560707
26.9917,37.0484,8.24499,10.9264,83,73,80,2600,2800,0.479378,33,11.0694,0,0,4613,226524611047
26.7275,37.4147,8.24499,10.9264,83,73,80,2600,2800,0.479378,33,11.0694,0,0,4613,226562026659
26.2709,38.0649,8.24499,10.9264,83,73,80,2600,2800,0.479378,33,11.0694,0,0,4613,226600093937
27.5994,36.2327,8.24499,10.9264,83,73,80,2600,2800,0.479378,33,11.0694,0,0,4613,226636328634
28.3902,35.2234,10.5068,12.0982,83,71,80,800,2800,0.479378,33,11.0709,0,0,4277,226671550360
27.896,35.8475,10.5068,12.0982,83,71,80,800,2800,0.479378,33,11.0709,0,0,4277,226707398966
27.6622,36.1504,10.5068,12.0982,83,71,80,800,2800,0.479378,33,11.0709,0,0,4277,226743551690
27.6478,36.1693,10.5068,12.0982,83,71,80,800,2800,0.479378,33,11.0709,0,0,4277,226779720844
23.5347,42.4904,10.5068,12.0982,83,71,80,800,2800,0.479378,33,11.0709,0,0,4277,226822214458
30.2203,33.0903,10.5068,12.0982,83,71,80,800,2800,0.479378,33,11.0709,0,0,4277,226855305054
29.5309,33.8629,10.5068,12.0982,83,71,80,800,2800,0.479378,33,11.0709,0,0,4277,226889168433
28.7975,34.7253,10.5068,12.0982,83,71,80,800,2800,0.479378,33,11.0709,0,0,4277,226923896016
27.2833,36.6525,10.5068,12.0982,83,71,80,800,2800,0.479378,33,11.0709,0,0,4277,226960549816
27.2715,36.6684,10.5068,12.0982,83,71,80,800,2800,0.479378,33,11.0709,0,0,4277,226997217992
28.5199,35.0632,10.5068,12.0982,83,71,80,800,2800,0.479378,33,11.0709,0,0,4277,227032285079
28.482,35.1099,10.5068,12.0982,83,71,80,800,2800,0.479378,33,11.0709,0,0,4277,227067395406
29.7172,33.6506,10.5068,12.0982,83,71,80,800,2800,0.479378,33,11.0709,0,0,4277,227101046900
28.6916,34.8535,10.5068,12.0982,83,71,80,800,2800,0.479378,33,11.0709,0,0,4277,227135900969
29.0577,34.4143,10.5068,12.0982,83,71,80,800,2800,0.479378,33,11.0709,0,0,4277,227170322130
29.6683,33.7061,10.5882,11.8292,83,71,79,800,2800,0.479378,35,11.072,0,0,4619,227204024699
28.7182,34.8211,10.5882,11.8292,83,71,79,800,2800,0.479378,35,11.072,0,0,4619,227238845867
28.9779,34.509,10.5882,11.8292,83,71,79,800,2800,0.479378,35,11.072,0,0,4619,227273355693
29.125,34.3348,10.5882,11.8292,83,71,79,800,2800,0.479378,35,11.072,0,0,4619,227307691434
28.2909,35.347,10.5882,11.8292,83,71,79,800,2800,0.479378,35,11.072,0,0,4619,227343039385
26.9314,37.1314,10.5882,11.8292,83,71,79,800,2800,0.479378,35,11.072,0,0,4619,227380172069
28.8693,34.6388,10.5882,11.8292,83,71,79,800,2800,0.479378,35,11.072,0,0,4619,227414813421
29.4138,33.9976,10.5882,11.8292,83,71,79,800,2800,0.479378,35,11.072,0,0,4619,227448811181
27.4121,36.4803,10.5882,11.8292,83,71,79,800,2800,0.479378,35,11.072,0,0,4619,227485293320
28.9898,34.4948,10.5882,11.8292,83,71,79,800,2800,0.479378,35,11.072,0,0,4619,227519789090
28.322,35.3082,10.5882,11.8292,83,71,79,800,2800,0.479378,35,11.072,0,0,4619,227555100723
29.5136,33.8827,10.5882,11.8292,83,71,79,800,2800,0.479378,35,11.072,0,0,4619,227588982968
29.5018,33.8963,10.5882,11.8292,83,71,79,800,2800,0.479378,35,11.072,0,0,4619,227622879850
29.3584,34.0618,10.5882,11.8292,83,71,79,800,2800,0.479378,35,11.072,0,0,4619,227656943343
28.4868,35.1039,10.5882,11.8292,83,71,79,800,2800,0.479378,35,11.072,0,0,4619,227692052418
28.3916,35.2217,7.9614,12.4239,83,78,80,2600,2800,0.479378,32,11.0698,0,0,4579,227727270978
26.9832,37.0601,7.9614,12.4239,83,78,80,2600,2800,0.479378,32,11.0698,0,0,4579,227764331607
28.9552,34.5361,7.9614,12.4239,83,78,80,2600,2800,0.479378,32,11.0698,0,0,4579,227798869525
28.6484,34.906,7.9614,12.4239,83,78,80,2600,2800,0.479378,32,11.0698,0,0,4579,227833777445
27.9344,35.7981,7.9614,12.4239,83,78,80,2600,2800,0.479378,32,11.0698,0,0,4579,227869576248
28.4099,35.199,7.9614,12.4239,83,78,80,2600,2800,0.479378,32,11.0698,0,0,4579,227904775502
29.6074,33.7753,7.9614,12.4239,83,78,80,2600,2800,0.479378,32,11.0698,0,0,4579,227938553051
27.9002,35.842,7.9614,12.4239,83,78,80,2600,2800,0.479378,32,11.0698,0,0,4579,227974395375
28.3018,35.3334,7.9614,12.4239,83,78,80,2600,2800,0.479378,32,11.0698,0,0,4579,228009729460
26.6483,37.5258,7.9614,12.4239,83,78,80,2600,2800,0.479378,32,11.0698,0,0,4579,228047256120
27.1488,36.834,7.9614,12.4239,83,78,80,2600,2800,0.479378,32,11.0698,0,0,4579,228084095666
28.8387,34.6756,7.9614,12.4239,83,78,80,2600,2800,0.479378,32,11.0698,0,0,4579,228118769318
28.3794,35.2368,7.9614,12.4239,83,78,80,2600,2800,0.479378,32,11.0698,0,0,4579,228154007023
28.8118,34.7081,7.9614,12.4239,83,78,80,2600,2800,0.479378,32,11.0698,0,0,4579,228188716012
28.4124,35.196,7.9614,12.4239,83,78,80,2600,2800,0.479378,32,11.0698,0,0,4579,228223916708
28.0398,35.6636,7.32861,11.1911,83,72,80,2438,2800,0.479378,33,11.069,0,0,4580,228259577032
27.6291,36.1937,7.32861,11.1911,83,72,80,2438,2800,0.479378,33,11.069,0,0,4580,228295776233
28.7809,34.7453,7.32861,11.1911,83,72,80,2438,2800,0.479378,33,11.069,0,0,4580,228330520066
28.2465,35.4027,7.32861,11.1911,83,72,80,2438,2800,0.479378,33,11.069,0,0,4580,228365925795
29.4234,33.9865,7.32861,11.1911,83,72,80,2438,2800,0.479378,33,11.069,0,0,4580,228399911583
28.928,34.5685,7.32861,11.1911,83,72,80,2438,2800,0.479378,33,11.069,0,0,4580,228434482103
27.9202,35.8164,7.32861,11.1911,83,72,80,2438,2800,0.479378,33,11.069,0,0,4580,228470299100
27.5368,36.315,7.32861,11.1911,83,72,80,2438,2800,0.479378,33,11.069,0,0,4580,228506614508
26.8402,37.2576,7.32861,11.1911,83,72,80,2438,2800,0.479378,33,11.069,0,0,4580,228543874599
23.78,42.0522,7.32861,11.1911,83,72,80,2438,2800,0.479378,33,11.069,0,0,4580,228585927400
25.8238,38.724,7.32861,11.1911,83,72,80,2438,2800,0.479378,33,11.069,0,0,4580,228624655823
25.3162,39.5005,7.32861,11.1911,83,72,80,2438,2800,0.479378,33,11.069,0,0,4580,228664154444
29.0844,34.3827,7.32861,11.1911,83,72,80,2438,2800,0.479378,33,11.069,0,0,4580,228698543785
28.2968,35.3397,7.32861,11.1911,83,72,80,2438,2800,0.479378,33,11.069,0,0,4580,228733888160
28.9646,34.5249,12.7792,12.0053,84,71,81,2600,2800,0.479378,28,10.994,0,0,4220,228768411261
28.1782,35.4884,12.7792,12.0053,84,71,81,2600,2800,0.479378,28,10.994,0,0,4220,228803901358
30.2392,33.0696,12.7792,12.0053,84,71,81,2600,2800,0.479378,28,10.994,0,0,4220,228836975794
29.3563,34.0642,12.7792,12.0053,84,71,81,2600,2800,0.479378,28,10.994,0,0,4220,228871037854
30.1715,33.1439,12.7792,12.0053,84,71,81,2600,2800,0.479378,28,10.994,0,0,4220,228904183974
27.9595,35.7661,12.7792,12.0053,84,71,81,2600,2800,0.479378,28,10.994,0,0,4220,228939951529
27.52,36.3372,12.7792,12.0053,84,71,81,2600,2800,0.479378,28,10.994,0,0,4220,228976293616
28.0647,35.632,12.7792,12.0053,84,71,81,2600,2800,0.479378,28,10.994,0,0,4220,229011923935
28.7193,34.8198,12.7792,12.0053,84,71,81,2600,2800,0.479378,28,10.994,0,0,4220,229046745102
30.198,33.1148,12.7792,12.0053,84,71,81,2600,2800,0.479378,28,10.994,0,0,4220,229079860235
30.0262,33.3043,12.7792,12.0053,84,71,81,2600,2800,0.479378,28,10.994,0,0,4220,229113165231
29.7651,33.5964,12.7792,12.0053,84,71,81,2600,2800,0.479378,28,10.994,0,0,4220,229146762904
30.7295,32.542,12.7792,12.0053,84,71,81,2600,2800,0.479378,28,10.994,0,0,4220,229179306850
31.6277,31.6178,12.7792,12.0053,84,71,81,2600,2800,0.479378,28,10.994,0,0,4220,229210928193
29.47,33.9329,12.7792,12.0053,84,71,81,2600,2800,0.479378,28,10.994,0,0,4220,229244865660
30.0114,33.3207,8.85609,10.0825,84,71,80,2292,2800,0.479378,40,11.0121,0,0,4599,229278183702
29.8584,33.4914,8.85609,10.0825,84,71,80,2292,2800,0.479378,40,11.0121,0,0,4599,229311676699
29.6092,33.7732,8.85609,10.0825,84,71,80,2292,2800,0.479378,40,11.0121,0,0,4599,229345451062
29.3109,34.1171,8.85609,10.0825,84,71,80,2292,2800,0.479378,40,11.0121,0,0,4599,229379569077
30.2087,33.1031,8.85609,10.0825,84,71,80,2292,2800,0.479378,40,11.0121,0,0,4599,229412674120
29.8318,33.5213,8.85609,10.0825,84,71,80,2292,2800,0.479378,40,11.0121,0,0,4599,229446195451
30.1987,33.114,8.85609,10.0825,84,71,80,2292,2800,0.479378,40,11.0121,0,0,4599,229479310904
29.6916,33.6796,8.85609,10.0825,84,71,80,2292,2800,0.479378,40,11.0121,0,0,4599,229512991522
30.1135,33.2077,8.85609,10.0825,84,71,80,2292,2800,0.479378,40,11.0121,0,0,4599,229546200339
30.1756,33.1394,8.85609,10.0825,84,71,80,2292,2800,0.479378,40,11.0121,0,0,4599,229579340367
28.6258,34.9335,8.85609,10.0825,84,71,80,2292,2800,0.479378,40,11.0121,0,0,4599,229614275197
30.8194,32.447,8.85609,10.0825,84,71,80,2292,2800,0.479378,40,11.0121,0,0,4599,229646723654
30.936,32.3248,8.85609,10.0825,84,71,80,2292,2800,0.479378,40,11.0121,0,0,4599,229679052519
29.1362,34.3216,8.85609,10.0825,84,71,80,2292,2800,0.479378,40,11.0121,0,0,4599,229713375416
32.8182,30.4709,8.85609,10.0825,84,71,80,2292,2800,0.479378,40,11.0121,0,0,4599,229743846481
30.48,32.8084,8.85609,10.0825,84,71,80,2292,2800,0.479378,40,11.0121,0,0,4599,229776658076
29.3802,34.0365,7.91962,13.5847,84,78,79,2328,2800,0.479378,38,11.0129,0,0,4603,229810696452
30.9169,32.3447,7.91962,13.5847,84,78,79,2328,2800,0.479378,38,11.0129,0,0,4603,229843039954
20.1733,49.5704,7.91962,13.5847,84,78,79,2328,2800,0.479378,38,11.0129,0,0,4603,229892612836
29.038,34.4376,7.91962,13.5847,84,78,79,2328,2800,0.479378,38,11.0129,0,0,4603,229927050497
28.3927,35.2203,7.91962,13.5847,84,78,79,2328,2800,0.479378,38,11.0129,0,0,4603,229962271892
28.2307,35.4225,7.91962,13.5847,84,78,79,2328,2800,0.479378,38,11.0129,0,0,4603,229997696396
28.0153,35.6948,7.91962,13.5847,84,78,79,2328,2800,0.479378,38,11.0129,0,0,4603,230033391365
28.8952,34.6079,7.91962,13.5847,84,78,79,2328,2800,0.479378,38,11.0129,0,0,4603,230068000267
27.9066,35.8339,7.91962,13.5847,84,78,79,2328,2800,0.479378,38,11.0129,0,0,4603,230103836139
28.1588,35.5129,7.91962,13.5847,84,78,79,2328,2800,0.479378,38,11.0129,0,0,4603,230139349589
27.81,35.9582,7.91962,13.5847,84,78,79,2328,2800,0.479378,38,11.0129,0,0,4603,230175308772
27.3163,36.6082,7.91962,13.5847,84,78,79,2328,2800,0.479378,38,11.0129,0,0,4603,230211918188
23.4269,42.686,7.91962,13.5847,84,78,79,2328,2800,0.479378,38,11.0129,0,0,4603,230254605293
28.2001,35.4609,7.91962,13.5847,84,78,79,2328,2800,0.479378,38,11.0129,0,0,4603,230290069682
28.6243,34.9354,7.47549,9.57935,84,72,79,2445,2800,0.479378,39,11.0173,0,0,4633,230325003440
26.8468,37.2484,7.47549,9.57935,84,72,79,2445,2800,0.479378,39,11.0173,0,0,4633,230362255426
27.5659,36.2767,7.47549,9.57935,84,72,79,2445,2800,0.479378,39,11.0173,0,0,4633,230398532743
27.5905,36.2444,7.47549,9.57935,84,72,79,2445,2800,0.479378,39,11.0173,0,0,4633,230434780404
28.8226,34.695,7.47549,9.57935,84,72,79,2445,2800,0.479378,39,11.0173,0,0,4633,230469474584
28.2055,35.4541,7.47549,9.57935,84,72,79,2445,2800,0.479378,39,11.0173,0,0,4633,230504930828
27.733,36.0582,7.47549,9.57935,84,72,79,2445,2800,0.479378,39,11.0173,0,0,4633,230540990538
27.9164,35.8212,7.47549,9.57935,84,72,79,2445,2800,0.479378,39,11.0173,0,0,4633,230576812624
28.1277,35.5522,7.47549,9.57935,84,72,79,2445,2800,0.479378,39,11.0173,0,0,4633,230612365308
25.3995,39.3708,7.47549,9.57935,84,72,79,2445,2800,0.479378,39,11.0173,0,0,4633,230651737213
25.6211,39.0303,7.47549,9.57935,84,72,79,2445,2800,0.479378,39,11.0173,0,0,4633,230690768612
27.8719,35.8784,7.47549,9.57935,84,72,79,2445,2800,0.479378,39,11.0173,0,0,4633,230726649688
28.4858,35.1052,7.47549,9.57935,84,72,79,2445,2800,0.479378,39,11.0173,0,0,4633,230761754365
26.9183,37.1494,7.47549,9.57935,84,72,79,2445,2800,0.479378,39,11.0173,0,0,4633,230798910423
26.7003,37.4528,12.2525,11.7166,84,71,80,2511,2800,0.479378,33,11.0163,0,0,4248,230836358615
28.7516,34.7807,12.2525,11.7166,84,71,80,2511,2800,0.479378,33,11.0163,0,0,4248,230871141411
29.1516,34.3035,12.2525,11.7166,84,71,80,2511,2800,0.479378,33,11.0163,0,0,4248,230905444952
28.6798,34.8677,12.2525,11.7166,84,71,80,2511,2800,0.479378,33,11.0163,0,0,4248,230940314250
28.6825,34.8645,12.2525,11.7166,84,71,80,2511,2800,0.479378,33,11.0163,0,0,4248,230975179570
28.5678,35.0045,12.2525,11.7166,84,71,80,2511,2800,0.479378,33,11.0163,0,0,4248,231010187697
28.8971,34.6055,12.2525,11.7166,84,71,80,2511,2800,0.479378,33,11.0163,0,0,4248,231044793172
28.6569,34.8956,12.2525,11.7166,84,71,80,2511,2800,0.479378,33,11.0163,0,0,4248,231079689279
28.268,35.3757,12.2525,11.7166,84,71,80,2511,2800,0.479378,33,11.0163,0,0,4248,231115065794
24.9191,40.1298,12.2525,11.7166,84,71,80,2511,2800,0.479378,33,11.0163,0,0,4248,231155197247
28.9104,34.5897,12.2525,11.7166,84,71,80,2511,2800,0.479378,33,11.0163,0,0,4248,231189788074
28.0432,35.6593,12.2525,11.7166,84,71,80,2511,2800,0.479378,33,11.0163,0,0,4248,231225447888
29.0109,34.4698,12.2525,11.7166,84,71,80,2511,2800,0.479378,33,11.0163,0,0,4248,231259919393
29.6054,33.7776,12.2525,11.7166,84,71,80,2511,2800,0.479378,33,11.0163,0,0,4248,231293697613
29.3664,34.0525,12.2525,11.7166,84,71,80,2511,2800,0.479378,33,11.0163,0,0,4248,231327755114
25.7728,38.8006,8.17536,12.2435,84,79,80,2352,2800,0.479378,30,11.0171,0,0,4629,231366555091
27.5311,36.3226,8.17536,12.2435,84,79,80,2352,2800,0.479378,30,11.0171,0,0,4629,231402878033
28.8147,34.7045,8.17536,12.2435,84,79,80,2352,2800,0.479378,30,11.0171,0,0,4629,231437583394
28.5918,34.9751,8.17536,12.2435,84,79,80,2352,2800,0.479378,30,11.0171,0,0,4629,231472559952
29.3948,34.0196,8.17536,12.2435,84,79,80,2352,2800,0.479378,30,11.0171,0,0,4629,231506580866
28.7371,34.7982,8.17536,12.2435,84,79,80,2352,2800,0.479378,30,11.0171,0,0,4629,231541380543
28.5294,35.0515,8.17536,12.2435,84,79,80,2352,2800,0.479378,30,11.0171,0,0,4629,231576433864
27.037,36.9864,8.17536,12.2435,84,79,80,2352,2800,0.479378,30,11.0171,0,0,4629,231613421136
30.0106,33.3216,8.17536,12.2435,84,79,80,2352,2800,0.479378,30,11.0171,0,0,4629,231646743556
26.3082,38.011,8.17536,12.2435,84,79,80,2352,2800,0.479378,30,11.0171,0,0,4629,231684764327
27.7529,36.0322,8.17536,12.2435,84,79,80,2352,2800,0.479378,30,11.0171,0,0,4629,231720791377
27.2444,36.7048,8.17536,12.2435,84,79,80,2352,2800,0.479378,30,11.0171,0,0,4629,231757499688
27.2643,36.678,8.17536,12.2435,84,79,80,2352,2800,0.479378,30,11.0171,0,0,4629,231794177372
30.2383,33.0706,8.17536,12.2435,84,79,80,2352,2800,0.479378,30,11.0171,0,0,4629,231827250235
28.3399,35.2859,8.17536,12.2435,84,79,80,2352,2800,0.479378,30,11.0171,0,0,4629,231862540118
29.3502,34.0713,8.20633,13.8188,84,72,80,2553,2800,0.479378,31,11.0131,0,0,4623,231896608220
28.3869,35.2275,8.20633,13.8188,84,72,80,2553,2800,0.479378,31,11.0131,0,0,4623,231931840976
26.5827,37.6185,8.20633,13.8188,84,72,80,2553,2800,0.479378,31,11.0131,0,0,4623,231969457002
28.206,35.4535,8.20633,13.8188,84,72,80,2553,2800,0.479378,31,11.0131,0,0,4623,232004911873
28.2249,35.4297,8.20633,13.8188,84,72,80,2553,2800,0.479378,31,11.0131,0,0,4623,232040342989
29.1473,34.3085,8.20633,13.8188,84,72,80,2553,2800,0.479378,31,11.0131,0,0,4623,232074658262
28.4041,35.2062,8.20633,13.8188,84,72,80,2553,2800,0.479378,31,11.0131,0,0,4623,232109866292
27.9133,35.8252,8.20633,13.8188,84,72,80,2553,2800,0.479378,31,11.0131,0,0,4623,232145690924
29.8278,33.5257,8.20633,13.8188,84,72,80,2553,2800,0.479378,31,11.0131,0,0,4623,232179217414
25.3647,39.4248,8.20633,13.8188,84,72,80,2553,2800,0.479378,31,11.0131,0,0,4623,232218651645
27.6804,36.1267,8.20633,13.8188,84,72,80,2553,2800,0.479378,31,11.0131,0,0,4623,232254771507
22.9054,43.6577,8.20633,13.8188,84,72,80,2553,2800,0.479378,31,11.0131,0,0,4623,232298429796
30.6478,32.6287,8.20633,13.8188,84,72,80,2553,2800,0.479378,31,11.0131,0,0,4623,232331061054
27.4448,36.4367,8.20633,13.8188,84,72,80,2553,2800,0.479378,31,11.0131,0,0,4623,232367504421
28.469,35.1259,8.4472,11.7367,84,71,80,2600,2800,0.479378,33,10.9781,0,0,4601,232402626671
28.5442,35.0334,8.4472,11.7367,84,71,80,2600,2800,0.479378,33,10.9781,0,0,4601,232437667078
28.8887,34.6156,8.4472,11.7367,84,71,80,2600,2800,0.479378,33,10.9781,0,0,4601,232472280227
28.8156,34.7034,8.4472,11.7367,84,71,80,2600,2800,0.479378,33,10.9781,0,0,4601,232506982072
27.9861,35.7321,8.4472,11.7367,84,71,80,2600,2800,0.479378,33,10.9781,0,0,4601,232542716224
27.4902,36.3766,8.4472,11.7367,84,71,80,2600,2800,0.479378,33,10.9781,0,0,4601,232579093637
24.7588,40.3896,8.4472,11.7367,84,71,80,2600,2800,0.479378,33,10.9781,0,0,4601,232619488122
25.662,38.9682,8.4472,11.7367,84,71,80,2600,2800,0.479378,33,10.9781,0,0,4601,232658455210
28.2497,35.3986,8.4472,11.7367,84,71,80,2600,2800,0.479378,33,10.9781,0,0,4601,232693854387
28.0041,35.709,8.4472,11.7367,84,71,80,2600,2800,0.479378,33,10.9781,0,0,4601,232729566689
27.113,36.8827,8.4472,11.7367,84,71,80,2600,2800,0.479378,33,10.9781,0,0,4601,232766450147
24.7956,40.3298,8.4472,11.7367,84,71,80,2600,2800,0.479378,33,10.9781,0,0,4601,232806781593
27.7247,36.0689,8.4472,11.7367,84,71,80,2600,2800,0.479378,33,10.9781,0,0,4601,232842852414
27.5222,36.3343,8.4472,11.7367,84,71,80,2600,2800,0.479378,33,10.9781,0,0,4601,232879191777
29.1725,34.2788,13.6029,12.188,83,71,79,2488,2800,0.479378,36,10.9754,0,0,4568,232913466474
29.2315,34.2097,13.6029,12.188,83,71,79,2488,2800,0.479378,36,10.9754,0,0,4568,232947678304
27.1177,36.8762,13.6029,12.188,83,71,79,2488,2800,0.479378,36,10.9754,0,0,4568,232984555120
27.0936,36.9091,13.6029,12.188,83,71,79,2488,2800,0.479378,36,10.9754,0,0,4568,233021464767
28.5281,35.0531,13.6029,12.188,83,71,79,2488,2800,0.479378,36,10.9754,0,0,4568,233056518659
29.2904,34.1408,13.6029,12.188,83,71,79,2488,2800,0.479378,36,10.9754,0,0,4568,233090660368
28.0802,35.6123,13.6029,12.188,83,71,79,2488,2800,0.479378,36,10.9754,0,0,4568,233126274316
28.6388,34.9177,13.6029,12.188,83,71,79,2488,2800,0.479378,36,10.9754,0,0,4568,233161195090
23.8331,41.9584,13.6029,12.188,83,71,79,2488,2800,0.479378,36,10.9754,0,0,4568,233203154045
26.527,37.6975,13.6029,12.188,83,71,79,2488,2800,0.479378,36,10.9754,0,0,4568,233240854058
28.3924,35.2207,13.6029,12.188,83,71,79,2488,2800,0.479378,36,10.9754,0,0,4568,233276073860
28.9064,34.5944,13.6029,12.188,83,71,79,2488,2800,0.479378,36,10.9754,0,0,4568,233310668855
28.9842,34.5016,13.6029,12.188,83,71,79,2488,2800,0.479378,36,10.9754,0,0,4568,233345176818
26.6362,37.5429,13.6029,12.188,83,71,79,2488,2800,0.479378,36,10.9754,0,0,4568,233382723244
24.9414,40.094,8.14536,13.352,82,79,80,2467,2800,0.479378,39,10.975,0,0,4605,233422814001
28.3894,35.2244,8.14536,13.352,82,79,80,2467,2800,0.479378,39,10.975,0,0,4605,233458038311
29.4909,33.9087,8.14536,13.352,82,79,80,2467,2800,0.479378,39,10.975,0,0,4605,233491949240
28.9749,34.5126,8.14536,13.352,82,79,80,2467,2800,0.479378,39,10.975,0,0,4605,233526464476
29.3839,34.0323,8.14536,13.352,82,79,80,2467,2800,0.479378,39,10.975,0,0,4605,233560496841
27.8611,35.8924,8.14536,13.352,82,79,80,2467,2800,0.479378,39,10.975,0,0,4605,233596389729
29.3928,34.022,8.14536,13.352,82,79,80,2467,2800,0.479378,39,10.975,0,0,4605,233630411845
30.2427,33.0658,8.14536,13.352,82,79,80,2467,2800,0.479378,39,10.975,0,0,4605,233663480240
27.9236,35.812,8.14536,13.352,82,79,80,2467,2800,0.479378,39,10.975,0,0,4605,233699295203
29.0734,34.3957,8.14536,13.352,82,79,80,2467,2800,0.479378,39,10.975,0,0,4605,233733689374
28.4456,35.1548,8.14536,13.352,82,79,80,2467,2800,0.479378,39,10.975,0,0,4605,233768845176
27.4884,36.3789,8.14536,13.352,82,79,80,2467,2800,0.479378,39,10.975,0,0,4605,233805226747
29.7414,33.6232,8.14536,13.352,82,79,80,2467,2800,0.479378,39,10.975,0,0,4605,233838851401
29.6756,33.6978,8.14536,13.352,82,79,80,2467,2800,0.479378,39,10.975,0,0,4605,233872549682
29.4232,33.9868,8.14536,13.352,82,79,80,2467,2800,0.479378,39,10.975,0,0,4605,233906539687
30.0338,33.2958,8.53365,12.261,82,72,80,800,2800,0.479378,33,10.9774,0,0,4595,233939833523
30.3181,32.9836,8.53365,12.261,82,72,80,800,2800,0.479378,33,10.9774,0,0,4595,233972819815
29.3477,34.0742,8.53365,12.261,82,72,80,800,2800,0.479378,33,10.9774,0,0,4595,234006894278
29.7893,33.5691,8.53365,12.261,82,72,80,800,2800,0.479378,33,10.9774,0,0,4595,234040465231
29.6306,33.7489,8.53365,12.261,82,72,80,800,2800,0.479378,33,10.9774,0,0,4595,234074214708
29.1314,34.3272,8.53365,12.261,82,72,80,800,2800,0.479378,33,10.9774,0,0,4595,234108542454
29.9102,33.4335,8.53365,12.261,82,72,80,800,2800,0.479378,33,10.9774,0,0,4595,234141978696
29.4722,33.9303,8.53365,12.261,82,72,80,800,2800,0.479378,33,10.9774,0,0,4595,234175911906
29.174,34.2771,8.53365,12.261,82,72,80,800,2800,0.479378,33,10.9774,0,0,4595,234210188426
27.6092,36.2198,8.53365,12.261,82,72,80,800,2800,0.479378,33,10.9774,0,0,4595,234246409608
27.6285,36.1945,8.53365,12.261,82,72,80,800,2800,0.479378,33,10.9774,0,0,4595,234282605843
30.4381,32.8536,8.53365,12.261,82,72,80,800,2800,0.479378,33,10.9774,0,0,4595,234315461601
27.211,36.7498,8.53365,12.261,82,72,80,800,2800,0.479378,33,10.9774,0,0,4595,234352211079
28.8624,34.6472,8.53365,12.261,82,72,80,800,2800,0.479378,33,10.9774,0,0,4595,234386859484
28.509,35.0767,8.53365,12.261,82,72,80,800,2800,0.479378,33,10.9774,0,0,4595,234421940517
29.293,34.1379,8.53658,12.203,82,71,80,2600,2800,0.479378,23,10.9774,0,0,4596,234456078349
26.3346,37.9729,8.53658,12.203,82,71,80,2600,2800,0.479378,23,10.9774,0,0,4596,234494051782
28.2215,35.4339,8.53658,12.203,82,71,80,2600,2800,0.479378,23,10.9774,0,0,4596,234529486896
28.0001,35.7142,8.53658,12.203,82,71,80,2600,2800,0.479378,23,10.9774,0,0,4596,234565202444
29.2562,34.1808,8.53658,12.203,82,71,80,2600,2800,0.479378,23,10.9774,0,0,4596,234599386652
28.6761,34.8722,8.53658,12.203,82,71,80,2600,2800,0.479378,23,10.9774,0,0,4596,234634257232
28.5858,34.9823,8.53658,12.203,82,71,80,2600,2800,0.479378,23,10.9774,0,0,4596,234669242095
28.8683,34.64,8.53658,12.203,82,71,80,2600,2800,0.479378,23,10.9774,0,0,4596,234703883107
28.9092,34.5911,8.53658,12.203,82,71,80,2600,2800,0.479378,23,10.9774,0,0,4596,234738476028
29.84,33.5121,8.53658,12.203,82,71,80,2600,2800,0.479378,23,10.9774,0,0,4596,234771988662
29.3238,34.102,8.53658,12.203,82,71,80,2600,2800,0.479378,23,10.9774,0,0,4596,234806091419
30.0619,33.2647,8.53658,12.203,82,71,80,2600,2800,0.479378,23,10.9774,0,0,4596,234839357663
30.7313,32.5401,8.53658,12.203,82,71,80,2600,2800,0.479378,23,10.9774,0,0,4596,234871898433
31.0361,32.2206,8.53658,12.203,82,71,80,2600,2800,0.479378,23,10.9774,0,0,4596,234904120648
31.0161,32.2414,8.53658,12.203,82,71,80,2600,2800,0.479378,23,10.9774,0,0,4596,234936367539
28.2797,35.361,13.3415,11.3268,82,71,79,800,2800,0.479378,25,10.9751,0,0,4570,234971725659
29.0234,34.455,13.3415,11.3268,82,71,79,800,2800,0.479378,25,10.9751,0,0,4570,235006183378
30.1182,33.2025,13.3415,11.3268,82,71,79,800,2800,0.479378,25,10.9751,0,0,4570,235039387095
29.6049,33.7782,13.3415,11.3268,82,71,79,800,2800,0.479378,25,10.9751,0,0,4570,235073167840
31.2618,31.9879,13.3415,11.3268,82,71,79,800,2800,0.479378,25,10.9751,0,0,4570,235105154836
28.5485,35.0281,13.3415,11.3268,82,71,79,800,2800,0.479378,25,10.9751,0,0,4570,235140185074
28.8641,34.6451,13.3415,11.3268,82,71,79,800,2800,0.479378,25,10.9751,0,0,4570,235174830954
29.2403,34.1994,13.3415,11.3268,82,71,79,800,2800,0.479378,25,10.9751,0,0,4570,235209033587
29.7713,33.5894,13.3415,11.3268,82,71,79,800,2800,0.479378,25,10.9751,0,0,4570,235242623686
30.6885,32.5855,13.3415,11.3268,82,71,79,800,2800,0.479378,25,10.9751,0,0,4570,235275209470
30.0466,33.2816,13.3415,11.3268,82,71,79,800,2800,0.479378,25,10.9751,0,0,4570,235308493928
30.0151,33.3165,13.3415,11.3268,82,71,79,800,2800,0.479378,25,10.9751,0,0,4570,235341811628
28.7555,34.776,13.3415,11.3268,82,71,79,800,2800,0.479378,25,10.9751,0,0,4570,235376588393
30.6458,32.6309,13.3415,11.3268,82,71,79,800,2800,0.479378,25,10.9751,0,0,4570,235409221876
30.3593,32.9389,13.3415,11.3268,82,71,79,800,2800,0.479378,25,10.9751,0,0,4570,235442162973
30.2263,33.0837,8.58209,13.2863,81,81,80,2593,2800,0.479378,32,10.9749,0,0,4595,235475247448
30.8823,32.381,8.58209,13.2863,81,81,80,2593,2800,0.479378,32,10.9749,0,0,4595,235507630173
29.8966,33.4486,8.58209,13.2863,81,81,80,2593,2800,0.479378,32,10.9749,0,0,4595,235541080561
31.2445,32.0056,8.58209,13.2863,81,81,80,2593,2800,0.479378,32,10.9749,0,0,4595,235573085610
31.1258,32.1277,8.58209,13.2863,81,81,80,2593,2800,0.479378,32,10.9749,0,0,4595,235605216775
29.9442,33.3955,8.58209,13.2863,81,81,80,2593,2800,0.479378,32,10.9749,0,0,4595,235638612231
30.3331,32.9673,8.58209,13.2863,81,81,80,2593,2800,0.479378,32,10.9749,0,0,4595,235671582623
30.0988,33.2239,8.58209,13.2863,81,81,80,2593,2800,0.479378,32,10.9749,0,0,4595,235704807490
30.2515,33.0562,8.58209,13.2863,81,81,80,2593,2800,0.479378,32,10.9749,0,0,4595,235737866226
32.961,30.3388,8.58209,13.2863,81,81,80,2593,2800,0.479378,32,10.9749,0,0,4595,235768204183
26.2777,38.0551,8.58209,13.2863,81,81,80,2593,2800,0.479378,32,10.9749,0,0,4595,235806261824
30.8204,32.446,8.58209,13.2863,81,81,80,2593,2800,0.479378,32,10.9749,0,0,4595,235838708337
31.0875,32.1673,8.58209,13.2863,81,81,80,2593,2800,0.479378,32,10.9749,0,0,4595,235870880709
30.449,32.8419,8.58209,13.2863,81,81,80,2593,2800,0.479378,32,10.9749,0,0,4595,235903723563
31.054,32.2019,8.58209,13.2863,81,81,80,2593,2800,0.479378,32,10.9749,0,0,4595,235935923777
29.4433,33.9635,8.58209,13.2863,81,81,80,2593,2800,0.479378,32,10.9749,0,0,4595,235969893445
31.4361,31.8106,8.83055,13.145,81,72,80,2149,2800,0.479378,33,10.9666,0,0,4636,236001702428
29.4304,33.9785,8.83055,13.145,81,72,80,2149,2800,0.479378,33,10.9666,0,0,4636,236035684779
30.6549,32.6212,8.83055,13.145,81,72,80,2149,2800,0.479378,33,10.9666,0,0,4636,236068305178
25.4459,39.2991,8.83055,13.145,81,72,80,2149,2800,0.479378,33,10.9666,0,0,4636,236107606621
30.0747,33.2505,8.83055,13.145,81,72,80,2149,2800,0.479378,33,10.9666,0,0,4636,236140857797
31.22,32.0307,8.83055,13.145,81,72,80,2149,2800,0.479378,33,10.9666,0,0,4636,236172889677
30.9841,32.2746,8.83055,13.145,81,72,80,2149,2800,0.479378,33,10.9666,0,0,4636,236205164550
33.1794,30.1392,8.83055,13.145,81,72,80,2149,2800,0.479378,33,10.9666,0,0,4636,236235304467
27.2493,36.6982,8.83055,13.145,81,72,80,2149,2800,0.479378,33,10.9666,0,0,4636,236272006025
26.4198,37.8505,8.83055,13.145,81,72,80,2149,2800,0.479378,33,10.9666,0,0,4636,236309855818
29.1157,34.3458,8.83055,13.145,81,72,80,2149,2800,0.479378,33,10.9666,0,0,4636,236344204233
28.8199,34.6983,8.83055,13.145,81,72,80,2149,2800,0.479378,33,10.9666,0,0,4636,236378903252
19.0962,52.3664,8.83055,13.145,81,72,80,2149,2800,0.479378,33,10.9666,0,0,4636,236431272756
27.5575,36.2877,8.83055,13.145,81,72,80,2149,2800,0.479378,33,10.9666,0,0,4636,236467559680
30.6174,32.6612,8.83055,13.145,81,72,80,2149,2800,0.479378,33,10.9666,0,0,4636,236500228489
30.0725,33.253,8.90736,13.3945,81,72,80,2413,2800,0.479134,33,10.9703,0,0,4446,236533476920
29.9517,33.3871,8.90736,13.3945,81,72,80,2413,2800,0.479134,33,10.9703,0,0,4446,236566865603
30.1345,33.1845,8.90736,13.3945,81,72,80,2413,2800,0.479134,33,10.9703,0,0,4446,236600050135
26.6598,37.5096,8.90736,13.3945,81,72,80,2413,2800,0.479134,33,10.9703,0,0,4446,236637564571
26.1144,38.2931,8.90736,13.3945,81,72,80,2413,2800,0.479134,33,10.9703,0,0,4446,236675859185
27.7885,35.9861,8.90736,13.3945,81,72,80,2413,2800,0.479134,33,10.9703,0,0,4446,236711845107
29.7892,33.5692,8.90736,13.3945,81,72,80,2413,2800,0.479134,33,10.9703,0,0,4446,236745414598
31.4258,31.821,8.90736,13.3945,81,72,80,2413,2800,0.479134,33,10.9703,0,0,4446,236777239440
30.8085,32.4586,8.90736,13.3945,81,72,80,2413,2800,0.479134,33,10.9703,0,0,4446,236809699570
32.1519,31.1023,8.90736,13.3945,81,72,80,2413,2800,0.479134,33,10.9703,0,0,4446,236840807083
33.9109,29.4891,8.90736,13.3945,81,72,80,2413,2800,0.479134,33,10.9703,0,0,4446,236870292718
32.0859,31.1663,8.90736,13.3945,81,72,80,2413,2800,0.479134,33,10.9703,0,0,4446,236901462278
31.9901,31.2597,8.90736,13.3945,81,72,80,2413,2800,0.479134,33,10.9703,0,0,4446,236932721735
32.3898,30.8739,8.90736,13.3945,81,72,80,2413,2800,0.479134,33,10.9703,0,0,4446,236963597356
30.7827,32.4858,8.90736,13.3945,81,72,80,2413,2800,0.479134,33,10.9703,0,0,4446,236996087411
33.4869,29.8625,8.90736,13.3945,81,72,80,2413,2800,0.479134,33,10.9703,0,0,4446,237025954799
32.7285,30.5544,12.5598,11.0349,80,72,77,2462,2800,0.479134,36,10.9829,0,0,4598,237056506414
32.3554,30.9067,12.5598,11.0349,80,72,77,2462,2800,0.479134,36,10.9829,0,0,4598,237087414726
32.6573,30.621,12.5598,11.0349,80,72,77,2462,2800,0.479134,36,10.9829,0,0,4598,237118034709
32.8157,30.4733,12.5598,11.0349,80,72,77,2462,2800,0.479134,36,10.9829,0,0,4598,237148511034
32.151,31.1032,12.5598,11.0349,80,72,77,2462,2800,0.479134,36,10.9829,0,0,4598,237179615342
31.9355,31.3131,12.5598,11.0349,80,72,77,2462,2800,0.479134,36,10.9829,0,0,4598,237210929341
32.7827,30.5039,12.5598,11.0349,80,72,77,2462,2800,0.479134,36,10.9829,0,0,4598,237241435702
34.5789,28.9193,12.5598,11.0349,80,72,77,2462,2800,0.479134,36,10.9829,0,0,4598,237270358406
32.9528,30.3465,12.5598,11.0349,80,72,77,2462,2800,0.479134,36,10.9829,0,0,4598,237300703786
30.785,32.4834,12.5598,11.0349,80,72,77,2462,2800,0.479134,36,10.9829,0,0,4598,237333189102
31.7339,31.512,12.5598,11.0349,80,72,77,2462,2800,0.479134,36,10.9829,0,0,4598,237364704117
33.3735,29.9639,12.5598,11.0349,80,72,77,2462,2800,0.479134,36,10.9829,0,0,4598,237394667735
25.5496,39.1396,12.5598,11.0349,80,72,77,2462,2800,0.479134,36,10.9829,0,0,4598,237433807596
31.6737,31.572,12.5598,11.0349,80,72,77,2462,2800,0.479134,36,10.9829,0,0,4598,237465380809
32.5445,30.7272,12.5598,11.0349,80,72,77,2462,2800,0.479134,36,10.9829,0,0,4598,237496111850
32.8118,30.4768,12.5598,11.0349,80,72,77,2462,2800,0.479134,36,10.9829,0,0,4598,237526591781
33.5656,29.7924,8.07062,14.1439,80,80,80,2600,2800,0.479134,34,10.9808,0,0,4632,237556383448
31.914,31.3342,8.07062,14.1439,80,80,80,2600,2800,0.479134,34,10.9808,0,0,4632,237587719649
33.4821,29.8667,8.07062,14.1439,80,80,80,2600,2800,0.479134,34,10.9808,0,0,4632,237617586325
32.7622,30.523,8.07062,14.1439,80,80,80,2600,2800,0.479134,34,10.9808,0,0,4632,237648111291
31.2398,32.0105,8.07062,14.1439,80,80,80,2600,2800,0.479134,34,10.9808,0,0,4632,237680123965
32.0774,31.1746,8.07062,14.1439,80,80,80,2600,2800,0.479134,34,10.9808,0,0,4632,237711302220
34.2906,29.1625,8.07062,14.1439,80,80,80,2600,2800,0.479134,34,10.9808,0,0,4632,237740466445
33.5937,29.7675,8.07062,14.1439,80,80,80,2600,2800,0.479134,34,10.9808,0,0,4632,237770232975
31.3065,31.9422,8.07062,14.1439,80,80,80,2600,2800,0.479134,34,10.9808,0,0,4632,237802178563
32.7486,30.5356,8.07062,14.1439,80,80,80,2600,2800,0.479134,34,10.9808,0,0,4632,237832713939
31.757,31.4891,8.07062,14.1439,80,80,80,2600,2800,0.479134,34,10.9808,0,0,4632,237864203696
32.8294,30.4605,8.07062,14.1439,80,80,80,2600,2800,0.479134,34,10.9808,0,0,4632,237894666686
32.4606,30.8066,8.07062,14.1439,80,80,80,2600,2800,0.479134,34,10.9808,0,0,4632,237925473588
36.2346,27.5979,8.07062,14.1439,80,80,80,2600,2800,0.479134,34,10.9808,0,0,4632,237953073673
31.9615,31.2877,8.07062,14.1439,80,80,80,2600,2800,0.479134,34,10.9808,0,0,4632,237984363126
32.7757,30.5104,8.07062,14.1439,80,80,80,2600,2800,0.479134,34,10.9808,0,0,4632,238014873845
32.3825,30.8809,8.07062,14.1439,80,80,80,2600,2800,0.479134,34,10.9808,0,0,4632,238045759875
31.9929,31.2569,7.66423,11.2133,81,72,80,2600,2800,0.479134,35,10.9813,0,0,4590,238077016086
33.0344,30.2715,7.66423,11.2133,81,72,80,2600,2800,0.479134,35,10.9813,0,0,4590,238107288180
33.8328,29.5572,7.66423,11.2133,81,72,80,2600,2800,0.479134,35,10.9813,0,0,4590,238136851210
32.6259,30.6505,7.66423,11.2133,81,72,80,2600,2800,0.479134,35,10.9813,0,0,4590,238167497903
31.0811,32.1739,7.66423,11.2133,81,72,80,2600,2800,0.479134,35,10.9813,0,0,4590,238199674312
33.473,29.8749,7.66423,11.2133,81,72,80,2600,2800,0.479134,35,10.9813,0,0,4590,238229550136
32.4646,30.8028,7.66423,11.2133,81,72,80,2600,2800,0.479134,35,10.9813,0,0,4590,238260355025
34.4866,28.9968,7.66423,11.2133,81,72,80,2600,2800,0.479134,35,10.9813,0,0,4590,238289352598
33.0226,30.2823,7.66423,11.2133,81,72,80,2600,2800,0.479134,35,10.9813,0,0,4590,238319635362
31.4298,31.817,7.66423,11.2133,81,72,80,2600,2800,0.479134,35,10.9813,0,0,4590,238351455857
32.8401,30.4506,7.66423,11.2133,81,72,80,2600,2800,0.479134,35,10.9813,0,0,4590,238381908508
31.3429,31.9051,7.66423,11.2133,81,72,80,2600,2800,0.479134,35,10.9813,0,0,4590,238413815023
31.5855,31.6601,7.66423,11.2133,81,72,80,2600,2800,0.479134,35,10.9813,0,0,4590,238445476150
31.7083,31.5375,7.66423,11.2133,81,72,80,2600,2800,0.479134,35,10.9813,0,0,4590,238477013406
29.9467,33.3926,7.66423,11.2133,81,72,80,2600,2800,0.479134,35,10.9813,0,0,4590,238510408782
32.3213,30.9393,7.66423,11.2133,81,72,80,2600,2800,0.479134,35,10.9813,0,0,4590,238541349293
31.8455,31.4016,7.66423,11.2133,81,72,80,2600,2800,0.479134,35,10.9813,0,0,4590,238572759131
29.9052,33.439,10.1311,14.0919,82,72,81,2562,2800,0.479134,32,10.9791,0,0,4191,238606192798
32.9379,30.3602,10.1311,14.0919,82,72,81,2562,2800,0.479134,32,10.9791,0,0,4191,238636553467
28.4639,35.1322,10.1311,14.0919,82,72,81,2562,2800,0.479134,32,10.9791,0,0,4191,238671688090
31.6733,31.5723,10.1311,14.0919,82,72,81,2562,2800,0.479134,32,10.9791,0,0,4191,238703261464
29.8136,33.5417,10.1311,14.0919,82,72,81,2562,2800,0.479134,32,10.9791,0,0,4191,238736804425
32.61,30.6654,10.1311,14.0919,82,72,81,2562,2800,0.479134,32,10.9791,0,0,4191,238767470314
29.9448,33.3947,10.1311,14.0919,82,72,81,2562,2800,0.479134,32,10.9791,0,0,4191,238800872041
32.0087,31.2415,10.1311,14.0919,82,72,81,2562,2800,0.479134,32,10.9791,0,0,4191,238832109988
31.3616,31.8862,10.1311,14.0919,82,72,81,2562,2800,0.479134,32,10.9791,0,0,4191,238863999211
33.7123,29.6627,10.1311,14.0919,82,72,81,2562,2800,0.479134,32,10.9791,0,0,4191,238893660344
34.1464,29.2857,10.1311,14.0919,82,72,81,2562,2800,0.479134,32,10.9791,0,0,4191,238922948320
32.453,30.8138,10.1311,14.0919,82,72,81,2562,2800,0.479134,32,10.9791,0,0,4191,238953764450
30.3845,32.9115,10.1311,14.0919,82,72,81,2562,2800,0.479134,32,10.9791,0,0,4191,238986677715
32.3858,30.8777,10.1311,14.0919,82,72,81,2562,2800,0.479134,32,10.9791,0,0,4191,239017555319
33.91,29.4899,10.1311,14.0919,82,72,81,2562,2800,0.479134,32,10.9791,0,0,4191,239047046945
31.5012,31.7448,10.1311,14.0919,82,72,81,2562,2800,0.479134,32,10.9791,0,0,4191,239078797900
33.7468,29.6324,11.4286,11.6585,82,72,79,2214,2800,0.479134,37,10.9784,0,0,4600,239108428637
34.5511,28.9427,11.4286,11.6585,82,72,79,2214,2800,0.479134,37,10.9784,0,0,4600,239137371318
31.2237,32.0269,11.4286,11.6585,82,72,79,2214,2800,0.479134,37,10.9784,0,0,4600,239169397747
31.5431,31.7027,11.4286,11.6585,82,72,79,2214,2800,0.479134,37,10.9784,0,0,4600,239201104349
30.9028,32.3596,11.4286,11.6585,82,72,79,2214,2800,0.479134,37,10.9784,0,0,4600,239233463600
33.1511,30.1649,11.4286,11.6585,82,72,79,2214,2800,0.479134,37,10.9784,0,0,4600,239263633413
33.9775,29.4312,11.4286,11.6585,82,72,79,2214,2800,0.479134,37,10.9784,0,0,4600,239293063374
34.7335,28.7907,11.4286,11.6585,82,72,79,2214,2800,0.479134,37,10.9784,0,0,4600,239321854693
32.8951,30.3996,11.4286,11.6585,82,72,79,2214,2800,0.479134,37,10.9784,0,0,4600,239352256649
30.9828,32.276,11.4286,11.6585,82,72,79,2214,2800,0.479134,37,10.9784,0,0,4600,239384535349
33.4501,29.8953,11.4286,11.6585,82,72,79,2214,2800,0.479134,37,10.9784,0,0,4600,239414430419
32.8157,30.4732,11.4286,11.6585,82,72,79,2214,2800,0.479134,37,10.9784,0,0,4600,239444904500
34.2807,29.1709,11.4286,11.6585,82,72,79,2214,2800,0.479134,37,10.9784,0,0,4600,239474079054
33.1581,30.1585,11.4286,11.6585,82,72,79,2214,2800,0.479134,37,10.9784,0,0,4600,239504235823
31.6008,31.6448,11.4286,11.6585,82,72,79,2214,2800,0.479134,37,10.9784,0,0,4600,239535883835
31.686,31.5597,11.4286,11.6585,82,72,79,2214,2800,0.479134,37,10.9784,0,0,4600,239567446128
31.7669,31.4793,11.4286,11.6585,82,72,79,2214,2800,0.479134,37,10.9784,0,0,4600,239598930074
33.3984,29.9416,8.7635,12.2016,82,80,80,2600,2800,0.479134,26,10.9728,0,0,4616,239628868705
37.0797,26.9689,8.7635,12.2016,82,80,80,2600,2800,0.479134,26,10.9728,0,0,4616,239655840847
30.9154,32.3464,8.7635,12.2016,82,80,80,2600,2800,0.479134,26,10.9728,0,0,4616,239688187224
32.0437,31.2074,8.7635,12.2016,82,80,80,2600,2800,0.479134,26,10.9728,0,0,4616,239719396357
32.1834,31.0719,8.7635,12.2016,82,80,80,2600,2800,0.479134,26,10.9728,0,0,4616,239750470459
35.2278,28.3866,8.7635,12.2016,82,80,80,2600,2800,0.479134,26,10.9728,0,0,4616,239778857402
34.5703,28.9266,8.7635,12.2016,82,80,80,2600,2800,0.479134,26,10.9728,0,0,4616,239807788823
32.9218,30.375,8.7635,12.2016,82,80,80,2600,2800,0.479134,26,10.9728,0,0,4616,239838164159
32.0883,31.164,8.7635,12.2016,82,80,80,2600,2800,0.479134,26,10.9728,0,0,4616,239869329541
31.4056,31.8414,8.7635,12.2016,82,80,80,2600,2800,0.479134,26,10.9728,0,0,4616,239901171846
31.0995,32.1549,8.7635,12.2016,82,80,80,2600,2800,0.479134,26,10.9728,0,0,4616,239933329611
33.0118,30.2922,8.7635,12.2016,82,80,80,2600,2800,0.479134,26,10.9728,0,0,4616,239963623064
35.3137,28.3177,8.7635,12.2016,82,80,80,2600,2800,0.479134,26,10.9728,0,0,4616,239991943384
33.7872,29.597,8.7635,12.2016,82,80,80,2600,2800,0.479134,26,10.9728,0,0,4616,240021538974
32.5771,30.6964,8.7635,12.2016,82,80,80,2600,2800,0.479134,26,10.9728,0,0,4616,240052240209
30.7614,32.5082,8.7635,12.2016,82,80,80,2600,2800,0.479134,26,10.9728,0,0,4616,240084748047
32.0705,31.1813,8.7635,12.2016,82,80,80,2600,2800,0.479134,26,10.9728,0,0,4616,240115936913
34.2177,29.2247,8.37379,12.4169,83,72,80,2174,2800,0.479134,36,10.9715,0,0,4611,240145156611
37.5696,26.6172,8.37379,12.4169,83,72,80,2174,2800,0.479134,36,10.9715,0,0,4611,240171774632
31.135,32.1182,8.37379,12.4169,83,72,80,2174,2800,0.479134,36,10.9715,0,0,4611,240203894937
32.0902,31.1621,8.37379,12.4169,83,72,80,2174,2800,0.479134,36,10.9715,0,0,4611,240235056521
31.3162,31.9324,8.37379,12.4169,83,72,80,2174,2800,0.479134,36,10.9715,0,0,4611,240266992642
32.0519,31.1994,8.37379,12.4169,83,72,80,2174,2800,0.479134,36,10.9715,0,0,4611,240298194953
34.1887,29.2494,8.37379,12.4169,83,72,80,2174,2800,0.479134,36,10.9715,0,0,4611,240327443495
35.94,27.8242,8.37379,12.4169,83,72,80,2174,2800,0.479134,36,10.9715,0,0,4611,240355269401
31.7729,31.4734,8.37379,12.4169,83,72,80,2174,2800,0.479134,36,10.9715,0,0,4611,240386743459
34.3883,29.0796,8.37379,12.4169,83,72,80,2174,2800,0.479134,36,10.9715,0,0,4611,240415823988
31.0915,32.1631,8.37379,12.4169,83,72,80,2174,2800,0.479134,36,10.9715,0,0,4611,240447990128
32.4576,30.8094,8.37379,12.4169,83,72,80,2174,2800,0.479134,36,10.9715,0,0,4611,240478799605
33.4992,29.8514,8.37379,12.4169,83,72,80,2174,2800,0.479134,36,10.9715,0,0,4611,240508651524
31.9099,31.3382,8.37379,12.4169,83,72,80,2174,2800,0.479134,36,10.9715,0,0,4611,240539990741
31.1454,32.1074,8.37379,12.4169,83,72,80,2174,2800,0.479134,36,10.9715,0,0,4611,240572099734
30.7136,32.5589,8.37379,12.4169,83,72,80,2174,2800,0.479134,36,10.9715,0,0,4611,240604660571
31.7878,31.4586,8.37379,12.4169,83,72,80,2174,2800,0.479134,36,10.9715,0,0,4611,240636123098
29.8741,33.4738,10.5897,9.8099,83,71,81,2600,2800,0.479134,38,10.9819,0,0,4419,240669594215
29.8174,33.5375,10.5897,9.8099,83,71,81,2600,2800,0.479134,38,10.9819,0,0,4419,240703135382
29.8493,33.5016,10.5897,9.8099,83,71,81,2600,2800,0.479134,38,10.9819,0,0,4419,240736637377
33.475,29.8731,10.5897,9.8099,83,71,81,2600,2800,0.479134,38,10.9819,0,0,4419,240766512469
32.0562,31.1952,10.5897,9.8099,83,71,81,2600,2800,0.479134,38,10.9819,0,0,4419,240797708758
33.8766,29.5189,10.5897,9.8099,83,71,81,2600,2800,0.479134,38,10.9819,0,0,4419,240827229198
33.499,29.8517,10.5897,9.8099,83,71,81,2600,2800,0.479134,38,10.9819,0,0,4419,240857082480
32.007,31.2432,10.5897,9.8099,83,71,81,2600,2800,0.479134,38,10.9819,0,0,4419,240888325707
31.3834,31.864,10.5897,9.8099,83,71,81,2600,2800,0.479134,38,10.9819,0,0,4419,240920193160
32.3984,30.8657,10.5897,9.8099,83,71,81,2600,2800,0.479134,38,10.9819,0,0,4419,240951059423
33.8178,29.5702,10.5897,9.8099,83,71,81,2600,2800,0.479134,38,10.9819,0,0,4419,240980630367
32.2608,30.9974,10.5897,9.8099,83,71,81,2600,2800,0.479134,38,10.9819,0,0,4419,241011628927
34.6436,28.8653,10.5897,9.8099,83,71,81,2600,2800,0.479134,38,10.9819,0,0,4419,241040494795
33.0722,30.2369,10.5897,9.8099,83,71,81,2600,2800,0.479134,38,10.9819,0,0,4419,241070732465
31.3918,31.8554,10.5897,9.8099,83,71,81,2600,2800,0.479134,38,10.9819,0,0,4419,241102589828
31.9538,31.2952,10.5897,9.8099,83,71,81,2600,2800,0.479134,38,10.9819,0,0,4419,241133888399
31.8904,31.3574,10.5897,9.8099,83,71,81,2600,2800,0.479134,38,10.9819,0,0,4419,241165252982
35.3629,28.2782,10.6888,10.8946,83,72,80,2597,2800,0.479134,32,10.9794,0,0,4616,241193528307
34.5655,28.9306,10.6888,10.8946,83,72,80,2597,2800,0.479134,32,10.9794,0,0,4616,241222457784
32.1479,31.1062,10.6888,10.8946,83,72,80,2597,2800,0.479134,32,10.9794,0,0,4616,241253566821
31.3349,31.9133,10.6888,10.8946,83,72,80,2597,2800,0.479134,32,10.9794,0,0,4616,241285482904
34.3967,29.0725,10.6888,10.8946,83,72,80,2597,2800,0.479134,32,10.9794,0,0,4616,241314555067
33.3152,30.0163,10.6888,10.8946,83,72,80,2597,2800,0.479134,32,10.9794,0,0,4616,241344574288
34.5312,28.9593,10.6888,10.8946,83,72,80,2597,2800,0.479134,32,10.9794,0,0,4616,241373532589
31.9015,31.3465,10.6888,10.8946,83,72,80,2597,2800,0.479134,32,10.9794,0,0,4616,241404882345
31.9943,31.2556,10.6888,10.8946,83,72,80,2597,2800,0.479134,32,10.9794,0,0,4616,241436138065
31.836,31.411,10.6888,10.8946,83,72,80,2597,2800,0.479134,32,10.9794,0,0,4616,241467551951
33.221,30.1015,10.6888,10.8946,83,72,80,2597,2800,0.479134,32,10.9794,0,0,4616,241497653035
30.9424,32.3181,10.6888,10.8946,83,72,80,2597,2800,0.479134,32,10.9794,0,0,4616,241529973744
33.606,29.7566,10.6888,10.8946,83,72,80,2597,2800,0.479134,32,10.9794,0,0,4616,241559729904
33.8721,29.5229,10.6888,10.8946,83,72,80,2597,2800,0.479134,32,10.9794,0,0,4616,241589259051
31.7024,31.5434,10.6888,10.8946,83,72,80,2597,2800,0.479134,32,10.9794,0,0,4616,241620801847
31.8195,31.4272,10.6888,10.8946,83,72,80,2597,2800,0.479134,32,10.9794,0,0,4616,241652230891
34.3415,29.1193,10.6888,10.8946,83,72,80,2597,2800,0.479134,32,10.9794,0,0,4616,241681353739
31.8983,31.3497,8.78049,13.3143,83,80,80,2600,2800,0.479134,28,10.9781,0,0,4588,241712703565
36.4356,27.4457,8.78049,13.3143,83,80,80,2600,2800,0.479134,28,10.9781,0,0,4588,241740148670
31.7908,31.4557,8.78049,13.3143,83,80,80,2600,2800,0.479134,28,10.9781,0,0,4588,241771605826
32.2544,31.0036,8.78049,13.3143,83,80,80,2600,2800,0.479134,28,10.9781,0,0,4588,241802612351
31.4055,31.8415,8.78049,13.3143,83,80,80,2600,2800,0.479134,28,10.9781,0,0,4588,241834453525
32.6764,30.6031,8.78049,13.3143,83,80,80,2600,2800,0.479134,28,10.9781,0,0,4588,241865057959
33.35,29.985,8.78049,13.3143,83,80,80,2600,2800,0.479134,28,10.9781,0,0,4588,241895045722
35.8543,27.8906,8.78049,13.3143,83,80,80,2600,2800,0.479134,28,10.9781,0,0,4588,241922937671
32.0569,31.1945,8.78049,13.3143,83,80,80,2600,2800,0.479134,28,10.9781,0,0,4588,241954133379
31.7457,31.5004,8.78049,13.3143,83,80,80,2600,2800,0.479134,28,10.9781,0,0,4588,241985635500
34.6372,28.8707,8.78049,13.3143,83,80,80,2600,2800,0.479134,28,10.9781,0,0,4588,242014507699
31.3737,31.8739,8.78049,13.3143,83,80,80,2600,2800,0.479134,28,10.9781,0,0,4588,242046381915
32.2063,31.0498,8.78049,13.3143,83,80,80,2600,2800,0.479134,28,10.9781,0,0,4588,242077434666
34.4125,29.0592,8.78049,13.3143,83,80,80,2600,2800,0.479134,28,10.9781,0,0,4588,242106495257
31.6683,31.5774,8.78049,13.3143,83,80,80,2600,2800,0.479134,28,10.9781,0,0,4588,242138076045
29.9944,33.3396,8.78049,13.3143,83,80,80,2600,2800,0.479134,28,10.9781,0,0,4588,242171417309
27.9688,35.7541,8.78049,13.3143,83,80,80,2600,2800,0.479134,28,10.9781,0,0,4588,242207177199
28.712,34.8287,10.9654,13.5512,83,71,81,2600,2800,0.479134,29,10.9799,0,0,4478,242242004398
32.0333,31.2175,10.9654,13.5512,83,71,81,2600,2800,0.479134,29,10.9799,0,0,4478,242273222308
30.7647,32.5048,10.9654,13.5512,83,71,81,2600,2800,0.479134,29,10.9799,0,0,4478,242305730066
31.8652,31.3822,10.9654,13.5512,83,71,81,2600,2800,0.479134,29,10.9799,0,0,4478,242337111221
32.4401,30.826,10.9654,13.5512,83,71,81,2600,2800,0.479134,29,10.9799,0,0,4478,242367939312
32.5761,30.6973,10.9654,13.5512,83,71,81,2600,2800,0.479134,29,10.9799,0,0,4478,242398636079
30.6363,32.6411,10.9654,13.5512,83,71,81,2600,2800,0.479134,29,10.9799,0,0,4478,242431280813
34.2654,29.184,10.9654,13.5512,83,71,81,2600,2800,0.479134,29,10.9799,0,0,4478,242460465145
30.7723,32.4968,10.9654,13.5512,83,71,81,2600,2800,0.479134,29,10.9799,0,0,4478,242492964848
31.0726,32.1827,10.9654,13.5512,83,71,81,2600,2800,0.479134,29,10.9799,0,0,4478,242525150245
30.4989,32.788,10.9654,13.5512,83,71,81,2600,2800,0.479134,29,10.9799,0,0,4478,242557938807
32.2637,30.9946,10.9654,13.5512,83,71,81,2600,2800,0.479134,29,10.9799,0,0,4478,242588932478
29.786,33.5728,10.9654,13.5512,83,71,81,2600,2800,0.479134,29,10.9799,0,0,4478,242622509272
30.4748,32.814,10.9654,13.5512,83,71,81,2600,2800,0.479134,29,10.9799,0,0,4478,242655322821
32.0559,31.1955,10.9654,13.5512,83,71,81,2600,2800,0.479134,29,10.9799,0,0,4478,242686519211
30.3951,32.9,10.9654,13.5512,83,71,81,2600,2800,0.479134,29,10.9799,0,0,4478,242719424060
30.2387,33.0702,15.3752,11.2415,83,71,80,2600,2800,0.479134,33,11.0061,0,0,4184,242752494459
31.32,31.9285,15.3752,11.2415,83,71,80,2600,2800,0.479134,33,11.0061,0,0,4184,242784422825
26.5541,37.6589,15.3752,11.2415,83,71,80,2600,2800,0.479134,33,11.0061,0,0,4184,242822084957
33.2148,30.1071,15.3752,11.2415,83,71,80,2600,2800,0.479134,33,11.0061,0,0,4184,242852192944
30.3826,32.9136,15.3752,11.2415,83,71,80,2600,2800,0.479134,33,11.0061,0,0,4184,242885106029
33.7463,29.6329,15.3752,11.2415,83,71,80,2600,2800,0.479134,33,11.0061,0,0,4184,242914740112
32.3213,30.9393,15.3752,11.2415,83,71,80,2600,2800,0.479134,33,11.0061,0,0,4184,242945681946
32.676,30.6035,15.3752,11.2415,83,71,80,2600,2800,0.479134,33,11.0061,0,0,4184,242976285759
33.5167,29.8359,15.3752,11.2415,83,71,80,2600,2800,0.479134,33,11.0061,0,0,4184,243006124283
32.4062,30.8583,15.3752,11.2415,83,71,80,2600,2800,0.479134,33,11.0061,0,0,4184,243036983984
31.9519,31.297,15.3752,11.2415,83,71,80,2600,2800,0.479134,33,11.0061,0,0,4184,243068281202
30.8186,32.4479,15.3752,11.2415,83,71,80,2600,2800,0.479134,33,11.0061,0,0,4184,243100730340
33.1245,30.1891,15.3752,11.2415,83,71,80,2600,2800,0.479134,33,11.0061,0,0,4184,243130919940
33.9287,29.4736,15.3752,11.2415,83,71,80,2600,2800,0.479134,33,11.0061,0,0,4184,243160394935
33.8992,29.4992,15.3752,11.2415,83,71,80,2600,2800,0.479134,33,11.0061,0,0,4184,243189895378
32.6445,30.633,15.3752,11.2415,83,71,80,2600,2800,0.479134,33,11.0061,0,0,4184,243220535619
31.7508,31.4953,11.1529,14.08,83,72,79,2600,2800,0.479134,33,11.0074,0,0,4590,243252027540
34.3809,29.0859,11.1529,14.08,83,72,79,2600,2800,0.479134,33,11.0074,0,0,4590,243281114501
33.2035,30.1173,11.1529,14.08,83,72,79,2600,2800,0.479134,33,11.0074,0,0,4590,243311233409
34.6719,28.8418,11.1529,14.08,83,72,79,2600,2800,0.479134,33,11.0074,0,0,4590,243340077857
31.8164,31.4304,11.1529,14.08,83,72,79,2600,2800,0.479134,33,11.0074,0,0,4590,243371509305
32.0221,31.2284,11.1529,14.08,83,72,79,2600,2800,0.479134,33,11.0074,0,0,4590,243402740289
31.6647,31.5809,11.1529,14.08,83,72,79,2600,2800,0.479134,33,11.0074,0,0,4590,243434321367
32.9147,30.3816,11.1529,14.08,83,72,79,2600,2800,0.479134,33,11.0074,0,0,4590,243464703636
34.348,29.1138,11.1529,14.08,83,72,79,2600,2800,0.479134,33,11.0074,0,0,4590,243493818820
33.8116,29.5757,11.1529,14.08,83,72,79,2600,2800,0.479134,33,11.0074,0,0,4590,243523395164
32.7385,30.5451,11.1529,14.08,83,72,79,2600,2800,0.479134,33,11.0074,0,0,4590,243553942452
32.6609,30.6177,11.1529,14.08,83,72,79,2600,2800,0.479134,33,11.0074,0,0,4590,243584561764
34.2793,29.1721,11.1529,14.08,83,72,79,2600,2800,0.479134,33,11.0074,0,0,4590,243613736128
34.9511,28.6114,11.1529,14.08,83,72,79,2600,2800,0.479134,33,11.0074,0,0,4590,243642349725
32.8202,30.4691,11.1529,14.08,83,72,79,2600,2800,0.479134,33,11.0074,0,0,4590,243672820710
31.7206,31.5253,11.1529,14.08,83,72,79,2600,2800,0.479134,33,11.0074,0,0,4590,243704344230
31.6872,31.5585,11.1529,14.08,83,72,79,2600,2800,0.479134,33,11.0074,0,0,4590,243735910530
30.8632,32.4011,7.58874,14.6395,83,80,80,2305,2800,0.479134,30,11.0048,0,0,4610,243768309315
32.6693,30.6098,7.58874,14.6395,83,80,80,2305,2800,0.479134,30,11.0048,0,0,4610,243798919199
31.183,32.0688,7.58874,14.6395,83,80,80,2305,2800,0.479134,30,11.0048,0,0,4610,243830992506
35.2325,28.3829,7.58874,14.6395,83,80,80,2305,2800,0.479134,30,11.0048,0,0,4610,243859373278
30.1191,33.2015,7.58874,14.6395,83,80,80,2305,2800,0.479134,30,11.0048,0,0,4610,243892578659
30.307,32.9957,7.58874,14.6395,83,80,80,2305,2800,0.479134,30,11.0048,0,0,4610,243925573266
31.5893,31.6563,7.58874,14.6395,83,80,80,2305,2800,0.479134,30,11.0048,0,0,4610,243957232149
31.0265,32.2305,7.58874,14.6395,83,80,80,2305,2800,0.479134,30,11.0048,0,0,4610,243989463481
30.42,32.8732,7.58874,14.6395,83,80,80,2305,2800,0.479134,30,11.0048,0,0,4610,244022338896
30.7101,32.5625,7.58874,14.6395,83,80,80,2305,2800,0.479134,30,11.0048,0,0,4610,244054901626
30.234,33.0754,7.58874,14.6395,83,80,80,2305,2800,0.479134,30,11.0048,0,0,4610,244087979198
30.5901,32.6903,7.58874,14.6395,83,80,80,2305,2800,0.479134,30,11.0048,0,0,4610,244120670429
30.8269,32.4392,7.58874,14.6395,83,80,80,2305,2800,0.479134,30,11.0048,0,0,4610,244153110080
31.604,31.6416,7.58874,14.6395,83,80,80,2305,2800,0.479134,30,11.0048,0,0,4610,244184753845
34.0948,29.33,7.58874,14.6395,83,80,80,2305,2800,0.479134,30,11.0048,0,0,4610,244214084861
33.5807,29.779,7.58874,14.6395,83,80,80,2305,2800,0.479134,30,11.0048,0,0,4610,244243867020
33.4597,29.8867,8.40544,11.9947,83,71,81,2600,2800,0.479134,29,11.0055,0,0,4601,244273753303
32.3542,30.9079,8.40544,11.9947,83,71,81,2600,2800,0.479134,29,11.0055,0,0,4601,244304661214
32.0222,31.2283,8.40544,11.9947,83,71,81,2600,2800,0.479134,29,11.0055,0,0,4601,244335891447
30.7314,32.54,8.40544,11.9947,83,71,81,2600,2800,0.479134,29,11.0055,0,0,4601,244368433439
32.8718,30.4212,8.40544,11.9947,83,71,81,2600,2800,0.479134,29,11.0055,0,0,4601,244398854441
33.3712,29.966,8.40544,11.9947,83,71,81,2600,2800,0.479134,29,11.0055,0,0,4601,244428821024
34.1305,29.2993,8.40544,11.9947,83,71,81,2600,2800,0.479134,29,11.0055,0,0,4601,244458122134
32.1224,31.1309,8.40544,11.9947,83,71,81,2600,2800,0.479134,29,11.0055,0,0,4601,244489255837
30.064,33.2624,8.40544,11.9947,83,71,81,2600,2800,0.479134,29,11.0055,0,0,4601,244522518895
30.467,32.8224,8.40544,11.9947,83,71,81,2600,2800,0.479134,29,11.0055,0,0,4601,244555342723
31.4165,31.8304,8.40544,11.9947,83,71,81,2600,2800,0.479134,29,11.0055,0,0,4601,244587172966
30.9365,32.3243,8.40544,11.9947,83,71,81,2600,2800,0.479134,29,11.0055,0,0,4601,244619498855
30.0954,33.2277,8.40544,11.9947,83,71,81,2600,2800,0.479134,29,11.0055,0,0,4601,244652728160
30.3741,32.9228,8.40544,11.9947,83,71,81,2600,2800,0.479134,29,11.0055,0,0,4601,244685650713
33.2349,30.0889,8.40544,11.9947,83,71,81,2600,2800,0.479134,29,11.0055,0,0,4601,244715743131
30.4832,32.805,8.40544,11.9947,83,71,81,2600,2800,0.479134,29,11.0055,0,0,4601,244748552642
32.2107,31.0456,11.9701,12.5895,83,71,81,2600,2800,0.479134,27,11.0096,0,0,4070,244779595896
30.0793,33.2455,11.9701,12.5895,83,71,81,2600,2800,0.479134,27,11.0096,0,0,4070,244812840841
30.1545,33.1625,11.9701,12.5895,83,71,81,2600,2800,0.479134,27,11.0096,0,0,4070,244846004634
31.9525,31.2965,11.9701,12.5895,83,71,81,2600,2800,0.479134,27,11.0096,0,0,4070,244877305889
32.2201,31.0365,11.9701,12.5895,83,71,81,2600,2800,0.479134,27,11.0096,0,0,4070,244908341308
30.2477,33.0604,11.9701,12.5895,83,71,81,2600,2800,0.479134,27,11.0096,0,0,4070,244941405365
31.9971,31.2528,11.9701,12.5895,83,71,81,2600,2800,0.479134,27,11.0096,0,0,4070,244972657178
30.7689,32.5004,11.9701,12.5895,83,71,81,2600,2800,0.479134,27,11.0096,0,0,4070,245005158714
32.2135,31.0429,11.9701,12.5895,83,71,81,2600,2800,0.479134,27,11.0096,0,0,4070,245036203611
32.2631,30.9951,11.9701,12.5895,83,71,81,2600,2800,0.479134,27,11.0096,0,0,4070,245067200878
31.5001,31.7459,11.9701,12.5895,83,71,81,2600,2800,0.479134,27,11.0096,0,0,4070,245098948277
30.9345,32.3264,11.9701,12.5895,83,71,81,2600,2800,0.479134,27,11.0096,0,0,4070,245131274886
30.8602,32.4042,11.9701,12.5895,83,71,81,2600,2800,0.479134,27,11.0096,0,0,4070,245163679201
31.4812,31.765,11.9701,12.5895,83,71,81,2600,2800,0.479134,27,11.0096,0,0,4070,245195448130
31.672,31.5737,11.9701,12.5895,83,71,81,2600,2800,0.479134,27,11.0096,0,0,4070,245227020000
33.0753,30.2341,11.9701,12.5895,83,71,81,2600,2800,0.479134,27,11.0096,0,0,4070,245257263150
31.3747,31.8728,7.81638,11.7136,83,71,80,2456,2800,0.479134,31,11.0009,0,0,4588,245289131063
30.0973,33.2256,7.81638,11.7136,83,71,80,2456,2800,0.479134,31,11.0009,0,0,4588,245322356752
30.3009,33.0023,7.81638,11.7136,83,71,80,2456,2800,0.479134,31,11.0009,0,0,4588,245355360346
30.076,33.2491,7.81638,11.7136,83,71,80,2456,2800,0.479134,31,11.0009,0,0,4588,245388609999
29.603,33.7803,7.81638,11.7136,83,71,80,2456,2800,0.479134,31,11.0009,0,0,4588,245422393730
32.6601,30.6184,7.81638,11.7136,83,71,80,2456,2800,0.479134,31,11.0009,0,0,4588,245453014985
30.2042,33.108,7.81638,11.7136,83,71,80,2456,2800,0.479134,31,11.0009,0,0,4588,245486121051
30.2433,33.0652,7.81638,11.7136,83,71,80,2456,2800,0.479134,31,11.0009,0,0,4588,245519187532
30.4543,32.8361,7.81638,11.7136,83,71,80,2456,2800,0.479134,31,11.0009,0,0,4588,245552024314
30.4136,32.88,7.81638,11.7136,83,71,80,2456,2800,0.479134,31,11.0009,0,0,4588,245584906441
30.0142,33.3176,7.81638,11.7136,83,71,80,2456,2800,0.479134,31,11.0009,0,0,4588,245618225134
29.6263,33.7538,7.81638,11.7136,83,71,80,2456,2800,0.479134,31,11.0009,0,0,4588,245651978828
30.0877,33.2361,7.81638,11.7136,83,71,80,2456,2800,0.479134,31,11.0009,0,0,4588,245685216399
30.487,32.8009,7.81638,11.7136,83,71,80,2456,2800,0.479134,31,11.0009,0,0,4588,245718018376
28.6488,34.9055,7.81638,11.7136,83,71,80,2456,2800,0.479134,31,11.0009,0,0,4588,245752928099
28.7907,34.7334,7.81638,11.7136,83,71,80,2456,2800,0.479134,31,11.0009,0,0,4588,245787667925
30.4821,32.8061,6.54762,12.4414,83,80,81,2600,2800,0.479134,40,10.9974,0,0,4613,245820471465
31.5317,31.7141,6.54762,12.4414,83,80,81,2600,2800,0.479134,40,10.9974,0,0,4613,245852184269
30.5535,32.7295,6.54762,12.4414,83,80,81,2600,2800,0.479134,40,10.9974,0,0,4613,245884914833
30.9961,32.2621,6.54762,12.4414,83,80,81,2600,2800,0.479134,40,10.9974,0,0,4613,245917178926
34.0489,29.3695,6.54762,12.4414,83,80,81,2600,2800,0.479134,40,10.9974,0,0,4613,245946550148
29.4475,33.9587,6.54762,12.4414,83,80,81,2600,2800,0.479134,40,10.9974,0,0,4613,245980510187
29.3083,34.1201,6.54762,12.4414,83,80,81,2600,2800,0.479134,40,10.9974,0,0,4613,246014630987
29.12,34.3407,6.54762,12.4414,83,80,81,2600,2800,0.479134,40,10.9974,0,0,4613,246048973201
28.1965,35.4654,6.54762,12.4414,83,80,81,2600,2800,0.479134,40,10.9974,0,0,4613,246084440274
29.8194,33.5352,6.54762,12.4414,83,80,81,2600,2800,0.479134,40,10.9974,0,0,4613,246117975461
30.2649,33.0415,6.54762,12.4414,83,80,81,2600,2800,0.479134,40,10.9974,0,0,4613,246151017987
29.0934,34.372,6.54762,12.4414,83,80,81,2600,2800,0.479134,40,10.9974,0,0,4613,246185391108
30.8022,32.4652,6.54762,12.4414,83,80,81,2600,2800,0.479134,40,10.9974,0,0,4613,246217858842
29.3348,34.0892,6.54762,12.4414,83,80,81,2600,2800,0.479134,40,10.9974,0,0,4613,246251950087
30.0857,33.2384,6.54762,12.4414,83,80,81,2600,2800,0.479134,40,10.9974,0,0,4613,246285188729
29.6791,33.6937,6.54762,12.4414,83,80,81,2600,2800,0.479134,40,10.9974,0,0,4613,246318886299
28.3715,35.2466,8.04734,10.5865,84,71,81,2515,2800,0.479134,30,10.9969,0,0,4610,246354131639
28.4653,35.1305,8.04734,10.5865,84,71,81,2515,2800,0.479134,30,10.9969,0,0,4610,246389263787
27.3579,36.5525,8.04734,10.5865,84,71,81,2515,2800,0.479134,30,10.9969,0,0,4610,246425817449
28.1447,35.5307,8.04734,10.5865,84,71,81,2515,2800,0.479134,30,10.9969,0,0,4610,246461349294
27.7879,35.9869,8.04734,10.5865,84,71,81,2515,2800,0.479134,30,10.9969,0,0,4610,246497337290
28.1593,35.5122,8.04734,10.5865,84,71,81,2515,2800,0.479134,30,10.9969,0,0,4610,246532850220
26.4942,37.7441,8.04734,10.5865,84,71,81,2515,2800,0.479134,30,10.9969,0,0,4610,246570594896
26.2582,38.0834,8.04734,10.5865,84,71,81,2515,2800,0.479134,30,10.9969,0,0,4610,246608679186
24.744,40.4138,8.04734,10.5865,84,71,81,2515,2800,0.479134,30,10.9969,0,0,4610,246649094269
27.1497,36.8328,8.04734,10.5865,84,71,81,2515,2800,0.479134,30,10.9969,0,0,4610,246685928876
24.8282,40.2768,8.04734,10.5865,84,71,81,2515,2800,0.479134,30,10.9969,0,0,4610,246726206191
25.0542,39.9134,8.04734,10.5865,84,71,81,2515,2800,0.479134,30,10.9969,0,0,4610,246766122623
24.908,40.1478,8.04734,10.5865,84,71,81,2515,2800,0.479134,30,10.9969,0,0,4610,246806270236
26.6538,37.5182,8.04734,10.5865,84,71,81,2515,2800,0.479134,30,10.9969,0,0,4610,246843791595
25.3777,39.4047,12.5598,9.5627,84,70,81,2281,2800,0.479134,26,11.0079,0,0,4547,246883197473
26.5355,37.6854,12.5598,9.5627,84,70,81,2281,2800,0.479134,26,11.0079,0,0,4547,246920883951
28.1293,35.5501,12.5598,9.5627,84,70,81,2281,2800,0.479134,26,11.0079,0,0,4547,246956434220
26.4037,37.8735,12.5598,9.5627,84,70,81,2281,2800,0.479134,26,11.0079,0,0,4547,246994310853
28.653,34.9004,12.5598,9.5627,84,70,81,2281,2800,0.479134,26,11.0079,0,0,4547,247029212431
26.8971,37.1788,12.5598,9.5627,84,70,81,2281,2800,0.479134,26,11.0079,0,0,4547,247066394777
29.2,34.2465,12.5598,9.5627,84,70,81,2281,2800,0.479134,26,11.0079,0,0,4547,247100640781
28.4087,35.2005,12.5598,9.5627,84,70,81,2281,2800,0.479134,26,11.0079,0,0,4547,247135843591
27.6433,36.1751,12.5598,9.5627,84,70,81,2281,2800,0.479134,26,11.0079,0,0,4547,247172021432
27.8043,35.9656,12.5598,9.5627,84,70,81,2281,2800,0.479134,26,11.0079,0,0,4547,247207988970
28.2169,35.4397,12.5598,9.5627,84,70,81,2281,2800,0.479134,26,11.0079,0,0,4547,247243429875
26.5746,37.6299,12.5598,9.5627,84,70,81,2281,2800,0.479134,26,11.0079,0,0,4547,247281061420
26.609,37.5813,12.5598,9.5627,84,70,81,2281,2800,0.479134,26,11.0079,0,0,4547,247318643803
27.3438,36.5713,12.5598,9.5627,84,70,81,2281,2800,0.479134,26,11.0079,0,0,4547,247355220258
27.9189,35.818,8.35381,14.2129,84,72,80,2600,2800,0.479134,28,11.0091,0,0,4609,247391037095
26.8543,37.238,8.35381,14.2129,84,72,80,2600,2800,0.479134,28,11.0091,0,0,4609,247428276748
28.5432,35.0346,8.35381,14.2129,84,72,80,2600,2800,0.479134,28,11.0091,0,0,4609,247463311405
28.4923,35.0972,8.35381,14.2129,84,72,80,2600,2800,0.479134,28,11.0091,0,0,4609,247498409900
27.1053,36.8932,8.35381,14.2129,84,72,80,2600,2800,0.479134,28,11.0091,0,0,4609,247535303898
28.3962,35.216,8.35381,14.2129,84,72,80,2600,2800,0.479134,28,11.0091,0,0,4609,247570522748
26.9429,37.1155,8.35381,14.2129,84,72,80,2600,2800,0.479134,28,11.0091,0,0,4609,247607637388
29.6199,33.7611,8.35381,14.2129,84,72,80,2600,2800,0.479134,28,11.0091,0,0,4609,247641402494
27.6109,36.2176,8.35381,14.2129,84,72,80,2600,2800,0.479134,28,11.0091,0,0,4609,247677618877
29.1228,34.3373,8.35381,14.2129,84,72,80,2600,2800,0.479134,28,11.0091,0,0,4609,247711957463
29.9596,33.3783,8.35381,14.2129,84,72,80,2600,2800,0.479134,28,11.0091,0,0,4609,247745336618
30.5338,32.7505,8.35381,14.2129,84,72,80,2600,2800,0.479134,28,11.0091,0,0,4609,247778089133
29.0479,34.4259,8.35381,14.2129,84,72,80,2600,2800,0.479134,28,11.0091,0,0,4609,247812516145
29.4721,33.9304,8.35381,14.2129,84,72,80,2600,2800,0.479134,28,11.0091,0,0,4609,247846448072
28.6076,34.9558,8.35381,14.2129,84,72,80,2600,2800,0.479134,28,11.0091,0,0,4609,247881408851
27.4563,36.4215,7.50894,12.6281,82,80,80,2349,2800,0.479134,35,11.0029,0,0,4610,247917827481
28.4495,35.1499,7.50894,12.6281,82,80,80,2349,2800,0.479134,35,11.0029,0,0,4610,247952978444
29.3108,34.1172,7.50894,12.6281,82,80,80,2349,2800,0.479134,35,11.0029,0,0,4610,247987096840
27.9894,35.7278,7.50894,12.6281,82,80,80,2349,2800,0.479134,35,11.0029,0,0,4610,248022826293
29.2352,34.2053,7.50894,12.6281,82,80,80,2349,2800,0.479134,35,11.0029,0,0,4610,248057033144
28.8225,34.6951,7.50894,12.6281,82,80,80,2349,2800,0.479134,35,11.0029,0,0,4610,248091733426
30.5342,32.7501,7.50894,12.6281,82,80,80,2349,2800,0.479134,35,11.0029,0,0,4610,248124485059
29.8377,33.5146,7.50894,12.6281,82,80,80,2349,2800,0.479134,35,11.0029,0,0,4610,248158000339
29.9998,33.3336,7.50894,12.6281,82,80,80,2349,2800,0.479134,35,11.0029,0,0,4610,248191337405
30.1518,33.1656,7.50894,12.6281,82,80,80,2349,2800,0.479134,35,11.0029,0,0,4610,248224503623
29.5487,33.8424,7.50894,12.6281,82,80,80,2349,2800,0.479134,35,11.0029,0,0,4610,248258347385
30.3236,32.9776,7.50894,12.6281,82,80,80,2349,2800,0.479134,35,11.0029,0,0,4610,248291327485
30.02,33.3111,7.50894,12.6281,82,80,80,2349,2800,0.479134,35,11.0029,0,0,4610,248324640838
29.9348,33.406,7.50894,12.6281,82,80,80,2349,2800,0.479134,35,11.0029,0,0,4610,248358050520
30.1277,33.1921,7.50894,12.6281,82,80,80,2349,2800,0.479134,35,11.0029,0,0,4610,248391249438
29.0063,34.4752,7.02836,12.1911,83,72,82,2600,2800,0.479134,31,11.0028,0,0,4613,248425719771
30.4307,32.8615,7.02836,12.1911,83,72,82,2600,2800,0.479134,31,11.0028,0,0,4613,248458583574
28.6032,34.9611,7.02836,12.1911,83,72,82,2600,2800,0.479134,31,11.0028,0,0,4613,248493547077
28.4747,35.1189,7.02836,12.1911,83,72,82,2600,2800,0.479134,31,11.0028,0,0,4613,248528664939
29.5303,33.8635,7.02836,12.1911,83,72,82,2600,2800,0.479134,31,11.0028,0,0,4613,248562530342
29.1204,34.3402,7.02836,12.1911,83,72,82,2600,2800,0.479134,31,11.0028,0,0,4613,248596872806
29.5494,33.8417,7.02836,12.1911,83,72,82,2600,2800,0.479134,31,11.0028,0,0,4613,248630713973
28.9564,34.5346,7.02836,12.1911,83,72,82,2600,2800,0.479134,31,11.0028,0,0,4613,248665249848
28.7704,34.7579,7.02836,12.1911,83,72,82,2600,2800,0.479134,31,11.0028,0,0,4613,248700008990
28.6302,34.9282,7.02836,12.1911,83,72,82,2600,2800,0.479134,31,11.0028,0,0,4613,248734937949
28.3837,35.2314,7.02836,12.1911,83,72,82,2600,2800,0.479134,31,11.0028,0,0,4613,248770173480
28.8671,34.6416,7.02836,12.1911,83,72,82,2600,2800,0.479134,31,11.0028,0,0,4613,248804815243
30.3292,32.9716,7.02836,12.1911,83,72,82,2600,2800,0.479134,31,11.0028,0,0,4613,248837786937
28.1387,35.5382,7.02836,12.1911,83,72,82,2600,2800,0.479134,31,11.0028,0,0,4613,248873328079
30.297,33.0065,7.02836,12.1911,83,72,82,2600,2800,0.479134,31,11.0028,0,0,4613,248906338456
30.2724,33.0333,12.0585,9.30005,84,70,81,2583,2800,0.479134,31,11.0089,0,0,4141,248939371334
30.0117,33.3203,12.0585,9.30005,84,70,81,2583,2800,0.479134,31,11.0089,0,0,4141,248972692261
30.9171,32.3446,12.0585,9.30005,84,70,81,2583,2800,0.479134,31,11.0089,0,0,4141,249005037986
30.0139,33.3179,12.0585,9.30005,84,70,81,2583,2800,0.479134,31,11.0089,0,0,4141,249038358522
29.6202,33.7608,12.0585,9.30005,84,70,81,2583,2800,0.479134,31,11.0089,0,0,4141,249072119670
30.5065,32.7799,12.0585,9.30005,84,70,81,2583,2800,0.479134,31,11.0089,0,0,4141,249104900578
30.7373,32.5337,12.0585,9.30005,84,70,81,2583,2800,0.479134,31,11.0089,0,0,4141,249137437551
30.3753,32.9215,12.0585,9.30005,84,70,81,2583,2800,0.479134,31,11.0089,0,0,4141,249170357990
30.4331,32.859,12.0585,9.30005,84,70,81,2583,2800,0.479134,31,11.0089,0,0,4141,249203218977
30.3919,32.9035,12.0585,9.30005,84,70,81,2583,2800,0.479134,31,11.0089,0,0,4141,249236124969
31.3359,31.9122,12.0585,9.30005,84,70,81,2583,2800,0.479134,31,11.0089,0,0,4141,249268039189
30.4721,32.8169,12.0585,9.30005,84,70,81,2583,2800,0.479134,31,11.0089,0,0,4141,249300855503
30.7035,32.5696,12.0585,9.30005,84,70,81,2583,2800,0.479134,31,11.0089,0,0,4141,249333425627
29.6241,33.7562,12.0585,9.30005,84,70,81,2583,2800,0.479134,31,11.0089,0,0,4141,249367183039
31.2064,32.0447,12.0585,9.30005,84,70,81,2583,2800,0.479134,31,11.0089,0,0,4141,249399238673
31.7357,31.5102,12.0585,9.30005,84,70,81,2583,2800,0.479134,31,11.0089,0,0,4141,249430751423
29.5449,33.8467,7.54491,11.3497,84,71,81,2569,2800,0.479134,35,11.0086,0,0,4612,249464596909
30.5629,32.7194,7.54491,11.3497,84,71,81,2569,2800,0.479134,35,11.0086,0,0,4612,249497317975
30.9013,32.3611,7.54491,11.3497,84,71,81,2569,2800,0.479134,35,11.0086,0,0,4612,249529681093
30.5829,32.698,7.54491,11.3497,84,71,81,2569,2800,0.479134,35,11.0086,0,0,4612,249562379898
28.9222,34.5755,7.54491,11.3497,84,71,81,2569,2800,0.479134,35,11.0086,0,0,4612,249596958853
30.4638,32.8258,7.54491,11.3497,84,71,81,2569,2800,0.479134,35,11.0086,0,0,4612,249629783934
27.7767,36.0014,7.54491,11.3497,84,71,81,2569,2800,0.479134,35,11.0086,0,0,4612,249665787279
33.1245,30.1891,7.54491,11.3497,84,71,81,2569,2800,0.479134,35,11.0086,0,0,4612,249695978702
33.6802,29.6911,7.54491,11.3497,84,71,81,2569,2800,0.479134,35,11.0086,0,0,4612,249725671364
30.7942,32.4736,7.54491,11.3497,84,71,81,2569,2800,0.479134,35,11.0086,0,0,4612,249758143976
29.5033,33.8946,7.54491,11.3497,84,71,81,2569,2800,0.479134,35,11.0086,0,0,4612,249792042371
31.6751,31.5706,7.54491,11.3497,84,71,81,2569,2800,0.479134,35,11.0086,0,0,4612,249823613239
30.5012,32.7855,7.54491,11.3497,84,71,81,2569,2800,0.479134,35,11.0086,0,0,4612,249856402182
32.4793,30.7889,7.54491,11.3497,84,71,81,2569,2800,0.479134,35,11.0086,0,0,4612,249887193606
30.5136,32.7723,7.54491,11.3497,84,71,81,2569,2800,0.479134,35,11.0086,0,0,4612,249919967691
31.691,31.5547,7.54491,11.3497,84,71,81,2569,2800,0.479134,35,11.0086,0,0,4612,249951523923
33.5096,29.8422,8.20265,11.8673,84,79,81,2598,2800,0.479134,37,11.0107,0,0,4579,249981366654
33.6624,29.7067,8.20265,11.8673,84,79,81,2598,2800,0.479134,37,11.0107,0,0,4579,250011074635
31.6383,31.6073,8.20265,11.8673,84,79,81,2598,2800,0.479134,37,11.0107,0,0,4579,250042682793
29.9472,33.3921,8.20265,11.8673,84,79,81,2598,2800,0.479134,37,11.0107,0,0,4579,250076076125
32.1503,31.1039,8.20265,11.8673,84,79,81,2598,2800,0.479134,37,11.0107,0,0,4579,250107182917
30.3781,32.9185,8.20265,11.8673,84,79,81,2598,2800,0.479134,37,11.0107,0,0,4579,250140103065
29.8427,33.509,8.20265,11.8673,84,79,81,2598,2800,0.479134,37,11.0107,0,0,4579,250173614868
32.6909,30.5895,8.20265,11.8673,84,79,81,2598,2800,0.479134,37,11.0107,0,0,4579,250204204154
32.585,30.689,8.20265,11.8673,84,79,81,2598,2800,0.479134,37,11.0107,0,0,4579,250234893206
31.0436,32.2128,8.20265,11.8673,84,79,81,2598,2800,0.479134,37,11.0107,0,0,4579,250267111033
33.8724,29.5226,8.20265,11.8673,84,79,81,2598,2800,0.479134,37,11.0107,0,0,4579,250296636612
32.7599,30.5252,8.20265,11.8673,84,79,81,2598,2800,0.479134,37,11.0107,0,0,4579,250327163632
30.7622,32.5074,8.20265,11.8673,84,79,81,2598,2800,0.479134,37,11.0107,0,0,4579,250359670589
30.7262,32.5455,8.20265,11.8673,84,79,81,2598,2800,0.479134,37,11.0107,0,0,4579,250392218522
31.5837,31.6619,8.20265,11.8673,84,79,81,2598,2800,0.479134,37,11.0107,0,0,4579,250423882384
31.8177,31.429,8.20265,11.8673,84,79,81,2598,2800,0.479134,37,11.0107,0,0,4579,250455320024
30.0808,33.2438,7.88486,10.9981,84,71,81,2344,2800,0.479134,37,11.0101,0,0,4569,250488556403
30.68,32.5945,7.88486,10.9981,84,71,81,2344,2800,0.479134,37,11.0101,0,0,4569,250521152465
29.5623,33.8268,7.88486,10.9981,84,71,81,2344,2800,0.479134,37,11.0101,0,0,4569,250554982593
30.8768,32.3868,7.88486,10.9981,84,71,81,2344,2800,0.479134,37,11.0101,0,0,4569,250587370747
29.8652,33.4838,7.88486,10.9981,84,71,81,2344,2800,0.479134,37,11.0101,0,0,4569,250620855890
30.4368,32.8549,7.88486,10.9981,84,71,81,2344,2800,0.479134,37,11.0101,0,0,4569,250653710767
30.8905,32.3724,7.88486,10.9981,84,71,81,2344,2800,0.479134,37,11.0101,0,0,4569,250686092960
32.4137,30.8512,7.88486,10.9981,84,71,81,2344,2800,0.479134,37,11.0101,0,0,4569,250716940168
30.9298,32.3313,7.88486,10.9981,84,71,81,2344,2800,0.479134,37,11.0101,0,0,4569,250749282757
30.4011,32.8935,7.88486,10.9981,84,71,81,2344,2800,0.479134,37,11.0101,0,0,4569,250782170475
29.4679,33.9352,7.88486,10.9981,84,71,81,2344,2800,0.479134,37,11.0101,0,0,4569,250816107201
33.2488,30.0763,7.88486,10.9981,84,71,81,2344,2800,0.479134,37,11.0101,0,0,4569,250846182227
31.6166,31.629,7.88486,10.9981,84,71,81,2344,2800,0.479134,37,11.0101,0,0,4569,250877813508
31.3203,31.9282,7.88486,10.9981,84,71,81,2344,2800,0.479134,37,11.0101,0,0,4569,250909741804
31.665,31.5806,7.88486,10.9981,84,71,81,2344,2800,0.479134,37,11.0101,0,0,4569,250941324525
31.5979,31.6476,7.88486,10.9981,84,71,81,2344,2800,0.479134,37,11.0101,0,0,4569,250972975694
32.3209,30.9397,13.4709,11.2572,83,71,78,2600,2800,0.479134,30,11.0187,0,0,4612,251003914212
30.5217,32.7635,13.4709,11.2572,83,71,78,2600,2800,0.479134,30,11.0187,0,0,4612,251036678539
32.9882,30.3139,13.4709,11.2572,83,71,78,2600,2800,0.479134,30,11.0187,0,0,4612,251066994264
34.8187,28.7202,13.4709,11.2572,83,71,78,2600,2800,0.479134,30,11.0187,0,0,4612,251095716314
32.3784,30.8847,13.4709,11.2572,83,71,78,2600,2800,0.479134,30,11.0187,0,0,4612,251126600650
31.4641,31.7822,13.4709,11.2572,83,71,78,2600,2800,0.479134,30,11.0187,0,0,4612,251158386350
33.1555,30.1609,13.4709,11.2572,83,71,78,2600,2800,0.479134,30,11.0187,0,0,4612,251188548278
37.3097,26.8027,13.4709,11.2572,83,71,78,2600,2800,0.479134,30,11.0187,0,0,4612,251215351535
32.9573,30.3423,13.4709,11.2572,83,71,78,2600,2800,0.479134,30,11.0187,0,0,4612,251245697216
33.2749,30.0527,13.4709,11.2572,83,71,78,2600,2800,0.479134,30,11.0187,0,0,4612,251275750982
31.9613,31.2878,13.4709,11.2572,83,71,78,2600,2800,0.479134,30,11.0187,0,0,4612,251307039013
26.0147,38.4398,13.4709,11.2572,83,71,78,2600,2800,0.479134,30,11.0187,0,0,4612,251345478877
31.1056,32.1486,13.4709,11.2572,83,71,78,2600,2800,0.479134,30,11.0187,0,0,4612,251377628216
31.1798,32.0721,13.4709,11.2572,83,71,78,2600,2800,0.479134,30,11.0187,0,0,4612,251409703687
34.2315,29.2129,13.4709,11.2572,83,71,78,2600,2800,0.479134,30,11.0187,0,0,4612,251438919137
33.6191,29.745,13.4709,11.2572,83,71,78,2600,2800,0.479134,30,11.0187,0,0,4612,251468664317
34.7677,28.7623,13.4709,11.2572,83,71,78,2600,2800,0.479134,30,11.0187,0,0,4612,251497430339
33.1386,30.1763,8.39329,12.6873,82,80,79,2403,2800,0.479134,31,11.0158,0,0,4605,251527607565
34.8757,28.6733,8.39329,12.6873,82,80,79,2403,2800,0.479134,31,11.0158,0,0,4605,251556281074
43.8711,22.7941,8.39329,12.6873,82,80,79,2403,2800,0.479134,31,11.0158,0,0,4605,251579076317
36.0366,27.7496,8.39329,12.6873,82,80,79,2403,2800,0.479134,31,11.0158,0,0,4605,251606826903
33.211,30.1105,8.39329,12.6873,82,80,79,2403,2800,0.479134,31,11.0158,0,0,4605,251636939759
39.6946,25.1923,8.39329,12.6873,82,80,79,2403,2800,0.479134,31,11.0158,0,0,4605,251662132879
35.7552,27.9679,8.39329,12.6873,82,80,79,2403,2800,0.479134,31,11.0158,0,0,4605,251690101522
42.8669,23.328,8.39329,12.6873,82,80,79,2403,2800,0.479134,31,11.0158,0,0,4605,251713431984
36.2041,27.6212,8.39329,12.6873,82,80,79,2403,2800,0.479134,31,11.0158,0,0,4605,251741054761
35.3841,28.2613,8.39329,12.6873,82,80,79,2403,2800,0.479134,31,11.0158,0,0,4605,251769318896
37.6114,26.5877,8.39329,12.6873,82,80,79,2403,2800,0.479134,31,11.0158,0,0,4605,251795906860
36.7962,27.1767,8.39329,12.6873,82,80,79,2403,2800,0.479134,31,11.0158,0,0,4605,251823086229
41.7216,23.9684,8.39329,12.6873,82,80,79,2403,2800,0.479134,31,11.0158,0,0,4605,251847054242
35.6312,28.0653,8.39329,12.6873,82,80,79,2403,2800,0.479134,31,11.0158,0,0,4605,251875120667
35.111,28.4811,8.39329,12.6873,82,80,79,2403,2800,0.479134,31,11.0158,0,0,4605,251903603290
39.0132,25.6324,8.39329,12.6873,82,80,79,2403,2800,0.479134,31,11.0158,0,0,4605,251929236442
36.8749,27.1187,8.39329,12.6873,82,80,79,2403,2800,0.479134,31,11.0158,0,0,4605,251956357451
42.6899,23.4247,8.39329,12.6873,82,80,79,2403,2800,0.479134,31,11.0158,0,0,4605,251979782140
35.91,27.8474,8.39329,12.6873,82,80,79,2403,2800,0.479134,31,11.0158,0,0,4605,252007635998
34.0111,29.4022,7.99508,14.2937,82,72,80,800,2800,0.479134,30,11.0185,0,0,4627,252037036945
38.3759,26.058,7.99508,14.2937,82,72,80,800,2800,0.479134,30,11.0185,0,0,4627,252063095972
35.4219,28.2311,7.99508,14.2937,82,72,80,800,2800,0.479134,30,11.0185,0,0,4627,252091331954
39.8319,25.1055,7.99508,14.2937,82,72,80,800,2800,0.479134,30,11.0185,0,0,4627,252116434255
36.6085,27.316,7.99508,14.2937,82,72,80,800,2800,0.479134,30,11.0185,0,0,4627,252143752583
35.895,27.8591,7.99508,14.2937,82,72,80,800,2800,0.479134,30,11.0185,0,0,4627,252171612413
40.5323,24.6717,7.99508,14.2937,82,72,80,800,2800,0.479134,30,11.0185,0,0,4627,252196286955
36.0823,27.7144,7.99508,14.2937,82,72,80,800,2800,0.479134,30,11.0185,0,0,4627,252224002465
41.1206,24.3187,7.99508,14.2937,82,72,80,800,2800,0.479134,30,11.0185,0,0,4627,252248322505
37.4123,26.7292,7.99508,14.2937,82,72,80,800,2800,0.479134,30,11.0185,0,0,4627,252275053857
35.0949,28.4942,7.99508,14.2937,82,72,80,800,2800,0.479134,30,11.0185,0,0,4627,252303548973
39.459,25.3428,7.99508,14.2937,82,72,80,800,2800,0.479134,30,11.0185,0,0,4627,252328895850
35.6999,28.0113,7.99508,14.2937,82,72,80,800,2800,0.479134,30,11.0185,0,0,4627,252356907684
43.6318,22.9191,7.99508,14.2937,82,72,80,800,2800,0.479134,30,11.0185,0,0,4627,252379827730
36.2443,27.5906,7.99508,14.2937,82,72,80,800,2800,0.479134,30,11.0185,0,0,4627,252407419288
40.8243,24.4952,7.99508,14.2937,82,72,80,800,2800,0.479134,30,11.0185,0,0,4627,252431915537
36.0829,27.714,7.99508,14.2937,82,72,80,800,2800,0.479134,30,11.0185,0,0,4627,252459630096
37.902,26.3838,7.99508,14.2937,82,72,80,800,2800,0.479134,30,11.0185,0,0,4627,252486020031
39.1026,25.5738,7.99508,14.2937,82,72,80,800,2800,0.479134,30,11.0185,0,0,4627,252511597569
36.4405,27.442,8.25,12.3749,81,72,79,2578,2800,0.479134,36,11.015,0,0,4186,252539036472
38.144,26.2165,8.25,12.3749,81,72,79,2578,2800,0.479134,36,11.015,0,0,4186,252565251771
35.8195,27.9178,8.25,12.3749,81,72,79,2578,2800,0.479134,36,11.015,0,0,4186,252593172154
37.456,26.698,8.25,12.3749,81,72,79,2578,2800,0.479134,36,11.015,0,0,4186,252619874482
37.4088,26.7317,8.25,12.3749,81,72,79,2578,2800,0.479134,36,11.015,0,0,4186,252646605594
37.2331,26.8578,8.25,12.3749,81,72,79,2578,2800,0.479134,36,11.015,0,0,4186,252673465356
37.1906,26.8885,8.25,12.3749,81,72,79,2578,2800,0.479134,36,11.015,0,0,4186,252700357629
37.7669,26.4782,8.25,12.3749,81,72,79,2578,2800,0.479134,36,11.015,0,0,4186,252726839125
36.2015,27.6232,8.25,12.3749,81,72,79,2578,2800,0.479134,36,11.015,0,0,4186,252754463344
39.355,25.4098,8.25,12.3749,81,72,79,2578,2800,0.479134,36,11.015,0,0,4186,252779873851
35.6243,28.0708,8.25,12.3749,81,72,79,2578,2800,0.479134,36,11.015,0,0,4186,252807944674
40.5362,24.6693,8.25,12.3749,81,72,79,2578,2800,0.479134,36,11.015,0,0,4186,252832615960
38.2365,26.153,8.25,12.3749,81,72,79,2578,2800,0.479134,36,11.015,0,0,4186,252858769684
42.6043,23.4718,8.25,12.3749,81,72,79,2578,2800,0.479134,36,11.015,0,0,4186,252882244195
35.7233,27.9929,8.25,12.3749,81,72,79,2578,2800,0.479134,36,11.015,0,0,4186,252910236933
41.7933,23.9273,8.25,12.3749,81,72,79,2578,2800,0.479134,36,11.015,0,0,4186,252934165452
34.721,28.801,8.25,12.3749,81,72,79,2578,2800,0.479134,36,11.015,0,0,4186,252962967310
38.6119,25.8987,8.25,12.3749,81,72,79,2578,2800,0.479134,36,11.015,0,0,4186,252988866789
43.0244,23.2426,8.25,12.3749,81,72,79,2578,2800,0.479134,36,11.015,0,0,4186,253012118254
34.4465,29.0305,11.8837,13.33,80,72,77,2597,2800,0.479134,31,11.0168,0,0,4582,253041143700
33.8066,29.5801,11.8837,13.33,80,72,77,2597,2800,0.479134,31,11.0168,0,0,4582,253070724193
38.2716,26.1291,11.8837,13.33,80,72,77,2597,2800,0.479134,31,11.0168,0,0,4582,253096854793
36.731,27.225,11.8837,13.33,80,72,77,2597,2800,0.479134,31,11.0168,0,0,4582,253124080368
43.8217,22.8197,11.8837,13.33,80,72,77,2597,2800,0.479134,31,11.0168,0,0,4582,253146902101
35.9186,27.8407,11.8837,13.33,80,72,77,2597,2800,0.479134,31,11.0168,0,0,4582,253174743596
41.1324,24.3117,11.8837,13.33,80,72,77,2597,2800,0.479134,31,11.0168,0,0,4582,253199058697
34.7921,28.7422,11.8837,13.33,80,72,77,2597,2800,0.479134,31,11.0168,0,0,4582,253227803309
44.2002,22.6243,11.8837,13.33,80,72,77,2597,2800,0.479134,31,11.0168,0,0,4582,253250426140
36.2091,27.6173,11.8837,13.33,80,72,77,2597,2800,0.479134,31,11.0168,0,0,4582,253278044699
34.2275,29.2163,11.8837,13.33,80,72,77,2597,2800,0.479134,31,11.0168,0,0,4582,253307265690
40.6836,24.5799,11.8837,13.33,80,72,77,2597,2800,0.479134,31,11.0168,0,0,4582,253331844002
35.5663,28.1165,11.8837,13.33,80,72,77,2597,2800,0.479134,31,11.0168,0,0,4582,253359961843
43.1358,23.1826,11.8837,13.33,80,72,77,2597,2800,0.479134,31,11.0168,0,0,4582,253383146864
35.7263,27.9906,11.8837,13.33,80,72,77,2597,2800,0.479134,31,11.0168,0,0,4582,253411139171
42.8178,23.3548,11.8837,13.33,80,72,77,2597,2800,0.479134,31,11.0168,0,0,4582,253434495642
34.7459,28.7804,11.8837,13.33,80,72,77,2597,2800,0.479134,31,11.0168,0,0,4582,253463279066
38.7825,25.7849,11.8837,13.33,80,72,77,2597,2800,0.479134,31,11.0168,0,0,4582,253489064622
40.8044,24.5071,11.8837,13.33,80,72,77,2597,2800,0.479134,31,11.0168,0,0,4582,253513576921
37.2092,26.8751,8.03011,16.5697,79,81,79,2592,2800,0.479134,31,11.012,0,0,4613,253540451812
41.2126,24.2644,8.03011,16.5697,79,81,79,2592,2800,0.479134,31,11.012,0,0,4613,253564717520
35.6146,28.0784,8.03011,16.5697,79,81,79,2592,2800,0.479134,31,11.012,0,0,4613,253592795627
44.7061,22.3683,8.03011,16.5697,79,81,79,2592,2800,0.479134,31,11.012,0,0,4613,253615166147
35.7743,27.953,8.03011,16.5697,79,81,79,2592,2800,0.479134,31,11.012,0,0,4613,253643119121
40.9452,24.4229,8.03011,16.5697,79,81,79,2592,2800,0.479134,31,11.012,0,0,4613,253667546161
36.1939,27.6289,8.03011,16.5697,79,81,79,2592,2800,0.479134,31,11.012,0,0,4613,253695175159
43.409,23.0367,8.03011,16.5697,79,81,79,2592,2800,0.479134,31,11.012,0,0,4613,253718216582
37.201,26.881,8.03011,16.5697,79,81,79,2592,2800,0.479134,31,11.012,0,0,4613,253745097083
38.614,25.8973,8.03011,16.5697,79,81,79,2592,2800,0.479134,31,11.012,0,0,4613,253770996041
38.2904,26.1162,8.03011,16.5697,79,81,79,2592,2800,0.479134,31,11.012,0,0,4613,253797111864
38.6371,25.8819,8.03011,16.5697,79,81,79,2592,2800,0.479134,31,11.012,0,0,4613,253822995173
41.121,24.3185,8.03011,16.5697,79,81,79,2592,2800,0.479134,31,11.012,0,0,4613,253847314852
33.7266,29.6502,8.03011,16.5697,79,81,79,2592,2800,0.479134,31,11.012,0,0,4613,253876966718
41.2385,24.2492,8.03011,16.5697,79,81,79,2592,2800,0.479134,31,11.012,0,0,4613,253901218140
34.861,28.6854,8.03011,16.5697,79,81,79,2592,2800,0.479134,31,11.012,0,0,4613,253929904132
39.4052,25.3774,8.03011,16.5697,79,81,79,2592,2800,0.479134,31,11.012,0,0,4613,253955283400
40.4443,24.7254,8.03011,16.5697,79,81,79,2592,2800,0.479134,31,11.012,0,0,4613,253980014257
36.3375,27.5198,8.03011,16.5697,79,81,79,2592,2800,0.479134,31,11.012,0,0,4613,254007533290
41.6541,24.0073,8.03011,16.5697,79,81,79,2592,2800,0.479134,31,11.012,0,0,4613,254031550866
35.5597,28.1217,7.76699,9.699,79,72,76,2600,2800,0.479134,30,10.9999,0,0,4630,254059668306
37.5526,26.6293,7.76699,9.699,79,72,76,2600,2800,0.479134,30,10.9999,0,0,4630,254086297458
37.7931,26.4598,7.76699,9.699,79,72,76,2600,2800,0.479134,30,10.9999,0,0,4630,254112759197
34.7752,28.7561,7.76699,9.699,79,72,76,2600,2800,0.479134,30,10.9999,0,0,4630,254141515831
40.7286,24.5528,7.76699,9.699,79,72,76,2600,2800,0.479134,30,10.9999,0,0,4630,254166071901
35.9057,27.8508,7.76699,9.699,79,72,76,2600,2800,0.479134,30,10.9999,0,0,4630,254193922444
43.2686,23.1115,7.76699,9.699,79,72,76,2600,2800,0.479134,30,10.9999,0,0,4630,254217034618
36.1693,27.6478,7.76699,9.699,79,72,76,2600,2800,0.479134,30,10.9999,0,0,4630,254244683795
41.5752,24.0528,7.76699,9.699,79,72,76,2600,2800,0.479134,30,10.9999,0,0,4630,254268737918
34.4156,29.0566,7.76699,9.699,79,72,76,2600,2800,0.479134,30,10.9999,0,0,4630,254297796847
40.1893,24.8822,7.76699,9.699,79,72,76,2600,2800,0.479134,30,10.9999,0,0,4630,254322680138
40.3037,24.8116,7.76699,9.699,79,72,76,2600,2800,0.479134,30,10.9999,0,0,4630,254347493489
37.0683,26.9772,7.76699,9.699,79,72,76,2600,2800,0.479134,30,10.9999,0,0,4630,254374471973
38.597,25.9088,7.76699,9.699,79,72,76,2600,2800,0.479134,30,10.9999,0,0,4630,254400382994
37.3202,26.7951,7.76699,9.699,79,72,76,2600,2800,0.479134,30,10.9999,0,0,4630,254427179638
41.2119,24.2648,7.76699,9.699,79,72,76,2600,2800,0.479134,30,10.9999,0,0,4630,254451445006
35.8189,27.9182,7.76699,9.699,79,72,76,2600,2800,0.479134,30,10.9999,0,0,4630,254479364127
39.9951,25.0031,7.76699,9.699,79,72,76,2600,2800,0.479134,30,10.9999,0,0,4630,254504368204
36.4562,27.4301,7.76699,9.699,79,72,76,2600,2800,0.479134,30,10.9999,0,0,4630,254531804984
35.5272,28.1474,9.41029,17.9863,79,74,78,2600,2800,0.479134,27,10.9989,0,0,4340,254559949865
41.5724,24.0544,9.41029,17.9863,79,74,78,2600,2800,0.479134,27,10.9989,0,0,4340,254584005632
33.5084,29.8433,9.41029,17.9863,79,74,78,2600,2800,0.479134,27,10.9989,0,0,4340,254613849626
37.7201,26.511,9.41029,17.9863,79,74,78,2600,2800,0.479134,27,10.9989,0,0,4340,254640361920
37.8071,26.4501,9.41029,17.9863,79,74,78,2600,2800,0.479134,27,10.9989,0,0,4340,254666813650
35.6542,28.0472,9.41029,17.9863,79,74,78,2600,2800,0.479134,27,10.9989,0,0,4340,254694864837
39.8545,25.0913,9.41029,17.9863,79,74,78,2600,2800,0.479134,27,10.9989,0,0,4340,254719954384
37.2767,26.8264,9.41029,17.9863,79,74,78,2600,2800,0.479134,27,10.9989,0,0,4340,254746783238
35.2938,28.3336,9.41029,17.9863,79,74,78,2600,2800,0.479134,27,10.9989,0,0,4340,254775117263
40.4038,24.7501,9.41029,17.9863,79,74,78,2600,2800,0.479134,27,10.9989,0,0,4340,254799868568
35.521,28.1524,9.41029,17.9863,79,74,78,2600,2800,0.479134,27,10.9989,0,0,4340,254828022667
40.753,24.5381,9.41029,17.9863,79,74,78,2600,2800,0.479134,27,10.9989,0,0,4340,254852561967
36.5948,27.3263,9.41029,17.9863,79,74,78,2600,2800,0.479134,27,10.9989,0,0,4340,254879890925
39.9639,25.0226,9.41029,17.9863,79,74,78,2600,2800,0.479134,27,10.9989,0,0,4340,254904915611
38.0179,26.3034,9.41029,17.9863,79,74,78,2600,2800,0.479134,27,10.9989,0,0,4340,254931218493
36.9925,27.0325,9.41029,17.9863,79,74,78,2600,2800,0.479134,27,10.9989,0,0,4340,254958253703
41.1326,24.3116,9.41029,17.9863,79,74,78,2600,2800,0.479134,27,10.9989,0,0,4340,254982566640
36.9581,27.0577,9.41029,17.9863,79,74,78,2600,2800,0.479134,27,10.9989,0,0,4340,255009625123
41.0117,24.3833,9.41029,17.9863,79,74,78,2600,2800,0.479134,27,10.9989,0,0,4340,255034012008
36.0571,27.7338,12.1402,14.0759,79,74,77,800,2800,0.479134,34,11.0078,0,0,4630,255061744149
39.4764,25.3316,12.1402,14.0759,79,74,77,800,2800,0.479134,34,11.0078,0,0,4630,255087076680
38.9662,25.6633,12.1402,14.0759,79,74,77,800,2800,0.479134,34,11.0078,0,0,4630,255112741581
41.8153,23.9147,12.1402,14.0759,79,74,77,800,2800,0.479134,34,11.0078,0,0,4630,255136660442
35.0496,28.531,12.1402,14.0759,79,74,77,800,2800,0.479134,34,11.0078,0,0,4630,255165190533
37.6201,26.5815,12.1402,14.0759,79,74,77,800,2800,0.479134,34,11.0078,0,0,4630,255191774690
42.4596,23.5518,12.1402,14.0759,79,74,77,800,2800,0.479134,34,11.0078,0,0,4630,255215324973
36.5792,27.3379,12.1402,14.0759,79,74,77,800,2800,0.479134,34,11.0078,0,0,4630,255242665413
41.4215,24.142,12.1402,14.0759,79,74,77,800,2800,0.479134,34,11.0078,0,0,4630,255266808432
36.0319,27.7532,12.1402,14.0759,79,74,77,800,2800,0.479134,34,11.0078,0,0,4630,255294563897
40.5853,24.6394,12.1402,14.0759,79,74,77,800,2800,0.479134,34,11.0078,0,0,4630,255319204205
35.5973,28.092,12.1402,14.0759,79,74,77,800,2800,0.479134,34,11.0078,0,0,4630,255347297220
43.4302,23.0254,12.1402,14.0759,79,74,77,800,2800,0.479134,34,11.0078,0,0,4630,255370324005
35.4953,28.1727,12.1402,14.0759,79,74,77,800,2800,0.479134,34,11.0078,0,0,4630,255398498472
38.6542,25.8704,12.1402,14.0759,79,74,77,800,2800,0.479134,34,11.0078,0,0,4630,255424370951
43.2435,23.1249,12.1402,14.0759,79,74,77,800,2800,0.479134,34,11.0078,0,0,4630,255447496200
36.2661,27.574,12.1402,14.0759,79,74,77,800,2800,0.479134,34,11.0078,0,0,4630,255475072300
39.1951,25.5134,12.1402,14.0759,79,74,77,800,2800,0.479134,34,11.0078,0,0,4630,255500586890
36.4059,27.4681,12.1402,14.0759,79,74,77,800,2800,0.479134,34,11.0078,0,0,4630,255528055349
41.0295,24.3727,12.1402,14.0759,79,74,77,800,2800,0.479134,34,11.0078,0,0,4630,255552433167
38.1749,26.1952,7.99031,15.8479,79,81,79,2282,2800,0.479134,34,11.0085,0,0,4589,255578628288
40.3463,24.7854,7.99031,15.8479,79,81,79,2282,2800,0.479134,34,11.0085,0,0,4589,255603413667
36.2374,27.5958,7.99031,15.8479,79,81,79,2282,2800,0.479134,34,11.0085,0,0,4589,255631010305
39.7641,25.1483,7.99031,15.8479,79,81,79,2282,2800,0.479134,34,11.0085,0,0,4589,255656159724
41.563,24.0598,7.99031,15.8479,79,81,79,2282,2800,0.479134,34,11.0085,0,0,4589,255680222093
35.6483,28.0519,7.99031,15.8479,79,81,79,2282,2800,0.479134,34,11.0085,0,0,4589,255708274692
41.4164,24.145,7.99031,15.8479,79,81,79,2282,2800,0.479134,34,11.0085,0,0,4589,255732421459
36.2185,27.6102,7.99031,15.8479,79,81,79,2282,2800,0.479134,34,11.0085,0,0,4589,255760034668
43.5776,22.9475,7.99031,15.8479,79,81,79,2282,2800,0.479134,34,11.0085,0,0,4589,255782984299
34.686,28.8301,7.99031,15.8479,79,81,79,2282,2800,0.479134,34,11.0085,0,0,4589,255811818799
42.0929,23.757,7.99031,15.8479,79,81,79,2282,2800,0.479134,34,11.0085,0,0,4589,255835573062
35.0903,28.4979,7.99031,15.8479,79,81,79,2282,2800,0.479134,34,11.0085,0,0,4589,255864072035
40.883,24.4601,7.99031,15.8479,79,81,79,2282,2800,0.479134,34,11.0085,0,0,4589,255888534010
36.8677,27.124,7.99031,15.8479,79,81,79,2282,2800,0.479134,34,11.0085,0,0,4589,255915659509
40.5077,24.6866,7.99031,15.8479,79,81,79,2282,2800,0.479134,34,11.0085,0,0,4589,255940346644
39.1524,25.5412,7.99031,15.8479,79,81,79,2282,2800,0.479134,34,11.0085,0,0,4589,255965889517
36.0248,27.7586,7.99031,15.8479,79,81,79,2282,2800,0.479134,34,11.0085,0,0,4589,255993650733
43.6574,22.9056,7.99031,15.8479,79,81,79,2282,2800,0.479134,34,11.0085,0,0,4589,256016555560
34.5636,28.9322,7.99031,15.8479,79,81,79,2282,2800,0.479134,34,11.0085,0,0,4589,256045490718
41.2425,24.2469,7.99031,15.8479,79,81,79,2282,2800,0.479134,34,11.0085,0,0,4589,256069740807
35.9229,27.8374,7.65492,10.1571,78,72,77,2600,2800,0.479134,26,11.0076,0,0,4595,256097578065
42.0998,23.7531,7.65492,10.1571,78,72,77,2600,2800,0.479134,26,11.0076,0,0,4595,256121332098
36.5372,27.3694,7.65492,10.1571,78,72,77,2600,2800,0.479134,26,11.0076,0,0,4595,256148704507
43.0949,23.2046,7.65492,10.1571,78,72,77,2600,2800,0.479134,26,11.0076,0,0,4595,256171909976
34.9611,28.6033,7.65492,10.1571,78,72,77,2600,2800,0.479134,26,11.0076,0,0,4595,256200516470
38.7684,25.7942,7.65492,10.1571,78,72,77,2600,2800,0.479134,26,11.0076,0,0,4595,256226309831
43.932,22.7625,7.65492,10.1571,78,72,77,2600,2800,0.479134,26,11.0076,0,0,4595,256249073325
35.7657,27.9598,7.65492,10.1571,78,72,77,2600,2800,0.479134,26,11.0076,0,0,4595,256277035655
42.6432,23.4504,7.65492,10.1571,78,72,77,2600,2800,0.479134,26,11.0076,0,0,4595,256300487434
36.4084,27.4662,7.65492,10.1571,78,72,77,2600,2800,0.479134,26,11.0076,0,0,4595,256327956033
39.3113,25.438,7.65492,10.1571,78,72,77,2600,2800,0.479134,26,11.0076,0,0,4595,256353396105
38.3875,26.0501,7.65492,10.1571,78,72,77,2600,2800,0.479134,26,11.0076,0,0,4595,256379447007
42.8687,23.327,7.65492,10.1571,78,72,77,2600,2800,0.479134,26,11.0076,0,0,4595,256402775625
32.9648,30.3354,7.65492,10.1571,78,72,77,2600,2800,0.479134,26,11.0076,0,0,4595,256433111468
38.9163,25.6961,7.65492,10.1571,78,72,77,2600,2800,0.479134,26,11.0076,0,0,4595,256458809501
28.624,34.9357,7.65492,10.1571,78,72,77,2600,2800,0.479134,26,11.0076,0,0,4595,256493751444
36.659,27.2784,7.65492,10.1571,78,72,77,2600,2800,0.479134,26,11.0076,0,0,4595,256521028436
34.8131,28.7248,7.65492,10.1571,78,72,77,2600,2800,0.479134,26,11.0076,0,0,4595,256549753681
33.6652,29.7042,7.65492,10.1571,78,72,77,2600,2800,0.479134,26,11.0076,0,0,4595,256579463064
28.9284,34.5681,14.3564,16.6668,78,74,79,800,2800,0.478642,37,11.0474,0,0,4209,256614028745
38.0783,26.2617,14.3564,16.6668,78,74,79,800,2800,0.478642,37,11.0474,0,0,4209,256640292103
37.8554,26.4163,14.3564,16.6668,78,74,79,800,2800,0.478642,37,11.0474,0,0,4209,256666708407
34.7507,28.7764,14.3564,16.6668,78,74,79,800,2800,0.478642,37,11.0474,0,0,4209,256695489697
31.1563,32.0962,14.3564,16.6668,78,74,79,800,2800,0.478642,37,11.0474,0,0,4209,256727584314
38.5209,25.96,14.3564,16.6668,78,74,79,800,2800,0.478642,37,11.0474,0,0,4209,256753546871
34.3319,29.1274,14.3564,16.6668,78,74,79,800,2800,0.478642,37,11.0474,0,0,4209,256782675690
38.0597,26.2745,14.3564,16.6668,78,74,79,800,2800,0.478642,37,11.0474,0,0,4209,256808951422
38.9088,25.7011,14.3564,16.6668,78,74,79,800,2800,0.478642,37,11.0474,0,0,4209,256834653592
36.1653,27.6509,14.3564,16.6668,78,74,79,800,2800,0.478642,37,11.0474,0,0,4209,256862306936
40.4799,24.7036,14.3564,16.6668,78,74,79,800,2800,0.478642,37,11.0474,0,0,4209,256887010863
33.955,29.4507,14.3564,16.6668,78,74,79,800,2800,0.478642,37,11.0474,0,0,4209,256916463457
36.2188,27.6099,14.3564,16.6668,78,74,79,800,2800,0.478642,37,11.0474,0,0,4209,256944075143
42.7699,23.3809,14.3564,16.6668,78,74,79,800,2800,0.478642,37,11.0474,0,0,4209,256967459135
33.012,30.292,14.3564,16.6668,78,74,79,800,2800,0.478642,37,11.0474,0,0,4209,256997750094
36.3139,27.5377,14.3564,16.6668,78,74,79,800,2800,0.478642,37,11.0474,0,0,4209,257025288864
36.254,27.5832,14.3564,16.6668,78,74,79,800,2800,0.478642,37,11.0474,0,0,4209,257052874592
37.7629,26.481,14.3564,16.6668,78,74,79,800,2800,0.478642,37,11.0474,0,0,4209,257079357420
40.1023,24.9362,14.3564,16.6668,78,74,79,800,2800,0.478642,37,11.0474,0,0,4209,257104298239
20.0028,49.9931,17.8017,11.7632,78,73,76,800,2800,0.482307,29,11.0385,0,0,4560,257154290534
37.453,26.7001,17.8017,11.7632,78,73,76,800,2800,0.482307,29,11.0385,0,0,4560,257180991189
41.1813,24.2829,17.8017,11.7632,78,73,76,800,2800,0.482307,29,11.0385,0,0,4560,257205274601
35.8338,27.9066,17.8017,11.7632,78,73,76,800,2800,0.482307,29,11.0385,0,0,4560,257233181849
38.2043,26.175,17.8017,11.7632,78,73,76,800,2800,0.482307,29,11.0385,0,0,4560,257259358856
42.2825,23.6504,17.8017,11.7632,78,73,76,800,2800,0.482307,29,11.0385,0,0,4560,257283011561
37.797,26.4571,17.8017,11.7632,78,73,76,800,2800,0.482307,29,11.0385,0,0,4560,257309468881
40.1271,24.9208,17.8017,11.7632,78,73,76,800,2800,0.482307,29,11.0385,0,0,4560,257334390194
35.0312,28.5459,17.8017,11.7632,78,73,76,800,2800,0.482307,29,11.0385,0,0,4560,257362936525
34.8385,28.7039,17.8017,11.7632,78,73,76,800,2800,0.482307,29,11.0385,0,0,4560,257391642875
41.1498,24.3015,17.8017,11.7632,78,73,76,800,2800,0.482307,29,11.0385,0,0,4560,257415946715
38.1087,26.2407,17.8017,11.7632,78,73,76,800,2800,0.482307,29,11.0385,0,0,4560,257442188403
39.8166,25.1151,17.8017,11.7632,78,73,76,800,2800,0.482307,29,11.0385,0,0,4560,257467302867
35.5174,28.1552,17.8017,11.7632,78,73,76,800,2800,0.482307,29,11.0385,0,0,4560,257495462526
39.6859,25.1979,17.8017,11.7632,78,73,76,800,2800,0.482307,29,11.0385,0,0,4560,257520661407
39.2579,25.4726,17.8017,11.7632,78,73,76,800,2800,0.482307,29,11.0385,0,0,4560,257546135021
40.547,24.6628,17.8017,11.7632,78,73,76,800,2800,0.482307,29,11.0385,0,0,4560,257570798833
35.5032,28.1665,17.8017,11.7632,78,73,76,800,2800,0.482307,29,11.0385,0,0,4560,257598965766
38.2808,26.1228,17.8017,11.7632,78,73,76,800,2800,0.482307,29,11.0385,0,0,4560,257625095936
44.1299,22.6604,8.32328,14.676,77,82,78,2450,2800,0.482307,34,11.0279,0,0,4619,257647752460
30.0464,33.2819,8.32328,14.676,77,82,78,2450,2800,0.482307,34,11.0279,0,0,4619,257681035706
38.4542,26.0049,8.32328,14.676,77,82,78,2450,2800,0.482307,34,11.0279,0,0,4619,257707042496
40.1069,24.9333,8.32328,14.676,77,82,78,2450,2800,0.482307,34,11.0279,0,0,4619,257731977664
36.4921,27.4032,8.32328,14.676,77,82,78,2450,2800,0.482307,34,11.0279,0,0,4619,257759382234
43.065,23.2207,8.32328,14.676,77,82,78,2450,2800,0.482307,34,11.0279,0,0,4619,257782603131
34.7133,28.8074,8.32328,14.676,77,82,78,2450,2800,0.482307,34,11.0279,0,0,4619,257811412003
42.0826,23.7628,8.32328,14.676,77,82,78,2450,2800,0.482307,34,11.0279,0,0,4619,257835176876
36.2698,27.5711,8.32328,14.676,77,82,78,2450,2800,0.482307,34,11.0279,0,0,4619,257862749429
41.1012,24.3302,8.32328,14.676,77,82,78,2450,2800,0.482307,34,11.0279,0,0,4619,257887080881
37.8718,26.4049,8.32328,14.676,77,82,78,2450,2800,0.482307,34,11.0279,0,0,4619,257913487477
41.4581,24.1207,8.32328,14.676,77,82,78,2450,2800,0.482307,34,11.0279,0,0,4619,257937609347
31.3817,31.8657,8.32328,14.676,77,82,78,2450,2800,0.482307,34,11.0279,0,0,4619,257969477290
37.827,26.4361,8.32328,14.676,77,82,78,2450,2800,0.482307,34,11.0279,0,0,4619,257995914824
39.8774,25.0769,8.32328,14.676,77,82,78,2450,2800,0.482307,34,11.0279,0,0,4619,258020993130
38.2411,26.1499,8.32328,14.676,77,82,78,2450,2800,0.482307,34,11.0279,0,0,4619,258047142676
33.5591,29.7982,8.32328,14.676,77,82,78,2450,2800,0.482307,34,11.0279,0,0,4619,258076943500
34.7536,28.774,8.32328,14.676,77,82,78,2450,2800,0.482307,34,11.0279,0,0,4619,258105721704
36.8941,27.1046,8.32328,14.676,77,82,78,2450,2800,0.482307,34,11.0279,0,0,4619,258132830521
37.4533,26.6999,8.05452,14.0647,77,74,77,2248,2800,0.482307,28,11.0263,0,0,4600,258159528071
41.8805,23.8775,8.05452,14.0647,77,74,77,2248,2800,0.482307,28,11.0263,0,0,4600,258183406085
32.3901,30.8736,8.05452,14.0647,77,74,77,2248,2800,0.482307,28,11.0263,0,0,4600,258214277648
40.2774,24.8278,8.05452,14.0647,77,74,77,2248,2800,0.482307,28,11.0263,0,0,4600,258239107621
33.4381,29.906,8.05452,14.0647,77,74,77,2248,2800,0.482307,28,11.0263,0,0,4600,258269014242
37.5335,26.6429,8.05452,14.0647,77,74,77,2248,2800,0.482307,28,11.0263,0,0,4600,258295659614
41.7575,23.9478,8.05452,14.0647,77,74,77,2248,2800,0.482307,28,11.0263,0,0,4600,258319607289
35.8748,27.8747,8.05452,14.0647,77,74,77,2248,2800,0.482307,28,11.0263,0,0,4600,258347484711
37.2611,26.8377,8.05452,14.0647,77,74,77,2248,2800,0.482307,28,11.0263,0,0,4600,258374323223
39.9212,25.0494,8.05452,14.0647,77,74,77,2248,2800,0.482307,28,11.0263,0,0,4600,258399373297
35.2999,28.3287,8.05452,14.0647,77,74,77,2248,2800,0.482307,28,11.0263,0,0,4600,258427702813
40.0108,24.9933,8.05452,14.0647,77,74,77,2248,2800,0.482307,28,11.0263,0,0,4600,258452697683
27.8639,35.8887,8.05452,14.0647,77,74,77,2248,2800,0.482307,28,11.0263,0,0,4600,258488586825
35.3653,28.2763,8.05452,14.0647,77,74,77,2248,2800,0.482307,28,11.0263,0,0,4600,258516864224
38.8369,25.7487,8.05452,14.0647,77,74,77,2248,2800,0.482307,28,11.0263,0,0,4600,258542614685
36.8397,27.1447,8.05452,14.0647,77,74,77,2248,2800,0.482307,28,11.0263,0,0,4600,258569760241
35.2266,28.3877,8.05452,14.0647,77,74,77,2248,2800,0.482307,28,11.0263,0,0,4600,258598149138
37.3942,26.7421,8.05452,14.0647,77,74,77,2248,2800,0.482307,28,11.0263,0,0,4600,258624893886
34.7014,28.8173,8.05452,14.0647,77,74,77,2248,2800,0.482307,28,11.0263,0,0,4600,258653712876
33.6568,29.7117,10.2906,11.1832,77,71,78,2600,2800,0.482307,24,11.0219,0,0,4530,258683423702
41.6318,24.0201,10.2906,11.1832,77,71,78,2600,2800,0.482307,24,11.0219,0,0,4530,258707445064
35.3235,28.3097,10.2906,11.1832,77,71,78,2600,2800,0.482307,24,11.0219,0,0,4530,258735756537
34.3506,29.1115,10.2906,11.1832,77,71,78,2600,2800,0.482307,24,11.0219,0,0,4530,258764868995
35.5348,28.1414,10.2906,11.1832,77,71,78,2600,2800,0.482307,24,11.0219,0,0,4530,258793010721
39.6932,25.1932,10.2906,11.1832,77,71,78,2600,2800,0.482307,24,11.0219,0,0,4530,258818205835
37.0714,26.975,10.2906,11.1832,77,71,78,2600,2800,0.482307,24,11.0219,0,0,4530,258845181844
40.1556,24.9031,10.2906,11.1832,77,71,78,2600,2800,0.482307,24,11.0219,0,0,4530,258870085424
35.7472,27.9742,10.2906,11.1832,77,71,78,2600,2800,0.482307,24,11.0219,0,0,4530,258898059717
37.3113,26.8015,10.2906,11.1832,77,71,78,2600,2800,0.482307,24,11.0219,0,0,4530,258924865118
34.3859,29.0817,10.2906,11.1832,77,71,78,2600,2800,0.482307,24,11.0219,0,0,4530,258953948753
38.287,26.1185,10.2906,11.1832,77,71,78,2600,2800,0.482307,24,11.0219,0,0,4530,258980068122
37.4133,26.7284,10.2906,11.1832,77,71,78,2600,2800,0.482307,24,11.0219,0,0,4530,259006797852
35.3252,28.3084,10.2906,11.1832,77,71,78,2600,2800,0.482307,24,11.0219,0,0,4530,259035108102
37.4739,26.6852,10.2906,11.1832,77,71,78,2600,2800,0.482307,24,11.0219,0,0,4530,259061792697
37.515,26.656,10.2906,11.1832,77,71,78,2600,2800,0.482307,24,11.0219,0,0,4530,259088449571
29.9634,33.374,10.2906,11.1832,77,71,78,2600,2800,0.482307,24,11.0219,0,0,4530,259121827113
35.6651,28.0386,10.2906,11.1832,77,71,78,2600,2800,0.482307,24,11.0219,0,0,4530,259149865486
39.3458,25.4157,10.2906,11.1832,77,71,78,2600,2800,0.482307,24,11.0219,0,0,4530,259175288736
36.4148,27.4614,10.0363,14.0821,76,73,77,2579,2800,0.482307,30,11.0243,0,0,4624,259202746084
36,27.7777,10.0363,14.0821,76,73,77,2579,2800,0.482307,30,11.0243,0,0,4624,259230525343
38.9273,25.6889,10.0363,14.0821,76,73,77,2579,2800,0.482307,30,11.0243,0,0,4624,259256216834
36.1862,27.6349,10.0363,14.0821,76,73,77,2579,2800,0.482307,30,11.0243,0,0,4624,259283853807
35.154,28.4463,10.0363,14.0821,76,73,77,2579,2800,0.482307,30,11.0243,0,0,4624,259312299931
38.3629,26.0669,10.0363,14.0821,76,73,77,2579,2800,0.482307,30,11.0243,0,0,4624,259338369248
33.406,29.9347,10.0363,14.0821,76,73,77,2579,2800,0.482307,30,11.0243,0,0,4624,259368305945
35.8306,27.9091,10.0363,14.0821,76,73,77,2579,2800,0.482307,30,11.0243,0,0,4624,259396216149
38.1087,26.2407,10.0363,14.0821,76,73,77,2579,2800,0.482307,30,11.0243,0,0,4624,259422457987
37.6153,26.5849,10.0363,14.0821,76,73,77,2579,2800,0.482307,30,11.0243,0,0,4624,259449043918
35.493,28.1746,10.0363,14.0821,76,73,77,2579,2800,0.482307,30,11.0243,0,0,4624,259477219307
38.2796,26.1236,10.0363,14.0821,76,73,77,2579,2800,0.482307,30,11.0243,0,0,4624,259503345389
33.1156,30.1972,10.0363,14.0821,76,73,77,2579,2800,0.482307,30,11.0243,0,0,4624,259533542953
27.2755,36.6629,10.0363,14.0821,76,73,77,2579,2800,0.482307,30,11.0243,0,0,4624,259570207343
34.9175,28.6389,10.0363,14.0821,76,73,77,2579,2800,0.482307,30,11.0243,0,0,4624,259598847730
36.2246,27.6055,10.0363,14.0821,76,73,77,2579,2800,0.482307,30,11.0243,0,0,4624,259626456260
35.1264,28.4686,10.0363,14.0821,76,73,77,2579,2800,0.482307,30,11.0243,0,0,4624,259654925257
35.8404,27.9015,10.0363,14.0821,76,73,77,2579,2800,0.482307,30,11.0243,0,0,4624,259682830561
35.7049,28.0073,8.55019,11.399,76,79,78,2301,2800,0.482307,32,11.0239,0,0,4602,259710836393
36.9308,27.0777,8.55019,11.399,76,79,78,2301,2800,0.482307,32,11.0239,0,0,4602,259737916297
33.4325,29.911,8.55019,11.399,76,79,78,2301,2800,0.482307,32,11.0239,0,0,4602,259767826144
34.6932,28.8241,8.55019,11.399,76,79,78,2301,2800,0.482307,32,11.0239,0,0,4602,259796653490
34.6527,28.8577,8.55019,11.399,76,79,78,2301,2800,0.482307,32,11.0239,0,0,4602,259825513667
31.9381,31.3105,8.55019,11.399,76,79,78,2301,2800,0.482307,32,11.0239,0,0,4602,259856824110
34.3754,29.0906,8.55019,11.399,76,79,78,2301,2800,0.482307,32,11.0239,0,0,4602,259885915539
35.1458,28.4529,8.55019,11.399,76,79,78,2301,2800,0.482307,32,11.0239,0,0,4602,259914369648
32.8658,30.4268,8.55019,11.399,76,79,78,2301,2800,0.482307,32,11.0239,0,0,4602,259944800258
35.3155,28.3162,8.55019,11.399,76,79,78,2301,2800,0.482307,32,11.0239,0,0,4602,259973115658
35.0118,28.5618,8.55019,11.399,76,79,78,2301,2800,0.482307,32,11.0239,0,0,4602,260001679923
33.6123,29.751,8.55019,11.399,76,79,78,2301,2800,0.482307,32,11.0239,0,0,4602,260031432636
35.298,28.3302,8.55019,11.399,76,79,78,2301,2800,0.482307,32,11.0239,0,0,4602,260059762103
37.1732,26.9011,8.55019,11.399,76,79,78,2301,2800,0.482307,32,11.0239,0,0,4602,260086664946
35.9221,27.838,8.55019,11.399,76,79,78,2301,2800,0.482307,32,11.0239,0,0,4602,260114504988
35.7041,28.008,8.55019,11.399,76,79,78,2301,2800,0.482307,32,11.0239,0,0,4602,260142513004
37.734,26.5013,8.55019,11.399,76,79,78,2301,2800,0.482307,32,11.0239,0,0,4602,260169017203
34.0721,29.3495,8.55019,11.399,76,79,78,2301,2800,0.482307,32,11.0239,0,0,4602,260198371352
38.4808,25.987,7.84314,14.0149,76,73,79,2452,2800,0.480354,24,11.0226,0,0,4609,260224356201
35.5738,28.1106,7.84314,14.0149,76,73,79,2452,2800,0.480354,24,11.0226,0,0,4609,260252468131
26.535,37.6861,7.84314,14.0149,76,73,79,2452,2800,0.480354,24,11.0226,0,0,4609,260290153597
34.2147,29.2272,7.84314,14.0149,76,73,79,2452,2800,0.480354,24,11.0226,0,0,4609,260319381701
35.6385,28.0595,7.84314,14.0149,76,73,79,2452,2800,0.480354,24,11.0226,0,0,4609,260347443398
34.7133,28.8074,7.84314,14.0149,76,73,79,2452,2800,0.480354,24,11.0226,0,0,4609,260376251768
36.9579,27.0578,7.84314,14.0149,76,73,79,2452,2800,0.480354,24,11.0226,0,0,4609,260403311534
31.8376,31.4094,7.84314,14.0149,76,73,79,2452,2800,0.480354,24,11.0226,0,0,4609,260434723977
36.3302,27.5253,7.84314,14.0149,76,73,79,2452,2800,0.480354,24,11.0226,0,0,4609,260462250123
34.9644,28.6005,7.84314,14.0149,76,73,79,2452,2800,0.480354,24,11.0226,0,0,4609,260490851016
36.3176,27.5348,7.84314,14.0149,76,73,79,2452,2800,0.480354,24,11.0226,0,0,4609,260518387592
32.7395,30.5442,7.84314,14.0149,76,73,79,2452,2800,0.480354,24,11.0226,0,0,4609,260548935070
32.4137,30.8512,7.84314,14.0149,76,73,79,2452,2800,0.480354,24,11.0226,0,0,4609,260579785624
34.839,28.7035,7.84314,14.0149,76,73,79,2452,2800,0.480354,24,11.0226,0,0,4609,260608490612
36.3727,27.4932,7.84314,14.0149,76,73,79,2452,2800,0.480354,24,11.0226,0,0,4609,260635982714
31.9308,31.3177,7.84314,14.0149,76,73,79,2452,2800,0.480354,24,11.0226,0,0,4609,260667303637
34.228,29.2158,7.84314,14.0149,76,73,79,2452,2800,0.480354,24,11.0226,0,0,4609,260696519969
38.4066,26.0372,7.84314,14.0149,76,73,79,2452,2800,0.480354,24,11.0226,0,0,4609,260722561493
36.0943,27.7052,13.4615,13.3119,78,72,79,2600,2800,0.480354,26,11.021,0,0,4140,260750264901
33.9039,29.4951,13.4615,13.3119,78,72,79,2600,2800,0.480354,26,11.021,0,0,4140,260779762248
35.0865,28.501,13.4615,13.3119,78,72,79,2600,2800,0.480354,26,11.021,0,0,4140,260808263425
37.1825,26.8943,13.4615,13.3119,78,72,79,2600,2800,0.480354,26,11.021,0,0,4140,260835160316
34.3757,29.0903,13.4615,13.3119,78,72,79,2600,2800,0.480354,26,11.021,0,0,4140,260864250884
36.3503,27.5101,13.4615,13.3119,78,72,79,2600,2800,0.480354,26,11.021,0,0,4140,260891762052
34.4682,29.0122,13.4615,13.3119,78,72,79,2600,2800,0.480354,26,11.021,0,0,4140,260920775636
36.2432,27.5914,13.4615,13.3119,78,72,79,2600,2800,0.480354,26,11.021,0,0,4140,260948368738
33.3042,30.0263,13.4615,13.3119,78,72,79,2600,2800,0.480354,26,11.021,0,0,4140,260978397246
39.2462,25.4802,13.4615,13.3119,78,72,79,2600,2800,0.480354,26,11.021,0,0,4140,261003878184
32.966,30.3343,13.4615,13.3119,78,72,79,2600,2800,0.480354,26,11.021,0,0,4140,261034213115
35.131,28.4649,13.4615,13.3119,78,72,79,2600,2800,0.480354,26,11.021,0,0,4140,261062679858
31.5695,31.6761,13.4615,13.3119,78,72,79,2600,2800,0.480354,26,11.021,0,0,4140,261094358177
37.231,26.8593,13.4615,13.3119,78,72,79,2600,2800,0.480354,26,11.021,0,0,4140,261121219773
28.9175,34.5811,13.4615,13.3119,78,72,79,2600,2800,0.480354,26,11.021,0,0,4140,261155804629
38.4204,26.0278,13.4615,13.3119,78,72,79,2600,2800,0.480354,26,11.021,0,0,4140,261181830825
35.7416,27.9786,13.4615,13.3119,78,72,79,2600,2800,0.480354,26,11.021,0,0,4140,261209811650
37.3791,26.7529,13.4615,13.3119,78,72,79,2600,2800,0.480354,26,11.021,0,0,4140,261236567569
33.8986,29.4998,9.69325,14.7633,79,73,79,2600,2800,0.480354,32,11.0212,0,0,4611,261266066849
36.4107,27.4644,9.69325,14.7633,79,73,79,2600,2800,0.480354,32,11.0212,0,0,4611,261293531822
38.9032,25.7048,9.69325,14.7633,79,73,79,2600,2800,0.480354,32,11.0212,0,0,4611,261319238000
34.7884,28.7453,9.69325,14.7633,79,73,79,2600,2800,0.480354,32,11.0212,0,0,4611,261347984345
36.9752,27.0451,9.69325,14.7633,79,73,79,2600,2800,0.480354,32,11.0212,0,0,4611,261375030555
35.4716,28.1916,9.69325,14.7633,79,73,79,2600,2800,0.480354,32,11.0212,0,0,4611,261403223837
33.9205,29.4807,9.69325,14.7633,79,73,79,2600,2800,0.480354,32,11.0212,0,0,4611,261432707288
33.9171,29.4836,9.69325,14.7633,79,73,79,2600,2800,0.480354,32,11.0212,0,0,4611,261462192773
35.1072,28.4842,9.69325,14.7633,79,73,79,2600,2800,0.480354,32,11.0212,0,0,4611,261490678702
32.7274,30.5554,9.69325,14.7633,79,73,79,2600,2800,0.480354,32,11.0212,0,0,4611,261521233253
36.2438,27.5909,9.69325,14.7633,79,73,79,2600,2800,0.480354,32,11.0212,0,0,4611,261548828047
34.4219,29.0513,9.69325,14.7633,79,73,79,2600,2800,0.480354,32,11.0212,0,0,4611,261577881075
38.4253,26.0245,9.69325,14.7633,79,73,79,2600,2800,0.480354,32,11.0212,0,0,4611,261603905668
35.5047,28.1653,9.69325,14.7633,79,73,79,2600,2800,0.480354,32,11.0212,0,0,4611,261632071659
34.0276,29.3879,9.69325,14.7633,79,73,79,2600,2800,0.480354,32,11.0212,0,0,4611,261661459361
38.8735,25.7245,9.69325,14.7633,79,73,79,2600,2800,0.480354,32,11.0212,0,0,4611,261687185907
36.0989,27.7017,9.69325,14.7633,79,73,79,2600,2800,0.480354,32,11.0212,0,0,4611,261714890357
36.2479,27.5878,9.69325,14.7633,79,73,79,2600,2800,0.480354,32,11.0212,0,0,4611,261742481795
28.4856,35.1054,7.73067,13.801,80,79,80,2172,2800,0.480354,28,11.013,0,0,4582,261777584999
39.4951,25.3196,7.73067,13.801,80,79,80,2172,2800,0.480354,28,11.013,0,0,4582,261802905648
33.4927,29.8573,7.73067,13.801,80,79,80,2172,2800,0.480354,28,11.013,0,0,4582,261832763859
37.8562,26.4158,7.73067,13.801,80,79,80,2172,2800,0.480354,28,11.013,0,0,4582,261859181004
36.7393,27.2188,7.73067,13.801,80,79,80,2172,2800,0.480354,28,11.013,0,0,4582,261886402492
35.8007,27.9324,7.73067,13.801,80,79,80,2172,2800,0.480354,28,11.013,0,0,4582,261914334526
38.9285,25.6881,7.73067,13.801,80,79,80,2172,2800,0.480354,28,11.013,0,0,4582,261940024985
35.7857,27.9441,7.73067,13.801,80,79,80,2172,2800,0.480354,28,11.013,0,0,4582,261967971507
34.0868,29.3369,7.73067,13.801,80,79,80,2172,2800,0.480354,28,11.013,0,0,4582,261997310588
40.2161,24.8657,7.73067,13.801,80,79,80,2172,2800,0.480354,28,11.013,0,0,4582,262022177379
38.1129,26.2379,7.73067,13.801,80,79,80,2172,2800,0.480354,28,11.013,0,0,4582,262048416462
34.4481,29.0292,7.73067,13.801,80,79,80,2172,2800,0.480354,28,11.013,0,0,4582,262077445445
38.1263,26.2286,7.73067,13.801,80,79,80,2172,2800,0.480354,28,11.013,0,0,4582,262103675832
34.8158,28.7226,7.73067,13.801,80,79,80,2172,2800,0.480354,28,11.013,0,0,4582,262132398983
38.628,25.888,7.73067,13.801,80,79,80,2172,2800,0.480354,28,11.013,0,0,4582,262158289937
37.2518,26.8443,7.73067,13.801,80,79,80,2172,2800,0.480354,28,11.013,0,0,4582,262185134020
36.2209,27.6083,7.73067,13.801,80,79,80,2172,2800,0.480354,28,11.013,0,0,4582,262212745285
37.906,26.3811,7.73067,13.801,80,79,80,2172,2800,0.480354,28,11.013,0,0,4582,262239127025
33.7846,29.5993,7.73067,13.801,80,79,80,2172,2800,0.480354,28,11.013,0,0,4582,262268730620
35.9972,27.7799,7.30539,13.4627,80,72,80,2500,2800,0.480354,32,11.01,0,0,4601,262296507004
39.6088,25.2469,7.30539,13.4627,80,72,80,2500,2800,0.480354,32,11.01,0,0,4601,262321755367
37.2636,26.8358,7.30539,13.4627,80,72,80,2500,2800,0.480354,32,11.01,0,0,4601,262348591806
34.2933,29.1602,7.30539,13.4627,80,72,80,2500,2800,0.480354,32,11.01,0,0,4601,262377753055
38.6628,25.8647,7.30539,13.4627,80,72,80,2500,2800,0.480354,32,11.01,0,0,4601,262403621396
34.1106,29.3164,7.30539,13.4627,80,72,80,2500,2800,0.480354,32,11.01,0,0,4601,262432939278
40.0565,24.9647,7.30539,13.4627,80,72,80,2500,2800,0.480354,32,11.01,0,0,4601,262457904964
32.7149,30.5671,7.30539,13.4627,80,72,80,2500,2800,0.480354,32,11.01,0,0,4601,262488472890
34.8997,28.6536,7.30539,13.4627,80,72,80,2500,2800,0.480354,32,11.01,0,0,4601,262517126822
37.18,26.8962,7.30539,13.4627,80,72,80,2500,2800,0.480354,32,11.01,0,0,4601,262544025156
36.1246,27.682,7.30539,13.4627,80,72,80,2500,2800,0.480354,32,11.01,0,0,4601,262571708526
31.821,31.4258,7.30539,13.4627,80,72,80,2500,2800,0.480354,32,11.01,0,0,4601,262603137049
36.914,27.09,7.30539,13.4627,80,72,80,2500,2800,0.480354,32,11.01,0,0,4601,262630228073
36.9157,27.0888,7.30539,13.4627,80,72,80,2500,2800,0.480354,32,11.01,0,0,4601,262657316533
34.5549,28.9395,7.30539,13.4627,80,72,80,2500,2800,0.480354,32,11.01,0,0,4601,262686257270
35.205,28.405,7.30539,13.4627,80,72,80,2500,2800,0.480354,32,11.01,0,0,4601,262714663360
35.3867,28.2592,7.30539,13.4627,80,72,80,2500,2800,0.480354,32,11.01,0,0,4601,262742924318
33.4276,29.9154,7.30539,13.4627,80,72,80,2500,2800,0.480354,32,11.01,0,0,4601,262772845938
34.1369,29.2938,12.3134,13.4455,81,72,81,2600,2800,0.480354,33,11.0063,0,0,4175,262802135968
34.1118,29.3153,12.3134,13.4455,81,72,81,2600,2800,0.480354,33,11.0063,0,0,4175,262831453829
40.515,24.6822,12.3134,13.4455,81,72,81,2600,2800,0.480354,33,11.0063,0,0,4175,262856139432
37.0419,26.9965,12.3134,13.4455,81,72,81,2600,2800,0.480354,33,11.0063,0,0,4175,262883136170
37.348,26.7752,12.3134,13.4455,81,72,81,2600,2800,0.480354,33,11.0063,0,0,4175,262909913027
38.9844,25.6513,12.3134,13.4455,81,72,81,2600,2800,0.480354,33,11.0063,0,0,4175,262935566247
36.7219,27.2317,12.3134,13.4455,81,72,81,2600,2800,0.480354,33,11.0063,0,0,4175,262962798885
39.5641,25.2754,12.3134,13.4455,81,72,81,2600,2800,0.480354,33,11.0063,0,0,4175,262988075261
38.9314,25.6862,12.3134,13.4455,81,72,81,2600,2800,0.480354,33,11.0063,0,0,4175,263013766421
41.2618,24.2355,12.3134,13.4455,81,72,81,2600,2800,0.480354,33,11.0063,0,0,4175,263038002284
34.6318,28.8752,12.3134,13.4455,81,72,81,2600,2800,0.480354,33,11.0063,0,0,4175,263066877169
40.0643,24.9599,12.3134,13.4455,81,72,81,2600,2800,0.480354,33,11.0063,0,0,4175,263091837645
40.4666,24.7118,12.3134,13.4455,81,72,81,2600,2800,0.480354,33,11.0063,0,0,4175,263116551660
32.7789,30.5075,12.3134,13.4455,81,72,81,2600,2800,0.480354,33,11.0063,0,0,4175,263147060025
36.9784,27.0428,12.3134,13.4455,81,72,81,2600,2800,0.480354,33,11.0063,0,0,4175,263174103020
33.0279,30.2774,12.3134,13.4455,81,72,81,2600,2800,0.480354,33,11.0063,0,0,4175,263204382176
33.3928,29.9466,12.3134,13.4455,81,72,81,2600,2800,0.480354,33,11.0063,0,0,4175,263234330626
32.9203,30.3764,12.3134,13.4455,81,72,81,2600,2800,0.480354,33,11.0063,0,0,4175,263264714709
37.9668,26.3388,12.3134,13.4455,81,72,81,2600,2800,0.480354,33,11.0063,0,0,4175,263291050522
38.882,25.7189,8.70617,12.5879,81,74,80,2579,2800,0.480354,32,11.0065,0,0,4600,263316770156
39.6538,25.2183,8.70617,12.5879,81,74,80,2579,2800,0.480354,32,11.0065,0,0,4600,263341992010
34.7022,28.8166,8.70617,12.5879,81,74,80,2579,2800,0.480354,32,11.0065,0,0,4600,263370808305
36.7528,27.2088,8.70617,12.5879,81,74,80,2579,2800,0.480354,32,11.0065,0,0,4600,263398018832
38.8884,25.7146,8.70617,12.5879,81,74,80,2579,2800,0.480354,32,11.0065,0,0,4600,263423733817
37.8421,26.4256,8.70617,12.5879,81,74,80,2579,2800,0.480354,32,11.0065,0,0,4600,263450163717
39.3682,25.4012,8.70617,12.5879,81,74,80,2579,2800,0.480354,32,11.0065,0,0,4600,263475565847
36.1758,27.6428,8.70617,12.5879,81,74,80,2579,2800,0.480354,32,11.0065,0,0,4600,263503210304
37.3114,26.8014,8.70617,12.5879,81,74,80,2579,2800,0.480354,32,11.0065,0,0,4600,263530011237
40.1658,24.8968,8.70617,12.5879,81,74,80,2579,2800,0.480354,32,11.0065,0,0,4600,263554908895
37.1643,26.9075,8.70617,12.5879,81,74,80,2579,2800,0.480354,32,11.0065,0,0,4600,263581817960
40.3506,24.7828,8.70617,12.5879,81,74,80,2579,2800,0.480354,32,11.0065,0,0,4600,263606600644
35.3579,28.2822,8.70617,12.5879,81,74,80,2579,2800,0.480354,32,11.0065,0,0,4600,263634885897
39.6509,25.2201,8.70617,12.5879,81,74,80,2579,2800,0.480354,32,11.0065,0,0,4600,263660105397
35.7055,28.0069,8.70617,12.5879,81,74,80,2579,2800,0.480354,32,11.0065,0,0,4600,263688113844
36.4985,27.3984,8.70617,12.5879,81,74,80,2579,2800,0.480354,32,11.0065,0,0,4600,263715517201
41.5597,24.0618,8.70617,12.5879,81,74,80,2579,2800,0.480354,32,11.0065,0,0,4600,263739576755
29.5768,33.8102,8.70617,12.5879,81,74,80,2579,2800,0.480354,32,11.0065,0,0,4600,263773390221
36.753,27.2087,8.70617,12.5879,81,74,80,2579,2800,0.480354,32,11.0065,0,0,4600,263800603974
40.2928,24.8183,8.37438,12.1043,79,78,76,2600,2800,0.480354,26,11.0067,0,0,4622,263825419920
34.719,28.8027,8.37438,12.1043,79,78,76,2600,2800,0.480354,26,11.0067,0,0,4622,263854224063
38.0022,26.3143,8.37438,12.1043,79,78,76,2600,2800,0.480354,26,11.0067,0,0,4622,263880540801
38.5296,25.9541,8.37438,12.1043,79,78,76,2600,2800,0.480354,26,11.0067,0,0,4622,263906496926
36.3164,27.5358,8.37438,12.1043,79,78,76,2600,2800,0.480354,26,11.0067,0,0,4622,263934033141
35.6893,28.0196,8.37438,12.1043,79,78,76,2600,2800,0.480354,26,11.0067,0,0,4622,263962054572
36.7284,27.2269,8.37438,12.1043,79,78,76,2600,2800,0.480354,26,11.0067,0,0,4622,263989280829
37.2774,26.8259,8.37438,12.1043,79,78,76,2600,2800,0.480354,26,11.0067,0,0,4622,264016110134
39.0074,25.6361,8.37438,12.1043,79,78,76,2600,2800,0.480354,26,11.0067,0,0,4622,264041748105
34.5613,28.9341,8.37438,12.1043,79,78,76,2600,2800,0.480354,26,11.0067,0,0,4622,264070683232
35.2729,28.3503,8.37438,12.1043,79,78,76,2600,2800,0.480354,26,11.0067,0,0,4622,264099032646
36.9704,27.0487,8.37438,12.1043,79,78,76,2600,2800,0.480354,26,11.0067,0,0,4622,264126084447
34.8098,28.7276,8.37438,12.1043,79,78,76,2600,2800,0.480354,26,11.0067,0,0,4622,264154811085
37.2777,26.8257,8.37438,12.1043,79,78,76,2600,2800,0.480354,26,11.0067,0,0,4622,264181639899
38.6562,25.869,8.37438,12.1043,79,78,76,2600,2800,0.480354,26,11.0067,0,0,4622,264207510294
34.9994,28.5719,8.37438,12.1043,79,78,76,2600,2800,0.480354,26,11.0067,0,0,4622,264236083015
37.5102,26.6594,8.37438,12.1043,79,78,76,2600,2800,0.480354,26,11.0067,0,0,4622,264262748594
35.9318,27.8305,8.37438,12.1043,79,78,76,2600,2800,0.480354,26,11.0067,0,0,4622,264290576494
29.2976,34.1325,8.37438,12.1043,79,78,76,2600,2800,0.480354,26,11.0067,0,0,4622,264324710579
30.1407,33.1777,8.17308,16.4177,78,74,77,2316,2800,0.480354,33,11.0067,0,0,4584,264357888408
30.2532,33.0544,8.17308,16.4177,78,74,77,2316,2800,0.480354,33,11.0067,0,0,4584,264390943318
30.5888,32.6917,8.17308,16.4177,78,74,77,2316,2800,0.480354,33,11.0067,0,0,4584,264423635671
29.9874,33.3474,8.17308,16.4177,78,74,77,2316,2800,0.480354,33,11.0067,0,0,4584,264456986723
29.2991,34.1308,8.17308,16.4177,78,74,77,2316,2800,0.480354,33,11.0067,0,0,4584,264491118243
29.3429,34.0797,8.17308,16.4177,78,74,77,2316,2800,0.480354,33,11.0067,0,0,4584,264525198568
29.5688,33.8194,8.17308,16.4177,78,74,77,2316,2800,0.480354,33,11.0067,0,0,4584,264559020089
30.3641,32.9337,8.17308,16.4177,78,74,77,2316,2800,0.480354,33,11.0067,0,0,4584,264591953822
30.045,33.2834,8.17308,16.4177,78,74,77,2316,2800,0.480354,33,11.0067,0,0,4584,264625239633
28.6747,34.8739,8.17308,16.4177,78,74,77,2316,2800,0.480354,33,11.0067,0,0,4584,264660116094
28.7888,34.7357,8.17308,16.4177,78,74,77,2316,2800,0.480354,33,11.0067,0,0,4584,264694853625
29.5193,33.8762,8.17308,16.4177,78,74,77,2316,2800,0.480354,33,11.0067,0,0,4584,264728728596
30.6471,32.6295,8.17308,16.4177,78,74,77,2316,2800,0.480354,33,11.0067,0,0,4584,264761360346
28.3969,35.2151,8.17308,16.4177,78,74,77,2316,2800,0.480354,33,11.0067,0,0,4584,264796577112
32.3647,30.8978,8.17308,16.4177,78,74,77,2316,2800,0.480354,33,11.0067,0,0,4584,264827477639
29.6633,33.7117,14.0722,12.2146,76,72,76,2598,2800,0.480354,30,11.0014,0,0,4580,264861189065
27.7183,36.0773,14.0722,12.2146,76,72,76,2598,2800,0.480354,30,11.0014,0,0,4580,264897268221
28.6576,34.8947,14.0722,12.2146,76,72,76,2598,2800,0.480354,30,11.0014,0,0,4580,264932163297
28.115,35.5683,14.0722,12.2146,76,72,76,2598,2800,0.480354,30,11.0014,0,0,4580,264967732892
29.4911,33.9086,14.0722,12.2146,76,72,76,2598,2800,0.480354,30,11.0014,0,0,4580,265001644291
30.9723,32.2869,14.0722,12.2146,76,72,76,2598,2800,0.480354,30,11.0014,0,0,4580,265033931407
33.3506,29.9845,14.0722,12.2146,76,72,76,2598,2800,0.480354,30,11.0014,0,0,4580,265063917567
33.1376,30.1772,14.0722,12.2146,76,72,76,2598,2800,0.480354,30,11.0014,0,0,4580,265094095685
32.4518,30.8149,14.0722,12.2146,76,72,76,2598,2800,0.480354,30,11.0014,0,0,4580,265124912295
31.0234,32.2338,14.0722,12.2146,76,72,76,2598,2800,0.480354,30,11.0014,0,0,4580,265157148636
31.1247,32.1288,14.0722,12.2146,76,72,76,2598,2800,0.480354,30,11.0014,0,0,4580,265189277788
31.624,31.6216,14.0722,12.2146,76,72,76,2598,2800,0.480354,30,11.0014,0,0,4580,265220901084
31.1799,32.0719,14.0722,12.2146,76,72,76,2598,2800,0.480354,30,11.0014,0,0,4580,265252972888
32.2765,30.9823,14.0722,12.2146,76,72,76,2598,2800,0.480354,30,11.0014,0,0,4580,265283958274
33.2463,30.0785,14.0722,12.2146,76,72,76,2598,2800,0.480354,30,11.0014,0,0,4580,265314037277
30.7704,32.4988,14.0722,12.2146,76,72,76,2598,2800,0.480354,30,11.0014,0,0,4580,265346541478
36.7266,27.2282,8.71671,16.4651,75,76,76,2600,2800,0.480354,30,11.0013,0,0,4593,265373767705
36.0357,27.7503,8.71671,16.4651,75,76,76,2600,2800,0.480354,30,11.0013,0,0,4593,265401518360
39.6427,25.2253,8.71671,16.4651,75,76,76,2600,2800,0.480354,30,11.0013,0,0,4593,265426744532
36.1496,27.6628,8.71671,16.4651,75,76,76,2600,2800,0.480354,30,11.0013,0,0,4593,265454409939
42.9077,23.3058,8.71671,16.4651,75,76,76,2600,2800,0.480354,30,11.0013,0,0,4593,265477716547
32.9949,30.3077,8.71671,16.4651,75,76,76,2600,2800,0.480354,30,11.0013,0,0,4593,265508027112
35.9548,27.8127,8.71671,16.4651,75,76,76,2600,2800,0.480354,30,11.0013,0,0,4593,265535840385
38.9455,25.6769,8.71671,16.4651,75,76,76,2600,2800,0.480354,30,11.0013,0,0,4593,265561520264
34.7093,28.8108,8.71671,16.4651,75,76,76,2600,2800,0.480354,30,11.0013,0,0,4593,265590329666
37.1785,26.8973,8.71671,16.4651,75,76,76,2600,2800,0.480354,30,11.0013,0,0,4593,265617228191
39.9352,25.0406,8.71671,16.4651,75,76,76,2600,2800,0.480354,30,11.0013,0,0,4593,265642268466
35.5262,28.1483,8.71671,16.4651,75,76,76,2600,2800,0.480354,30,11.0013,0,0,4593,265670417666
37.8817,26.398,8.71671,16.4651,75,76,76,2600,2800,0.480354,30,11.0013,0,0,4593,265696817900
39.1329,25.554,8.71671,16.4651,75,76,76,2600,2800,0.480354,30,11.0013,0,0,4593,265722371573
35.2548,28.3649,8.71671,16.4651,75,76,76,2600,2800,0.480354,30,11.0013,0,0,4593,265750739572
36.3335,27.5228,8.71671,16.4651,75,76,76,2600,2800,0.480354,30,11.0013,0,0,4593,265778261931
34.6877,28.8287,8.71671,16.4651,75,76,76,2600,2800,0.480354,30,11.0013,0,0,4593,265807091361
37.3507,26.7733,8.71671,16.4651,75,76,76,2600,2800,0.480354,30,11.0013,0,0,4593,265833867647
40.1938,24.8795,8.71671,16.4651,75,76,76,2600,2800,0.480354,30,11.0013,0,0,4593,265858748955
34.8387,28.7037,8.55746,14.5842,75,79,78,2585,2800,0.480354,27,11.0014,0,0,4632,265887452981
39.1346,25.5528,8.55746,14.5842,75,79,78,2585,2800,0.480354,27,11.0014,0,0,4632,265913007737
39.3483,25.4141,8.55746,14.5842,75,79,78,2585,2800,0.480354,27,11.0014,0,0,4632,265938423663
34.5113,28.976,8.55746,14.5842,75,79,78,2585,2800,0.480354,27,11.0014,0,0,4632,265967402853
39.8145,25.1165,8.55746,14.5842,75,79,78,2585,2800,0.480354,27,11.0014,0,0,4632,265992516705
36.2268,27.6039,8.55746,14.5842,75,79,78,2585,2800,0.480354,27,11.0014,0,0,4632,266020121879
40.1683,24.8953,8.55746,14.5842,75,79,78,2585,2800,0.480354,27,11.0014,0,0,4632,266045021862
35.9157,27.843,8.55746,14.5842,75,79,78,2585,2800,0.480354,27,11.0014,0,0,4632,266072863036
37.9291,26.365,8.55746,14.5842,75,79,78,2585,2800,0.480354,27,11.0014,0,0,4632,266099229828
38.7135,25.8308,8.55746,14.5842,75,79,78,2585,2800,0.480354,27,11.0014,0,0,4632,266125061320
35.2155,28.3966,8.55746,14.5842,75,79,78,2585,2800,0.480354,27,11.0014,0,0,4632,266153458934
40.3597,24.7772,8.55746,14.5842,75,79,78,2585,2800,0.480354,27,11.0014,0,0,4632,266178240726
35.9285,27.8331,8.55746,14.5842,75,79,78,2585,2800,0.480354,27,11.0014,0,0,4632,266206070981
38.9731,25.6587,8.55746,14.5842,75,79,78,2585,2800,0.480354,27,11.0014,0,0,4632,266231731363
38.5673,25.9287,8.55746,14.5842,75,79,78,2585,2800,0.480354,27,11.0014,0,0,4632,266257660458
35.0357,28.5423,8.55746,14.5842,75,79,78,2585,2800,0.480354,27,11.0014,0,0,4632,266286205917
41.4443,24.1288,8.55746,14.5842,75,79,78,2585,2800,0.480354,27,11.0014,0,0,4632,266310333669
37.5163,26.6551,8.55746,14.5842,75,79,78,2585,2800,0.480354,27,11.0014,0,0,4632,266336990692
36.346,27.5134,8.55746,14.5842,75,79,78,2585,2800,0.480354,27,11.0014,0,0,4632,266364507141
38.79,25.7798,7.84558,14.7842,76,73,77,800,2800,0.480354,25,11.0002,0,0,4634,266390286545
37.2947,26.8135,7.84558,14.7842,76,73,77,800,2800,0.480354,25,11.0002,0,0,4634,266417102506
37.1145,26.9437,7.84558,14.7842,76,73,77,800,2800,0.480354,25,11.0002,0,0,4634,266444047547
36.6443,27.2893,7.84558,14.7842,76,73,77,800,2800,0.480354,25,11.0002,0,0,4634,266471338595
38.7028,25.8379,7.84558,14.7842,76,73,77,800,2800,0.480354,25,11.0002,0,0,4634,266497178332
35.758,27.9658,7.84558,14.7842,76,73,77,800,2800,0.480354,25,11.0002,0,0,4634,266525145092
35.806,27.9282,7.84558,14.7842,76,73,77,800,2800,0.480354,25,11.0002,0,0,4634,266553074581
39.0035,25.6387,7.84558,14.7842,76,73,77,800,2800,0.480354,25,11.0002,0,0,4634,266578713484
35.5799,28.1058,7.84558,14.7842,76,73,77,800,2800,0.480354,25,11.0002,0,0,4634,266606821086
37.5989,26.5965,7.84558,14.7842,76,73,77,800,2800,0.480354,25,11.0002,0,0,4634,266633421764
35.0895,28.4986,7.84558,14.7842,76,73,77,800,2800,0.480354,25,11.0002,0,0,4634,266661919715
33.3756,29.962,7.84558,14.7842,76,73,77,800,2800,0.480354,25,11.0002,0,0,4634,266691883002
32.789,30.498,7.84558,14.7842,76,73,77,800,2800,0.480354,25,11.0002,0,0,4634,266722383913
32.3536,30.9084,7.84558,14.7842,76,73,77,800,2800,0.480354,25,11.0002,0,0,4634,266753293457
27.028,36.9987,7.84558,14.7842,76,73,77,800,2800,0.480354,25,11.0002,0,0,4634,266790295236
30.717,32.5553,7.84558,14.7842,76,73,77,800,2800,0.480354,25,11.0002,0,0,4634,266822849010
32.7804,30.506,7.84558,14.7842,76,73,77,800,2800,0.480354,25,11.0002,0,0,4634,266853357756
38.705,25.8365,7.84558,14.7842,76,73,77,800,2800,0.480354,25,11.0002,0,0,4634,266879198165
32.7141,30.5678,13.431,14.4316,77,74,77,800,2800,0.480354,30,11.0081,0,0,4614,266909763506
35.4438,28.2137,13.431,14.4316,77,74,77,800,2800,0.480354,30,11.0081,0,0,4614,266937979461
31.7252,31.5207,13.431,14.4316,77,74,77,800,2800,0.480354,30,11.0081,0,0,4614,266969501759
37.2046,26.8784,13.431,14.4316,77,74,77,800,2800,0.480354,30,11.0081,0,0,4614,266996380045
36.0279,27.7563,13.431,14.4316,77,74,77,800,2800,0.480354,30,11.0081,0,0,4614,267024138375
34.8339,28.7077,13.431,14.4316,77,74,77,800,2800,0.480354,30,11.0081,0,0,4614,267052857940
36.871,27.1216,13.431,14.4316,77,74,77,800,2800,0.480354,30,11.0081,0,0,4614,267079970885
35.6933,28.0165,13.431,14.4316,77,74,77,800,2800,0.480354,30,11.0081,0,0,4614,267107990122
33.5165,29.836,13.431,14.4316,77,74,77,800,2800,0.480354,30,11.0081,0,0,4614,267137827174
34.6003,28.9015,13.431,14.4316,77,74,77,800,2800,0.480354,30,11.0081,0,0,4614,267166729870
37.5519,26.6298,13.431,14.4316,77,74,77,800,2800,0.480354,30,11.0081,0,0,4614,267193362008
34.8231,28.7166,13.431,14.4316,77,74,77,800,2800,0.480354,30,11.0081,0,0,4614,267222081021
36.1228,27.6833,13.431,14.4316,77,74,77,800,2800,0.480354,30,11.0081,0,0,4614,267249765734
37.6893,26.5327,13.431,14.4316,77,74,77,800,2800,0.480354,30,11.0081,0,0,4614,267276300820
33.8678,29.5266,13.431,14.4316,77,74,77,800,2800,0.480354,30,11.0081,0,0,4614,267305829656
31.6747,31.5709,13.431,14.4316,77,74,77,800,2800,0.480354,30,11.0081,0,0,4614,267337399903
33.6058,29.7568,13.431,14.4316,77,74,77,800,2800,0.480354,30,11.0081,0,0,4614,267367159861
36.115,27.6893,13.431,14.4316,77,74,77,800,2800,0.480354,30,11.0081,0,0,4614,267394854151
34.4717,29.0093,8.17073,14.485,76,75,77,2600,2800,0.480354,34,11.008,0,0,4585,267423860371
33.26,30.0661,8.17073,14.485,76,75,77,2600,2800,0.480354,34,11.008,0,0,4585,267453927452
33.424,29.9186,8.17073,14.485,76,75,77,2600,2800,0.480354,34,11.008,0,0,4585,267483850233
34.9938,28.5765,8.17073,14.485,76,75,77,2600,2800,0.480354,34,11.008,0,0,4585,267512423635
33.7068,29.6676,8.17073,14.485,76,75,77,2600,2800,0.480354,34,11.008,0,0,4585,267542092763
31.0942,32.1603,8.17073,14.485,76,75,77,2600,2800,0.480354,34,11.008,0,0,4585,267574256489
32.0963,31.1563,8.17073,14.485,76,75,77,2600,2800,0.480354,34,11.008,0,0,4585,267605411451
32.3569,30.9053,8.17073,14.485,76,75,77,2600,2800,0.480354,34,11.008,0,0,4585,267636321275
33.9301,29.4724,8.17073,14.485,76,75,77,2600,2800,0.480354,34,11.008,0,0,4585,267665794818
33.6702,29.6998,8.17073,14.485,76,75,77,2600,2800,0.480354,34,11.008,0,0,4585,267695493962
33.9523,29.4531,8.17073,14.485,76,75,77,2600,2800,0.480354,34,11.008,0,0,4585,267724950973
32.9103,30.3857,8.17073,14.485,76,75,77,2600,2800,0.480354,34,11.008,0,0,4585,267755336789
31.57,31.6756,8.17073,14.485,76,75,77,2600,2800,0.480354,34,11.008,0,0,4585,267787015610
35.9496,27.8167,8.17073,14.485,76,75,77,2600,2800,0.480354,34,11.008,0,0,4585,267814833982
37.9054,26.3815,8.17073,14.485,76,75,77,2600,2800,0.480354,34,11.008,0,0,4585,267841214239
32.7203,30.5621,8.17073,14.485,76,75,77,2600,2800,0.480354,34,11.008,0,0,4585,267871778708
34.7312,28.7925,8.17073,14.485,76,75,77,2600,2800,0.480354,34,11.008,0,0,4585,267900574425
38.7552,25.803,8.08458,13.9083,78,78,80,2600,2800,0.480354,33,11.0068,0,0,4614,267926376553
35.8182,27.9188,8.08458,13.9083,78,78,80,2600,2800,0.480354,33,11.0068,0,0,4614,267954296575
36.1734,27.6446,8.08458,13.9083,78,78,80,2600,2800,0.480354,33,11.0068,0,0,4614,267981940311
37.2584,26.8396,8.08458,13.9083,78,78,80,2600,2800,0.480354,33,11.0068,0,0,4614,268008781879
32.3711,30.8917,8.08458,13.9083,78,78,80,2600,2800,0.480354,33,11.0068,0,0,4614,268039676054
34.0648,29.3558,8.08458,13.9083,78,78,80,2600,2800,0.480354,33,11.0068,0,0,4614,268069033400
35.293,28.3342,8.08458,13.9083,78,78,80,2600,2800,0.480354,33,11.0068,0,0,4614,268097368767
35.7812,27.9477,8.08458,13.9083,78,78,80,2600,2800,0.480354,33,11.0068,0,0,4614,268125317913
33.4638,29.883,8.08458,13.9083,78,78,80,2600,2800,0.480354,33,11.0068,0,0,4614,268155202433
35.3737,28.2696,8.08458,13.9083,78,78,80,2600,2800,0.480354,33,11.0068,0,0,4614,268183472379
35.6224,28.0722,8.08458,13.9083,78,78,80,2600,2800,0.480354,33,11.0068,0,0,4614,268211547330
33.8077,29.5791,8.08458,13.9083,78,78,80,2600,2800,0.480354,33,11.0068,0,0,4614,268241127441
30.6236,32.6546,8.08458,13.9083,78,78,80,2600,2800,0.480354,33,11.0068,0,0,4614,268273784518
31.6376,31.608,8.08458,13.9083,78,78,80,2600,2800,0.480354,33,11.0068,0,0,4614,268305392677
32.6032,30.6719,8.08458,13.9083,78,78,80,2600,2800,0.480354,33,11.0068,0,0,4614,268336066490
32.4267,30.8388,8.08458,13.9083,78,78,80,2600,2800,0.480354,33,11.0068,0,0,4614,268366906775
37.8989,26.386,8.08458,13.9083,78,78,80,2600,2800,0.480354,33,11.0068,0,0,4614,268393295377
31.9601,31.2891,8.08458,13.9083,78,78,80,2600,2800,0.480354,33,11.0068,0,0,4614,268424587726
32.2383,31.019,7.8219,14.3689,79,72,80,2361,2800,0.480354,33,11.0082,0,0,4617,268455604901
35.3141,28.3173,7.8219,14.3689,79,72,80,2361,2800,0.480354,33,11.0082,0,0,4617,268483921924
33.2808,30.0473,7.8219,14.3689,79,72,80,2361,2800,0.480354,33,11.0082,0,0,4617,268513972103
34.1457,29.2862,7.8219,14.3689,79,72,80,2361,2800,0.480354,33,11.0082,0,0,4617,268543258286
32.4582,30.8089,7.8219,14.3689,79,72,80,2361,2800,0.480354,33,11.0082,0,0,4617,268574070498
32.5645,30.7083,7.8219,14.3689,79,72,80,2361,2800,0.480354,33,11.0082,0,0,4617,268604779798
32.7507,30.5337,7.8219,14.3689,79,72,80,2361,2800,0.480354,33,11.0082,0,0,4617,268635315735
30.3238,32.9774,7.8219,14.3689,79,72,80,2361,2800,0.480354,33,11.0082,0,0,4617,268668291937
31.5896,31.656,7.8219,14.3689,79,72,80,2361,2800,0.480354,33,11.0082,0,0,4617,268699948656
38.8777,25.7217,7.8219,14.3689,79,72,80,2361,2800,0.480354,33,11.0082,0,0,4617,268725672287
34.6581,28.8533,7.8219,14.3689,79,72,80,2361,2800,0.480354,33,11.0082,0,0,4617,268754527636
33.2993,30.0307,7.8219,14.3689,79,72,80,2361,2800,0.480354,33,11.0082,0,0,4617,268784560362
37.2785,26.8251,7.8219,14.3689,79,72,80,2361,2800,0.480354,33,11.0082,0,0,4617,268811391321
36.229,27.6022,7.8219,14.3689,79,72,80,2361,2800,0.480354,33,11.0082,0,0,4617,268838996645
35.4674,28.1949,7.8219,14.3689,79,72,80,2361,2800,0.480354,33,11.0082,0,0,4617,268867189176
40.5613,24.654,7.8219,14.3689,79,72,80,2361,2800,0.480354,33,11.0082,0,0,4617,268891844492
36.22,27.609,7.8219,14.3689,79,72,80,2361,2800,0.480354,33,11.0082,0,0,4617,268919454004
41.5502,24.0673,7.8219,14.3689,79,72,80,2361,2800,0.480354,33,11.0082,0,0,4617,268943525199
34.4923,28.992,12.7273,12.3841,80,72,79,2358,2800,0.480354,29,11.0079,0,0,4607,268972517063
35.7553,27.9679,12.7273,12.3841,80,72,79,2358,2800,0.480354,29,11.0079,0,0,4607,269000488330
39.8346,25.1038,12.7273,12.3841,80,72,79,2358,2800,0.480354,29,11.0079,0,0,4607,269025590010
34.6306,28.8762,12.7273,12.3841,80,72,79,2358,2800,0.480354,29,11.0079,0,0,4607,269054469213
41.7557,23.9488,12.7273,12.3841,80,72,79,2358,2800,0.480354,29,11.0079,0,0,4607,269078419803
36.7094,27.241,12.7273,12.3841,80,72,79,2358,2800,0.480354,29,11.0079,0,0,4607,269105663572
34.1863,29.2515,12.7273,12.3841,80,72,79,2358,2800,0.480354,29,11.0079,0,0,4607,269134914779
38.8248,25.7567,12.7273,12.3841,80,72,79,2358,2800,0.480354,29,11.0079,0,0,4607,269160673746
36.9132,27.0906,12.7273,12.3841,80,72,79,2358,2800,0.480354,29,11.0079,0,0,4607,269187763849
41.6013,24.0377,12.7273,12.3841,80,72,79,2358,2800,0.480354,29,11.0079,0,0,4607,269211802654
35.6421,28.0567,12.7273,12.3841,80,72,79,2358,2800,0.480354,29,11.0079,0,0,4607,269239863488
35.9658,27.8042,12.7273,12.3841,80,72,79,2358,2800,0.480354,29,11.0079,0,0,4607,269267667794
39.9102,25.0562,12.7273,12.3841,80,72,79,2358,2800,0.480354,29,11.0079,0,0,4607,269292726413
35.0016,28.5701,12.7273,12.3841,80,72,79,2358,2800,0.480354,29,11.0079,0,0,4607,269321296970
41.8677,23.8847,12.7273,12.3841,80,72,79,2358,2800,0.480354,29,11.0079,0,0,4607,269345182609
36.1461,27.6655,12.7273,12.3841,80,72,79,2358,2800,0.480354,29,11.0079,0,0,4607,269372850620
35.0311,28.546,12.7273,12.3841,80,72,79,2358,2800,0.480354,29,11.0079,0,0,4607,269401398034
40.0341,24.9787,12.7273,12.3841,80,72,79,2358,2800,0.480354,29,11.0079,0,0,4607,269426378707
35.796,27.9361,12.7273,12.3841,80,72,79,2358,2800,0.480354,29,11.0079,0,0,4607,269454322724
43.1779,23.16,7.63547,14.3873,80,76,77,2550,2800,0.480354,37,11.0083,0,0,4609,269477477298
34.2584,29.1899,7.63547,14.3873,80,76,77,2550,2800,0.480354,37,11.0083,0,0,4609,269506669555
40.3944,24.7559,7.63547,14.3873,80,76,77,2550,2800,0.480354,37,11.0083,0,0,4609,269531428304
39.6304,25.2331,7.63547,14.3873,80,76,77,2550,2800,0.480354,37,11.0083,0,0,4609,269556658594
34.7807,28.7516,7.63547,14.3873,80,76,77,2550,2800,0.480354,37,11.0083,0,0,4609,269585413114
42.1311,23.7354,7.63547,14.3873,80,76,77,2550,2800,0.480354,37,11.0083,0,0,4609,269609148813
35.8127,27.923,7.63547,14.3873,80,76,77,2550,2800,0.480354,37,11.0083,0,0,4609,269637075187
40.0369,24.977,7.63547,14.3873,80,76,77,2550,2800,0.480354,37,11.0083,0,0,4609,269662052113
38.5559,25.9364,7.63547,14.3873,80,76,77,2550,2800,0.480354,37,11.0083,0,0,4609,269687990405
36.4955,27.4006,7.63547,14.3873,80,76,77,2550,2800,0.480354,37,11.0083,0,0,4609,269715392310
40.5715,24.6478,7.63547,14.3873,80,76,77,2550,2800,0.480354,37,11.0083,0,0,4609,269740040352
33.8955,29.5024,7.63547,14.3873,80,76,77,2550,2800,0.480354,37,11.0083,0,0,4609,269769545684
40.3801,24.7647,7.63547,14.3873,80,76,77,2550,2800,0.480354,37,11.0083,0,0,4609,269794310755
37.1468,26.9202,7.63547,14.3873,80,76,77,2550,2800,0.480354,37,11.0083,0,0,4609,269821232493
44.8837,22.2798,7.63547,14.3873,80,76,77,2550,2800,0.480354,37,11.0083,0,0,4609,269843513245
35.7525,27.9701,7.63547,14.3873,80,76,77,2550,2800,0.480354,37,11.0083,0,0,4609,269871486066
39.2333,25.4886,7.63547,14.3873,80,76,77,2550,2800,0.480354,37,11.0083,0,0,4609,269896978084
39.4885,25.3238,7.63547,14.3873,80,76,77,2550,2800,0.480354,37,11.0083,0,0,4609,269922301668
31.5325,31.7133,7.63547,14.3873,80,76,77,2550,2800,0.480354,37,11.0083,0,0,4609,269954014261
40.1994,24.876,7.63547,14.3873,80,76,77,2550,2800,0.480354,37,11.0083,0,0,4609,269978895419
33.787,29.5971,7.67386,12.2461,80,78,79,2536,2800,0.480354,27,11.0098,0,0,4621,270008493084
36.0172,27.7645,7.67386,12.2461,80,78,79,2536,2800,0.480354,27,11.0098,0,0,4621,270036256343
38.6451,25.8765,7.67386,12.2461,80,78,79,2536,2800,0.480354,27,11.0098,0,0,4621,270062135364
35.4998,28.1692,7.67386,12.2461,80,78,79,2536,2800,0.480354,27,11.0098,0,0,4621,270090307005
44.2734,22.5869,7.67386,12.2461,80,78,79,2536,2800,0.480354,27,11.0098,0,0,4621,270112895082
37.0706,26.9756,7.67386,12.2461,80,78,79,2536,2800,0.480354,27,11.0098,0,0,4621,270139871752
36.8415,27.1433,7.67386,12.2461,80,78,79,2536,2800,0.480354,27,11.0098,0,0,4621,270167015134
40.6691,24.5887,7.67386,12.2461,80,78,79,2536,2800,0.480354,27,11.0098,0,0,4621,270191605879
35.5101,28.161,7.67386,12.2461,80,78,79,2536,2800,0.480354,27,11.0098,0,0,4621,270219767633
42.6813,23.4295,7.67386,12.2461,80,78,79,2536,2800,0.480354,27,11.0098,0,0,4621,270243198903
38.1007,26.2462,7.67386,12.2461,80,78,79,2536,2800,0.480354,27,11.0098,0,0,4621,270269447294
41.2635,24.2345,7.67386,12.2461,80,78,79,2536,2800,0.480354,27,11.0098,0,0,4621,270293683577
36.2103,27.6165,7.67386,12.2461,80,78,79,2536,2800,0.480354,27,11.0098,0,0,4621,270321302046
41.9155,23.8575,7.67386,12.2461,80,78,79,2536,2800,0.480354,27,11.0098,0,0,4621,270345159382
35.4641,28.1975,7.67386,12.2461,80,78,79,2536,2800,0.480354,27,11.0098,0,0,4621,270373359928
41.3917,24.1594,7.67386,12.2461,80,78,79,2536,2800,0.480354,27,11.0098,0,0,4621,270397518567
38.5751,25.9234,7.67386,12.2461,80,78,79,2536,2800,0.480354,27,11.0098,0,0,4621,270423443443
37.9154,26.3745,7.67386,12.2461,80,78,79,2536,2800,0.480354,27,11.0098,0,0,4621,270449823189
36.8568,27.132,7.67386,12.2461,80,78,79,2536,2800,0.480354,27,11.0098,0,0,4621,270476957554
35.9278,27.8336,7.67386,12.2461,80,78,79,2536,2800,0.480354,27,11.0098,0,0,4621,270504794010
40.5931,24.6347,8.00478,11.1024,79,72,78,2550,2800,0.480354,35,11.0093,0,0,4289,270529424330
35.2095,28.4014,8.00478,11.1024,79,72,78,2550,2800,0.480354,35,11.0093,0,0,4289,270557828235
41.3608,24.1775,8.00478,11.1024,79,72,78,2550,2800,0.480354,35,11.0093,0,0,4289,270582007993
36.9573,27.0583,8.00478,11.1024,79,72,78,2550,2800,0.480354,35,11.0093,0,0,4289,270609067228
36.1274,27.6798,8.00478,11.1024,79,72,78,2550,2800,0.480354,35,11.0093,0,0,4289,270636746821
39.93,25.0438,8.00478,11.1024,79,72,78,2550,2800,0.480354,35,11.0093,0,0,4289,270661791123
36.9786,27.0427,8.00478,11.1024,79,72,78,2550,2800,0.480354,35,11.0093,0,0,4289,270688834678
40.8561,24.4762,8.00478,11.1024,79,72,78,2550,2800,0.480354,35,11.0093,0,0,4289,270713313615
36.8572,27.1318,8.00478,11.1024,79,72,78,2550,2800,0.480354,35,11.0093,0,0,4289,270740446968
34.6435,28.8654,8.00478,11.1024,79,72,78,2550,2800,0.480354,35,11.0093,0,0,4289,270769313207
34.1863,29.2515,8.00478,11.1024,79,72,78,2550,2800,0.480354,35,11.0093,0,0,4289,270798567630
38.7552,25.803,8.00478,11.1024,79,72,78,2550,2800,0.480354,35,11.0093,0,0,4289,270824373515
39.1001,25.5754,8.00478,11.1024,79,72,78,2550,2800,0.480354,35,11.0093,0,0,4289,270849951083
39.8674,25.0831,8.00478,11.1024,79,72,78,2550,2800,0.480354,35,11.0093,0,0,4289,270875033957
36.4017,27.4713,8.00478,11.1024,79,72,78,2550,2800,0.480354,35,11.0093,0,0,4289,270902510090
41.8268,23.9081,8.00478,11.1024,79,72,78,2550,2800,0.480354,35,11.0093,0,0,4289,270926418392
36.1276,27.6797,8.00478,11.1024,79,72,78,2550,2800,0.480354,35,11.0093,0,0,4289,270954099838
41.5921,24.0431,8.00478,11.1024,79,72,78,2550,2800,0.480354,35,11.0093,0,0,4289,270978142380
36.1794,27.6401,8.00478,11.1024,79,72,78,2550,2800,0.480354,35,11.0093,0,0,4289,271005790414
28.5657,35.007,12,13.6076,78,72,78,2600,2800,0.480354,26,11.0108,0,0,4629,271040791608
39.6989,25.1896,12,13.6076,78,72,78,2600,2800,0.480354,26,11.0108,0,0,4629,271065986602
38.8627,25.7316,12,13.6076,78,72,78,2600,2800,0.480354,26,11.0108,0,0,4629,271091718047
37.8982,26.3865,12,13.6076,78,72,78,2600,2800,0.480354,26,11.0108,0,0,4629,271118113472
38.9336,25.6848,12,13.6076,78,72,78,2600,2800,0.480354,26,11.0108,0,0,4629,271143793121
37.5896,26.6031,12,13.6076,78,72,78,2600,2800,0.480354,26,11.0108,0,0,4629,271170402045
42.5571,23.4978,12,13.6076,78,72,78,2600,2800,0.480354,26,11.0108,0,0,4629,271193898527
36.7714,27.1951,12,13.6076,78,72,78,2600,2800,0.480354,26,11.0108,0,0,4629,271221093295
43.4308,23.0251,12,13.6076,78,72,78,2600,2800,0.480354,26,11.0108,0,0,4629,271244121944
36.1156,27.6889,12,13.6076,78,72,78,2600,2800,0.480354,26,11.0108,0,0,4629,271271811495
40.6781,24.5832,12,13.6076,78,72,78,2600,2800,0.480354,26,11.0108,0,0,4629,271296394266
35.7814,27.9475,12,13.6076,78,72,78,2600,2800,0.480354,26,11.0108,0,0,4629,271324343743
40.2499,24.8448,12,13.6076,78,72,78,2600,2800,0.480354,26,11.0108,0,0,4629,271349191228
36.9548,27.0601,12,13.6076,78,72,78,2600,2800,0.480354,26,11.0108,0,0,4629,271376251334
38.1846,26.1886,12,13.6076,78,72,78,2600,2800,0.480354,26,11.0108,0,0,4629,271402442648
38.5801,25.9201,12,13.6076,78,72,78,2600,2800,0.480354,26,11.0108,0,0,4629,271428363216
37.0823,26.967,12,13.6076,78,72,78,2600,2800,0.480354,26,11.0108,0,0,4629,271455334767
42.2112,23.6904,12,13.6076,78,72,78,2600,2800,0.480354,26,11.0108,0,0,4629,271479024831
36.7615,27.2024,12,13.6076,78,72,78,2600,2800,0.480354,26,11.0108,0,0,4629,271506233024
27.586,36.2503,8.11486,11.708,78,76,77,2550,2800,0.480354,33,11.0097,0,0,4618,271542479172
38.3407,26.0819,8.11486,11.708,78,76,77,2550,2800,0.480354,33,11.0097,0,0,4618,271568562194
38.6392,25.8804,8.11486,11.708,78,76,77,2550,2800,0.480354,33,11.0097,0,0,4618,271594444581
32.7956,30.4919,8.11486,11.708,78,76,77,2550,2800,0.480354,33,11.0097,0,0,4618,271624936365
34.9054,28.6488,8.11486,11.708,78,76,77,2550,2800,0.480354,33,11.0097,0,0,4618,271653588675
40.3252,24.7984,8.11486,11.708,78,76,77,2550,2800,0.480354,33,11.0097,0,0,4618,271678387358
35.564,28.1183,8.11486,11.708,78,76,77,2550,2800,0.480354,33,11.0097,0,0,4618,271706508005
38.373,26.06,8.11486,11.708,78,76,77,2550,2800,0.480354,33,11.0097,0,0,4618,271732567623
37.5872,26.6048,8.11486,11.708,78,76,77,2550,2800,0.480354,33,11.0097,0,0,4618,271759174703
34.5162,28.9719,8.11486,11.708,78,76,77,2550,2800,0.480354,33,11.0097,0,0,4618,271788147401
40.3928,24.7569,8.11486,11.708,78,76,77,2550,2800,0.480354,33,11.0097,0,0,4618,271812906641
36.6101,27.3148,8.11486,11.708,78,76,77,2550,2800,0.480354,33,11.0097,0,0,4618,271840221543
32.7795,30.5069,8.11486,11.708,78,76,77,2550,2800,0.480354,33,11.0097,0,0,4618,271870728926
40.0581,24.9637,8.11486,11.708,78,76,77,2550,2800,0.480354,33,11.0097,0,0,4618,271895694672
35.0029,28.569,8.11486,11.708,78,76,77,2550,2800,0.480354,33,11.0097,0,0,4618,271924266491
43.351,23.0675,8.11486,11.708,78,76,77,2550,2800,0.480354,33,11.0097,0,0,4618,271947333511
37.1713,26.9025,8.11486,11.708,78,76,77,2550,2800,0.480354,33,11.0097,0,0,4618,271974239419
36.2063,27.6195,8.11486,11.708,78,76,77,2550,2800,0.480354,33,11.0097,0,0,4618,272001858359
39.5536,25.2821,8.11486,11.708,78,76,77,2550,2800,0.480354,33,11.0097,0,0,4618,272027145886
34.7382,28.7868,8.41346,15.1118,78,76,80,2581,2800,0.480354,28,11.0118,0,0,4607,272055932977
38.7104,25.8328,8.41346,15.1118,78,76,80,2581,2800,0.480354,28,11.0118,0,0,4607,272081767474
35.1001,28.4899,8.41346,15.1118,78,76,80,2581,2800,0.480354,28,11.0118,0,0,4607,272110257521
33.6603,29.7086,8.41346,15.1118,78,76,80,2581,2800,0.480354,28,11.0118,0,0,4607,272139966042
40.7898,24.5159,8.41346,15.1118,78,76,80,2581,2800,0.480354,28,11.0118,0,0,4607,272164485845
33.8461,29.5455,8.41346,15.1118,78,76,80,2581,2800,0.480354,28,11.0118,0,0,4607,272194034548
35.8379,27.9034,8.41346,15.1118,78,76,80,2581,2800,0.480354,28,11.0118,0,0,4607,272221935394
41.719,23.9699,8.41346,15.1118,78,76,80,2581,2800,0.480354,28,11.0118,0,0,4607,272245906923
36.3985,27.4736,8.41346,15.1118,78,76,80,2581,2800,0.480354,28,11.0118,0,0,4607,272273381704
38.1826,26.1899,8.41346,15.1118,78,76,80,2581,2800,0.480354,28,11.0118,0,0,4607,272299578108
37.0947,26.9581,8.41346,15.1118,78,76,80,2581,2800,0.480354,28,11.0118,0,0,4607,272326535913
33.7975,29.588,8.41346,15.1118,78,76,80,2581,2800,0.480354,28,11.0118,0,0,4607,272356125051
42.899,23.3106,8.41346,15.1118,78,76,80,2581,2800,0.480354,28,11.0118,0,0,4607,272379435947
35.7057,28.0067,8.41346,15.1118,78,76,80,2581,2800,0.480354,28,11.0118,0,0,4607,272407445496
40.886,24.4583,8.41346,15.1118,78,76,80,2581,2800,0.480354,28,11.0118,0,0,4607,272431902943
37.434,26.7137,8.41346,15.1118,78,76,80,2581,2800,0.480354,28,11.0118,0,0,4607,272458618396
40.588,24.6378,8.41346,15.1118,78,76,80,2581,2800,0.480354,28,11.0118,0,0,4607,272483259094
36.5983,27.3237,8.41346,15.1118,78,76,80,2581,2800,0.480354,28,11.0118,0,0,4607,272510584436
36.5554,27.3557,8.41346,15.1118,78,76,80,2581,2800,0.480354,28,11.0118,0,0,4607,272537942749
40.9513,24.4192,8.99015,8.9721,77,71,79,2572,2800,0.48011,30,11.0102,0,0,4166,272562362014
35.851,27.8932,8.99015,8.9721,77,71,79,2572,2800,0.48011,30,11.0102,0,0,4166,272590256048
42.9643,23.2752,8.99015,8.9721,77,71,79,2572,2800,0.48011,30,11.0102,0,0,4166,272613532058
34.7729,28.7581,8.99015,8.9721,77,71,79,2572,2800,0.48011,30,11.0102,0,0,4166,272642292379
41.3211,24.2007,8.99015,8.9721,77,71,79,2572,2800,0.48011,30,11.0102,0,0,4166,272666496242
36.782,27.1872,8.99015,8.9721,77,71,79,2572,2800,0.48011,30,11.0102,0,0,4166,272693683346
36.989,27.035,8.99015,8.9721,77,71,79,2572,2800,0.48011,30,11.0102,0,0,4166,272720720649
40.6328,24.6106,8.99015,8.9721,77,71,79,2572,2800,0.48011,30,11.0102,0,0,4166,272745331132
38.3649,26.0655,8.99015,8.9721,77,71,79,2572,2800,0.48011,30,11.0102,0,0,4166,272771400568
39.9713,25.018,8.99015,8.9721,77,71,79,2572,2800,0.48011,30,11.0102,0,0,4166,272796419163
35.8178,27.919,8.99015,8.9721,77,71,79,2572,2800,0.48011,30,11.0102,0,0,4166,272824337081
42.5243,23.5159,8.99015,8.9721,77,71,79,2572,2800,0.48011,30,11.0102,0,0,4166,272847854522
37.8549,26.4166,8.99015,8.9721,77,71,79,2572,2800,0.48011,30,11.0102,0,0,4166,272874272359
33.7918,29.5929,8.99015,8.9721,77,71,79,2572,2800,0.48011,30,11.0102,0,0,4166,272903867018
41.3472,24.1854,8.99015,8.9721,77,71,79,2572,2800,0.48011,30,11.0102,0,0,4166,272928053438
38.2049,26.1747,8.99015,8.9721,77,71,79,2572,2800,0.48011,30,11.0102,0,0,4166,272954228923
42.5825,23.4838,8.99015,8.9721,77,71,79,2572,2800,0.48011,30,11.0102,0,0,4166,272977718132
37.8144,26.4449,8.99015,8.9721,77,71,79,2572,2800,0.48011,30,11.0102,0,0,4166,273004162338
40.9459,24.4225,8.99015,8.9721,77,71,79,2572,2800,0.48011,30,11.0102,0,0,4166,273028592584
33.4241,29.9185,8.99015,8.9721,77,71,79,2572,2800,0.48011,30,11.0102,0,0,4166,273058516487
49.4524,20.2214,11.7788,12.1646,77,72,78,2564,2800,0.48011,36,11.0144,0,0,4637,273078733657
33.8121,29.5752,11.7788,12.1646,77,72,78,2564,2800,0.48011,36,11.0144,0,0,4637,273108308569
34.6749,28.8393,11.7788,12.1646,77,72,78,2564,2800,0.48011,36,11.0144,0,0,4637,273137148528
40.2574,24.8402,11.7788,12.1646,77,72,78,2564,2800,0.48011,36,11.0144,0,0,4637,273161991414
37.4614,26.6942,11.7788,12.1646,77,72,78,2564,2800,0.48011,36,11.0144,0,0,4637,273188685948
44.314,22.5662,11.7788,12.1646,77,72,78,2564,2800,0.48011,36,11.0144,0,0,4637,273211253476
38.6464,25.8756,11.7788,12.1646,77,72,78,2564,2800,0.48011,36,11.0144,0,0,4637,273237129862
39.9519,25.0301,11.7788,12.1646,77,72,78,2564,2800,0.48011,36,11.0144,0,0,4637,273262162683
36.5731,27.3425,11.7788,12.1646,77,72,78,2564,2800,0.48011,36,11.0144,0,0,4637,273289505667
43.0589,23.224,11.7788,12.1646,77,72,78,2564,2800,0.48011,36,11.0144,0,0,4637,273312732646
35.988,27.7871,11.7788,12.1646,77,72,78,2564,2800,0.48011,36,11.0144,0,0,4637,273340519680
39.0044,25.6381,11.7788,12.1646,77,72,78,2564,2800,0.48011,36,11.0144,0,0,4637,273366163812
24.6783,40.5215,11.7788,12.1646,77,72,78,2564,2800,0.48011,36,11.0144,0,0,4637,273406684823
41.1254,24.3159,11.7788,12.1646,77,72,78,2564,2800,0.48011,36,11.0144,0,0,4637,273431002458
35.6047,28.0862,11.7788,12.1646,77,72,78,2564,2800,0.48011,36,11.0144,0,0,4637,273459091616
45.8004,21.8339,11.7788,12.1646,77,72,78,2564,2800,0.48011,36,11.0144,0,0,4637,273480926796
35.844,27.8987,11.7788,12.1646,77,72,78,2564,2800,0.48011,36,11.0144,0,0,4637,273508828995
44.8652,22.289,11.7788,12.1646,77,72,78,2564,2800,0.48011,36,11.0144,0,0,4637,273531118774
35.536,28.1404,11.7788,12.1646,77,72,78,2564,2800,0.48011,36,11.0144,0,0,4637,273559268094
41.3357,24.1921,7.41206,11.3376,76,75,75,2553,2800,0.48011,25,11.0163,0,0,4621,273583453773
40.5236,24.677,7.41206,11.3376,76,75,75,2553,2800,0.48011,25,11.0163,0,0,4621,273608133485
32.3254,30.9354,7.41206,11.3376,76,75,75,2553,2800,0.48011,25,11.0163,0,0,4621,273639072835
42.1622,23.7179,7.41206,11.3376,76,75,75,2553,2800,0.48011,25,11.0163,0,0,4621,273662791362
37.215,26.8709,7.41206,11.3376,76,75,75,2553,2800,0.48011,25,11.0163,0,0,4621,273689661503
47.6549,20.9842,7.41206,11.3376,76,75,75,2553,2800,0.48011,25,11.0163,0,0,4621,273710649722
34.0873,29.3364,7.41206,11.3376,76,75,75,2553,2800,0.48011,25,11.0163,0,0,4621,273739986569
45.444,22.0051,7.41206,11.3376,76,75,75,2553,2800,0.48011,25,11.0163,0,0,4621,273761995524
32.7386,30.5449,7.41206,11.3376,76,75,75,2553,2800,0.48011,25,11.0163,0,0,4621,273792542151
45.6758,21.8934,7.41206,11.3376,76,75,75,2553,2800,0.48011,25,11.0163,0,0,4621,273814437463
38.5949,25.9102,7.41206,11.3376,76,75,75,2553,2800,0.48011,25,11.0163,0,0,4621,273840348634
38.2852,26.1198,7.41206,11.3376,76,75,75,2553,2800,0.48011,25,11.0163,0,0,4621,273866469296
37.0964,26.9568,7.41206,11.3376,76,75,75,2553,2800,0.48011,25,11.0163,0,0,4621,273893430247
36.3463,27.5131,7.41206,11.3376,76,75,75,2553,2800,0.48011,25,11.0163,0,0,4621,273920941576
42.0746,23.7673,7.41206,11.3376,76,75,75,2553,2800,0.48011,25,11.0163,0,0,4621,273944712561
37.3975,26.7398,7.41206,11.3376,76,75,75,2553,2800,0.48011,25,11.0163,0,0,4621,273971455645
40.6071,24.6263,7.41206,11.3376,76,75,75,2553,2800,0.48011,25,11.0163,0,0,4621,273996081176
35.3188,28.3136,7.41206,11.3376,76,75,75,2553,2800,0.48011,25,11.0163,0,0,4621,274024397237
43.4162,23.0329,7.41206,11.3376,76,75,75,2553,2800,0.48011,25,11.0163,0,0,4621,274047431126
36.2817,27.5621,7.41206,11.3376,76,75,75,2553,2800,0.48011,25,11.0163,0,0,4621,274074997568
39.1869,25.5188,7.05596,15.1467,74,77,77,2532,2800,0.48011,31,11.0188,0,0,4635,274100517187
38.7924,25.7783,7.05596,15.1467,74,77,77,2532,2800,0.48011,31,11.0188,0,0,4635,274126295350
35.5697,28.1138,7.05596,15.1467,74,77,77,2532,2800,0.48011,31,11.0188,0,0,4635,274154411558
45.7498,21.858,7.05596,15.1467,74,77,77,2532,2800,0.48011,31,11.0188,0,0,4635,274176269131
35.4737,28.1899,7.05596,15.1467,74,77,77,2532,2800,0.48011,31,11.0188,0,0,4635,274204462623
43.1869,23.1552,7.05596,15.1467,74,77,77,2532,2800,0.48011,31,11.0188,0,0,4635,274227617247
35.6376,28.0602,7.05596,15.1467,74,77,77,2532,2800,0.48011,31,11.0188,0,0,4635,274255678703
29.262,34.174,7.05596,15.1467,74,77,77,2532,2800,0.48011,31,11.0188,0,0,4635,274289853915
44.3765,22.5344,7.05596,15.1467,74,77,77,2532,2800,0.48011,31,11.0188,0,0,4635,274312389142
36.6891,27.256,7.05596,15.1467,74,77,77,2532,2800,0.48011,31,11.0188,0,0,4635,274339647448
39.7751,25.1413,7.05596,15.1467,74,77,77,2532,2800,0.48011,31,11.0188,0,0,4635,274364790686
36.3705,27.4948,7.05596,15.1467,74,77,77,2532,2800,0.48011,31,11.0188,0,0,4635,274392288599
34.8448,28.6987,7.05596,15.1467,74,77,77,2532,2800,0.48011,31,11.0188,0,0,4635,274420986153
44.0731,22.6896,7.05596,15.1467,74,77,77,2532,2800,0.48011,31,11.0188,0,0,4635,274443677031
33.2824,30.046,7.05596,15.1467,74,77,77,2532,2800,0.48011,31,11.0188,0,0,4635,274473726108
34.9247,28.633,7.05596,15.1467,74,77,77,2532,2800,0.48011,31,11.0188,0,0,4635,274502358671
37.8029,26.453,7.05596,15.1467,74,77,77,2532,2800,0.48011,31,11.0188,0,0,4635,274528813326
33.5799,29.7797,7.05596,15.1467,74,77,77,2532,2800,0.48011,31,11.0188,0,0,4635,274558594503
33.7536,29.6264,7.05596,15.1467,74,77,77,2532,2800,0.48011,31,11.0188,0,0,4635,274588224699
39.0998,25.5756,9.04645,11.4341,74,71,80,2507,2800,0.48011,30,11.0176,0,0,4216,274613798239
34.9828,28.5855,9.04645,11.4341,74,71,80,2507,2800,0.48011,30,11.0176,0,0,4216,274642386288
31.8058,31.4408,9.04645,11.4341,74,71,80,2507,2800,0.48011,30,11.0176,0,0,4216,274673827425
33.3534,29.982,9.04645,11.4341,74,71,80,2507,2800,0.48011,30,11.0176,0,0,4216,274703810659
35.7186,27.9966,9.04645,11.4341,74,71,80,2507,2800,0.48011,30,11.0176,0,0,4216,274731810230
33.4559,29.8901,9.04645,11.4341,74,71,80,2507,2800,0.48011,30,11.0176,0,0,4216,274761702995
34.1767,29.2597,9.04645,11.4341,74,71,80,2507,2800,0.48011,30,11.0176,0,0,4216,274790962548
37.52,26.6525,9.04645,11.4341,74,71,80,2507,2800,0.48011,30,11.0176,0,0,4216,274817621345
35.8008,27.9323,9.04645,11.4341,74,71,80,2507,2800,0.48011,30,11.0176,0,0,4216,274845551115
34.5682,28.9283,9.04645,11.4341,74,71,80,2507,2800,0.48011,30,11.0176,0,0,4216,274874481213
33.8393,29.5514,9.04645,11.4341,74,71,80,2507,2800,0.48011,30,11.0176,0,0,4216,274904034394
39.3256,25.4288,9.04645,11.4341,74,71,80,2507,2800,0.48011,30,11.0176,0,0,4216,274929463435
34.7073,28.8124,9.04645,11.4341,74,71,80,2507,2800,0.48011,30,11.0176,0,0,4216,274958277907
32.5303,30.7406,9.04645,11.4341,74,71,80,2507,2800,0.48011,30,11.0176,0,0,4216,274989019397
41.4835,24.1059,9.04645,11.4341,74,71,80,2507,2800,0.48011,30,11.0176,0,0,4216,275013127772
35.159,28.4422,9.04645,11.4341,74,71,80,2507,2800,0.48011,30,11.0176,0,0,4216,275041569628
35.0201,28.555,9.04645,11.4341,74,71,80,2507,2800,0.48011,30,11.0176,0,0,4216,275070126640
38.6976,25.8414,9.04645,11.4341,74,71,80,2507,2800,0.48011,30,11.0176,0,0,4216,275095971086
34.7407,28.7847,10.396,7.26165,76,70,81,2345,2800,0.48011,28,11.0172,0,0,4571,275124756434
39.1414,25.5484,10.396,7.26165,76,70,81,2345,2800,0.48011,28,11.0172,0,0,4571,275150305529
35.0376,28.5407,10.396,7.26165,76,70,81,2345,2800,0.48011,28,11.0172,0,0,4571,275178845528
34.1022,29.3236,10.396,7.26165,76,70,81,2345,2800,0.48011,28,11.0172,0,0,4571,275208170543
34.7499,28.7771,10.396,7.26165,76,70,81,2345,2800,0.48011,28,11.0172,0,0,4571,275236949830
38.9201,25.6937,10.396,7.26165,76,70,81,2345,2800,0.48011,28,11.0172,0,0,4571,275262645278
34.7859,28.7473,10.396,7.26165,76,70,81,2345,2800,0.48011,28,11.0172,0,0,4571,275291393667
34.0663,29.3545,10.396,7.26165,76,70,81,2345,2800,0.48011,28,11.0172,0,0,4571,275320748848
39.8122,25.1179,10.396,7.26165,76,70,81,2345,2800,0.48011,28,11.0172,0,0,4571,275345868742
33.3034,30.027,10.396,7.26165,76,70,81,2345,2800,0.48011,28,11.0172,0,0,4571,275375896178
35.7134,28.0007,10.396,7.26165,76,70,81,2345,2800,0.48011,28,11.0172,0,0,4571,275403897933
39.1632,25.5342,10.396,7.26165,76,70,81,2345,2800,0.48011,28,11.0172,0,0,4571,275429434064
34.5928,28.9078,10.396,7.26165,76,70,81,2345,2800,0.48011,28,11.0172,0,0,4571,275458342752
35.0223,28.5532,10.396,7.26165,76,70,81,2345,2800,0.48011,28,11.0172,0,0,4571,275486901997
36.759,27.2042,10.396,7.26165,76,70,81,2345,2800,0.48011,28,11.0172,0,0,4571,275514103898
35.5354,28.1409,10.396,7.26165,76,70,81,2345,2800,0.48011,28,11.0172,0,0,4571,275542246345
32.1779,31.0773,10.396,7.26165,76,70,81,2345,2800,0.48011,28,11.0172,0,0,4571,275573325436
39.4658,25.3384,10.396,7.26165,76,70,81,2345,2800,0.48011,28,11.0172,0,0,4571,275598668556
35.2911,28.3357,6.50814,11.4261,79,76,83,2370,2800,0.48011,36,11.0144,0,0,4576,275627002872
34.1243,29.3046,6.50814,11.4261,79,76,83,2370,2800,0.48011,36,11.0144,0,0,4576,275656307880
40.6334,24.6103,6.50814,11.4261,79,76,83,2370,2800,0.48011,36,11.0144,0,0,4576,275680918973
35.8884,27.8642,6.50814,11.4261,79,76,83,2370,2800,0.48011,36,11.0144,0,0,4576,275708784333
33.9103,29.4895,6.50814,11.4261,79,76,83,2370,2800,0.48011,36,11.0144,0,0,4576,275738276260
38.5274,25.9555,6.50814,11.4261,79,76,83,2370,2800,0.48011,36,11.0144,0,0,4576,275764231623
35.0118,28.5618,6.50814,11.4261,79,76,83,2370,2800,0.48011,36,11.0144,0,0,4576,275792796028
34.5752,28.9225,6.50814,11.4261,79,76,83,2370,2800,0.48011,36,11.0144,0,0,4576,275821717861
43.0884,23.2081,6.50814,11.4261,79,76,83,2370,2800,0.48011,36,11.0144,0,0,4576,275844929732
34.0203,29.3942,6.50814,11.4261,79,76,83,2370,2800,0.48011,36,11.0144,0,0,4576,275874323295
37.3503,26.7736,6.50814,11.4261,79,76,83,2370,2800,0.48011,36,11.0144,0,0,4576,275901098069
36.7567,27.2059,6.50814,11.4261,79,76,83,2370,2800,0.48011,36,11.0144,0,0,4576,275928308486
34.4363,29.0391,6.50814,11.4261,79,76,83,2370,2800,0.48011,36,11.0144,0,0,4576,275957348459
42.9897,23.2614,6.50814,11.4261,79,76,83,2370,2800,0.48011,36,11.0144,0,0,4576,275980610213
35.5141,28.1578,6.50814,11.4261,79,76,83,2370,2800,0.48011,36,11.0144,0,0,4576,276008770173
36.0995,27.7012,6.50814,11.4261,79,76,83,2370,2800,0.48011,36,11.0144,0,0,4576,276036475193
37.9756,26.3327,6.50814,11.4261,79,76,83,2370,2800,0.48011,36,11.0144,0,0,4576,276062808282
36.8611,27.1288,6.50814,11.4261,79,76,83,2370,2800,0.48011,36,11.0144,0,0,4576,276089937788
42.5389,23.5079,6.50814,11.4261,79,76,83,2370,2800,0.48011,36,11.0144,0,0,4576,276113449709
35.9577,27.8105,6.4951,11.941,81,75,84,2276,2800,0.48011,27,11.0156,0,0,4580,276141258293
37.7496,26.4903,6.4951,11.941,81,75,84,2276,2800,0.48011,27,11.0156,0,0,4580,276167751971
37.694,26.5294,6.4951,11.941,81,75,84,2276,2800,0.48011,27,11.0156,0,0,4580,276194282649
35.0802,28.5061,6.4951,11.941,81,75,84,2276,2800,0.48011,27,11.0156,0,0,4580,276222790819
44.4325,22.5061,6.4951,11.941,81,75,84,2276,2800,0.48011,27,11.0156,0,0,4580,276245297874
36.5087,27.3907,6.4951,11.941,81,75,84,2276,2800,0.48011,27,11.0156,0,0,4580,276272688157
41.8023,23.9221,6.4951,11.941,81,75,84,2276,2800,0.48011,27,11.0156,0,0,4580,276296613470
36.0147,27.7664,6.4951,11.941,81,75,84,2276,2800,0.48011,27,11.0156,0,0,4580,276324380276
44.2834,22.5818,6.4951,11.941,81,75,84,2276,2800,0.48011,27,11.0156,0,0,4580,276346965617
35.5366,28.14,6.4951,11.941,81,75,84,2276,2800,0.48011,27,11.0156,0,0,4580,276375105940
38.6821,25.8518,6.4951,11.941,81,75,84,2276,2800,0.48011,27,11.0156,0,0,4580,276400959183
38.0803,26.2603,6.4951,11.941,81,75,84,2276,2800,0.48011,27,11.0156,0,0,4580,276427222862
37.7245,26.5079,6.4951,11.941,81,75,84,2276,2800,0.48011,27,11.0156,0,0,4580,276453732470
39.059,25.6023,6.4951,11.941,81,75,84,2276,2800,0.48011,27,11.0156,0,0,4580,276479332520
34.4506,29.0271,6.4951,11.941,81,75,84,2276,2800,0.48011,27,11.0156,0,0,4580,276508361994
41.2989,24.2137,6.4951,11.941,81,75,84,2276,2800,0.48011,27,11.0156,0,0,4580,276532577248
35.7884,27.942,6.4951,11.941,81,75,84,2276,2800,0.48011,27,11.0156,0,0,4580,276560519121
35.4203,28.2324,6.4951,11.941,81,75,84,2276,2800,0.48011,27,11.0156,0,0,4580,276588753249
43.1092,23.1969,6.4951,11.941,81,75,84,2276,2800,0.48011,27,11.0156,0,0,4580,276611953869
35.5329,28.1429,6.4951,11.941,81,75,84,2276,2800,0.48011,27,11.0156,0,0,4580,276640102849
39.8553,25.0908,10,10.5574,83,71,84,2555,2800,0.48011,33,11.0077,0,0,4141,276665188719
36.8149,27.1629,10,10.5574,83,71,84,2555,2800,0.48011,33,11.0077,0,0,4141,276692352759
41.3177,24.2027,10,10.5574,83,71,84,2555,2800,0.48011,33,11.0077,0,0,4141,276716558866
35.9131,27.845,10,10.5574,83,71,84,2555,2800,0.48011,33,11.0077,0,0,4141,276744403347
36.1902,27.6318,10,10.5574,83,71,84,2555,2800,0.48011,33,11.0077,0,0,4141,276772036313
40.5418,24.6659,10,10.5574,83,71,84,2555,2800,0.48011,33,11.0077,0,0,4141,276796704463
35.3793,28.2651,10,10.5574,83,71,84,2555,2800,0.48011,33,11.0077,0,0,4141,276824971363
45.4127,22.0203,10,10.5574,83,71,84,2555,2800,0.48011,33,11.0077,0,0,4141,276846995045
37.435,26.7129,10,10.5574,83,71,84,2555,2800,0.48011,33,11.0077,0,0,4141,276873710999
38.0573,26.2762,10,10.5574,83,71,84,2555,2800,0.48011,33,11.0077,0,0,4141,276899989195
36.034,27.7516,10,10.5574,83,71,84,2555,2800,0.48011,33,11.0077,0,0,4141,276927741704
34.585,28.9142,10,10.5574,83,71,84,2555,2800,0.48011,33,11.0077,0,0,4141,276956655622
43.8433,22.8085,10,10.5574,83,71,84,2555,2800,0.48011,33,11.0077,0,0,4141,276979467235
35.4261,28.2278,10,10.5574,83,71,84,2555,2800,0.48011,33,11.0077,0,0,4141,277007697206
41.4659,24.1162,10,10.5574,83,71,84,2555,2800,0.48011,33,11.0077,0,0,4141,277031811462
37.5853,26.6061,10,10.5574,83,71,84,2555,2800,0.48011,33,11.0077,0,0,4141,277058423401
37.2292,26.8606,10,10.5574,83,71,84,2555,2800,0.48011,33,11.0077,0,0,4141,277085281170
40.0971,24.9395,10,10.5574,83,71,84,2555,2800,0.48011,33,11.0077,0,0,4141,277110225365
34.988,28.5812,10,10.5574,83,71,84,2555,2800,0.48011,33,11.0077,0,0,4141,277138805600
42.5644,23.4938,10,10.5574,83,71,84,2555,2800,0.48011,33,11.0077,0,0,4141,277162309436
35.3719,28.271,8.92642,8.09775,84,71,81,2539,2800,0.48011,37,11.0187,0,0,4594,277190574652
45.2245,22.1119,8.92642,8.09775,84,71,81,2539,2800,0.48011,37,11.0187,0,0,4594,277212693392
33.6862,29.6857,8.92642,8.09775,84,71,81,2539,2800,0.48011,37,11.0187,0,0,4594,277242376717
43.2077,23.144,8.92642,8.09775,84,71,81,2539,2800,0.48011,37,11.0187,0,0,4594,277265521422
38.0018,26.3145,8.92642,8.09775,84,71,81,2539,2800,0.48011,37,11.0187,0,0,4594,277291839423
39.4791,25.3299,8.92642,8.09775,84,71,81,2539,2800,0.48011,37,11.0187,0,0,4594,277317179327
37.5002,26.6665,8.92642,8.09775,84,71,81,2539,2800,0.48011,37,11.0187,0,0,4594,277343840508
35.6581,28.0441,8.92642,8.09775,84,71,81,2539,2800,0.48011,37,11.0187,0,0,4594,277371883791
44.7335,22.3546,8.92642,8.09775,84,71,81,2539,2800,0.48011,37,11.0187,0,0,4594,277394242669
33.8756,29.5197,8.92642,8.09775,84,71,81,2539,2800,0.48011,37,11.0187,0,0,4594,277423762488
46.2194,21.6359,8.92642,8.09775,84,71,81,2539,2800,0.48011,37,11.0187,0,0,4594,277445401903
35.2304,28.3846,8.92642,8.09775,84,71,81,2539,2800,0.48011,37,11.0187,0,0,4594,277473784338
42.9775,23.268,8.92642,8.09775,84,71,81,2539,2800,0.48011,37,11.0187,0,0,4594,277497055980
34.847,28.6969,8.92642,8.09775,84,71,81,2539,2800,0.48011,37,11.0187,0,0,4594,277525753674
44.1362,22.6571,8.92642,8.09775,84,71,81,2539,2800,0.48011,37,11.0187,0,0,4594,277548414196
37.3888,26.746,8.92642,8.09775,84,71,81,2539,2800,0.48011,37,11.0187,0,0,4594,277575161819
39.2169,25.4992,8.92642,8.09775,84,71,81,2539,2800,0.48011,37,11.0187,0,0,4594,277600660840
36.499,27.398,8.92642,8.09775,84,71,81,2539,2800,0.48011,37,11.0187,0,0,4594,277628060961
39.9183,25.0512,8.92642,8.09775,84,71,81,2539,2800,0.48011,37,11.0187,0,0,4594,277653114741
40.4031,24.7506,8.92642,8.09775,84,71,81,2539,2800,0.48011,37,11.0187,0,0,4594,277677875524
34.5028,28.9831,6.81265,16.3426,84,77,81,2594,2800,0.48011,27,11.0172,0,0,4581,277706852840
42.5442,23.5049,6.81265,16.3426,84,77,81,2594,2800,0.48011,27,11.0172,0,0,4581,277730359141
34.7452,28.781,6.81265,16.3426,84,77,81,2594,2800,0.48011,27,11.0172,0,0,4581,277759142625
43.5956,22.9381,6.81265,16.3426,84,77,81,2594,2800,0.48011,27,11.0172,0,0,4581,277782079483
37.1737,26.9007,6.81265,16.3426,84,77,81,2594,2800,0.48011,27,11.0172,0,0,4581,277808980782
39.0167,25.6301,6.81265,16.3426,84,77,81,2594,2800,0.48011,27,11.0172,0,0,4581,277834615076
36.44,27.4424,6.81265,16.3426,84,77,81,2594,2800,0.48011,27,11.0172,0,0,4581,277862059941
35.7863,27.9436,6.81265,16.3426,84,77,81,2594,2800,0.48011,27,11.0172,0,0,4581,277890002074
45.5137,21.9714,6.81265,16.3426,84,77,81,2594,2800,0.48011,27,11.0172,0,0,4581,277911978719
35.308,28.3222,6.81265,16.3426,84,77,81,2594,2800,0.48011,27,11.0172,0,0,4581,277940299910
41.9999,23.8096,6.81265,16.3426,84,77,81,2594,2800,0.48011,27,11.0172,0,0,4581,277964112482
35.7171,27.9978,6.81265,16.3426,84,77,81,2594,2800,0.48011,27,11.0172,0,0,4581,277992114507
43.5089,22.9838,6.81265,16.3426,84,77,81,2594,2800,0.48011,27,11.0172,0,0,4581,278015098272
35.2903,28.3364,6.81265,16.3426,84,77,81,2594,2800,0.48011,27,11.0172,0,0,4581,278043436545
35.5872,28.1,6.81265,16.3426,84,77,81,2594,2800,0.48011,27,11.0172,0,0,4581,278071537365
43.1594,23.1699,6.81265,16.3426,84,77,81,2594,2800,0.48011,27,11.0172,0,0,4581,278094710984
36.2679,27.5726,6.81265,16.3426,84,77,81,2594,2800,0.48011,27,11.0172,0,0,4581,278122281363
46.2179,21.6366,6.81265,16.3426,84,77,81,2594,2800,0.48011,27,11.0172,0,0,4581,278143922421
34.6748,28.8394,6.81265,16.3426,84,77,81,2594,2800,0.48011,27,11.0172,0,0,4581,278172761399
43.3183,23.0849,6.81265,16.3426,84,77,81,2594,2800,0.48011,27,11.0172,0,0,4581,278195852214
36.8661,27.1252,6.90909,11.5011,84,75,81,2557,2800,0.48011,28,11.0154,0,0,4587,278222975388
37.8542,26.4172,6.90909,11.5011,84,75,81,2557,2800,0.48011,28,11.0154,0,0,4587,278249396180
38.7062,25.8357,6.90909,11.5011,84,75,81,2557,2800,0.48011,28,11.0154,0,0,4587,278275233684
38.5152,25.9638,6.90909,11.5011,84,75,81,2557,2800,0.48011,28,11.0154,0,0,4587,278301201040
39.0458,25.611,6.90909,11.5011,84,75,81,2557,2800,0.48011,28,11.0154,0,0,4587,278326812761
34.2678,29.1819,6.90909,11.5011,84,75,81,2557,2800,0.48011,28,11.0154,0,0,4587,278355994159
45.5819,21.9385,6.90909,11.5011,84,75,81,2557,2800,0.48011,28,11.0154,0,0,4587,278377937421
36.4945,27.4014,6.90909,11.5011,84,75,81,2557,2800,0.48011,28,11.0154,0,0,4587,278405338273
40.6147,24.6216,6.90909,11.5011,84,75,81,2557,2800,0.48011,28,11.0154,0,0,4587,278429964325
35.88,27.8707,6.90909,11.5011,84,75,81,2557,2800,0.48011,28,11.0154,0,0,4587,278457835205
42.5998,23.4743,6.90909,11.5011,84,75,81,2557,2800,0.48011,28,11.0154,0,0,4587,278481310417
37.0093,27.0203,6.90909,11.5011,84,75,81,2557,2800,0.48011,28,11.0154,0,0,4587,278508336270
39.3043,25.4425,6.90909,11.5011,84,75,81,2557,2800,0.48011,28,11.0154,0,0,4587,278533775109
35.7552,27.968,6.90909,11.5011,84,75,81,2557,2800,0.48011,28,11.0154,0,0,4587,278561746356
35.6921,28.0174,6.90909,11.5011,84,75,81,2557,2800,0.48011,28,11.0154,0,0,4587,278589764141
43.5851,22.9436,6.90909,11.5011,84,75,81,2557,2800,0.48011,28,11.0154,0,0,4587,278612710606
35.6917,28.0177,6.90909,11.5011,84,75,81,2557,2800,0.48011,28,11.0154,0,0,4587,278640729392
40.589,24.6372,6.90909,11.5011,84,75,81,2557,2800,0.48011,28,11.0154,0,0,4587,278665366525
37.0439,26.995,6.90909,11.5011,84,75,81,2557,2800,0.48011,28,11.0154,0,0,4587,278692362221
40.8143,24.5012,6.90909,11.5011,84,75,81,2557,2800,0.48011,28,11.0154,0,0,4587,278716875271
36.2157,27.6123,10.2533,13.6097,84,71,82,2504,2800,0.48011,39,11.0115,0,0,4238,278744482759
35.8034,27.9303,10.2533,13.6097,84,71,82,2504,2800,0.48011,39,11.0115,0,0,4238,278772412509
41.727,23.9653,10.2533,13.6097,84,71,82,2504,2800,0.48011,39,11.0115,0,0,4238,278796383768
35.1737,28.4304,10.2533,13.6097,84,71,82,2504,2800,0.48011,39,11.0115,0,0,4238,278824812720
46.4487,21.5291,10.2533,13.6097,84,71,82,2504,2800,0.48011,39,11.0115,0,0,4238,278846345396
34.5117,28.9757,10.2533,13.6097,84,71,82,2504,2800,0.48011,39,11.0115,0,0,4238,278875320798
33.1651,30.1522,10.2533,13.6097,84,71,82,2504,2800,0.48011,39,11.0115,0,0,4238,278905473098
41.3735,24.1701,10.2533,13.6097,84,71,82,2504,2800,0.48011,39,11.0115,0,0,4238,278929649450
36.4522,27.4332,10.2533,13.6097,84,71,82,2504,2800,0.48011,39,11.0115,0,0,4238,278957081451
43.0012,23.2552,10.2533,13.6097,84,71,82,2504,2800,0.48011,39,11.0115,0,0,4238,278980337073
36.9998,27.0271,10.2533,13.6097,84,71,82,2504,2800,0.48011,39,11.0115,0,0,4238,279007365200
44.098,22.6768,10.2533,13.6097,84,71,82,2504,2800,0.48011,39,11.0115,0,0,4238,279030046771
36.5694,27.3452,10.2533,13.6097,84,71,82,2504,2800,0.48011,39,11.0115,0,0,4238,279057394534
41.9699,23.8266,10.2533,13.6097,84,71,82,2504,2800,0.48011,39,11.0115,0,0,4238,279081220492
37.6736,26.5438,10.2533,13.6097,84,71,82,2504,2800,0.48011,39,11.0115,0,0,4238,279107765646
38.1189,26.2337,10.2533,13.6097,84,71,82,2504,2800,0.48011,39,11.0115,0,0,4238,279134002275
36.9178,27.0872,10.2533,13.6097,84,71,82,2504,2800,0.48011,39,11.0115,0,0,4238,279161091506
35.3822,28.2628,10.2533,13.6097,84,71,82,2504,2800,0.48011,39,11.0115,0,0,4238,279189352735
43.7301,22.8675,10.2533,13.6097,84,71,82,2504,2800,0.48011,39,11.0115,0,0,4238,279212221665
35.9964,27.7806,10.2533,13.6097,84,71,82,2504,2800,0.48011,39,11.0115,0,0,4238,279240007266
42.606,23.4709,8.72163,8.25415,84,76,81,2227,2800,0.48011,31,11.0021,0,0,4591,279263479543
34.751,28.7761,8.72163,8.25415,84,76,81,2227,2800,0.48011,31,11.0021,0,0,4591,279292266624
43.7465,22.859,8.72163,8.25415,84,76,81,2227,2800,0.48011,31,11.0021,0,0,4591,279315124033
36.0671,27.7261,8.72163,8.25415,84,76,81,2227,2800,0.48011,31,11.0021,0,0,4591,279342850734
39.916,25.0526,8.72163,8.25415,84,76,81,2227,2800,0.48011,31,11.0021,0,0,4591,279367903723
38.206,26.1739,8.72163,8.25415,84,76,81,2227,2800,0.48011,31,11.0021,0,0,4591,279394083375
37.9757,26.3327,8.72163,8.25415,84,76,81,2227,2800,0.48011,31,11.0021,0,0,4591,279420417716
40.6074,24.6261,8.72163,8.25415,84,76,81,2227,2800,0.48011,31,11.0021,0,0,4591,279445044800
36.9691,27.0496,8.72163,8.25415,84,76,81,2227,2800,0.48011,31,11.0021,0,0,4591,279472095338
41.7258,23.966,8.72163,8.25415,84,76,81,2227,2800,0.48011,31,11.0021,0,0,4591,279496065224
34.7098,28.8103,8.72163,8.25415,84,76,81,2227,2800,0.48011,31,11.0021,0,0,4591,279524877823
41.9355,23.8461,8.72163,8.25415,84,76,81,2227,2800,0.48011,31,11.0021,0,0,4591,279548723357
36.7315,27.2246,8.72163,8.25415,84,76,81,2227,2800,0.48011,31,11.0021,0,0,4591,279575953611
38.4342,26.0185,8.72163,8.25415,84,76,81,2227,2800,0.48011,31,11.0021,0,0,4591,279601970389
37.2236,26.8647,8.72163,8.25415,84,76,81,2227,2800,0.48011,31,11.0021,0,0,4591,279628838186
35.5981,28.0914,8.72163,8.25415,84,76,81,2227,2800,0.48011,31,11.0021,0,0,4591,279656929288
44.611,22.416,8.72163,8.25415,84,76,81,2227,2800,0.48011,31,11.0021,0,0,4591,279679350152
33.8459,29.5457,8.72163,8.25415,84,76,81,2227,2800,0.48011,31,11.0021,0,0,4591,279708895138
42.0387,23.7876,8.72163,8.25415,84,76,81,2227,2800,0.48011,31,11.0021,0,0,4591,279732686060
35.4533,28.2061,8.72163,8.25415,84,76,81,2227,2800,0.48011,31,11.0021,0,0,4591,279760895963
34.6413,28.8673,7.42515,8.9445,84,74,81,2568,2800,0.48011,21,11.0008,0,0,4601,279789759697
41.7532,23.9503,7.42515,8.9445,84,74,81,2568,2800,0.48011,21,11.0008,0,0,4601,279813713924
34.1569,29.2767,7.42515,8.9445,84,74,81,2568,2800,0.48011,21,11.0008,0,0,4601,279842991951
33.8777,29.5179,7.42515,8.9445,84,74,81,2568,2800,0.48011,21,11.0008,0,0,4601,279872508835
37.274,26.8283,7.42515,8.9445,84,74,81,2568,2800,0.48011,21,11.0008,0,0,4601,279899338922
32.7466,30.5375,7.42515,8.9445,84,74,81,2568,2800,0.48011,21,11.0008,0,0,4601,279929877894
34.7507,28.7764,7.42515,8.9445,84,74,81,2568,2800,0.48011,21,11.0008,0,0,4601,279958655517
34.0115,29.4018,7.42515,8.9445,84,74,81,2568,2800,0.48011,21,11.0008,0,0,4601,279988059900
38.8938,25.711,7.42515,8.9445,84,74,81,2568,2800,0.48011,21,11.0008,0,0,4601,280013773843
35.3206,28.3121,7.42515,8.9445,84,74,81,2568,2800,0.48011,21,11.0008,0,0,4601,280042084605
34.8494,28.6949,7.42515,8.9445,84,74,81,2568,2800,0.48011,21,11.0008,0,0,4601,280070781567
39.4919,25.3217,7.42515,8.9445,84,74,81,2568,2800,0.48011,21,11.0008,0,0,4601,280096104770
35.8889,27.8637,7.42515,8.9445,84,74,81,2568,2800,0.48011,21,11.0008,0,0,4601,280123967976
42.9591,23.2779,7.42515,8.9445,84,74,81,2568,2800,0.48011,21,11.0008,0,0,4601,280147249667
35.8502,27.8939,7.42515,8.9445,84,74,81,2568,2800,0.48011,21,11.0008,0,0,4601,280175143110
36.6157,27.3107,7.42515,8.9445,84,74,81,2568,2800,0.48011,21,11.0008,0,0,4601,280202458402
36.5468,27.3622,7.42515,8.9445,84,74,81,2568,2800,0.48011,21,11.0008,0,0,4601,280229819391
35.9569,27.8111,7.42515,8.9445,84,74,81,2568,2800,0.48011,21,11.0008,0,0,4601,280257631601
40.8428,24.4841,7.42515,8.9445,84,74,81,2568,2800,0.48011,21,11.0008,0,0,4601,280282124364
35.6868,28.0216,6.99638,11.5123,84,71,84,2581,2800,0.479618,29,11.0007,0,0,4578,280310140515
35.422,28.231,6.99638,11.5123,84,71,84,2581,2800,0.479618,29,11.0007,0,0,4578,280338372630
40.8747,24.465,6.99638,11.5123,84,71,84,2581,2800,0.479618,29,11.0007,0,0,4578,280362838833
33.4235,29.9191,6.99638,11.5123,84,71,84,2581,2800,0.479618,29,11.0007,0,0,4578,280392758218
37.2366,26.8553,6.99638,11.5123,84,71,84,2581,2800,0.479618,29,11.0007,0,0,4578,280419618120
33.1128,30.1998,6.99638,11.5123,84,71,84,2581,2800,0.479618,29,11.0007,0,0,4578,280449819742
36.4306,27.4495,6.99638,11.5123,84,71,84,2581,2800,0.479618,29,11.0007,0,0,4578,280477271931
36.8921,27.1061,6.99638,11.5123,84,71,84,2581,2800,0.479618,29,11.0007,0,0,4578,280504376019
34.1337,29.2966,6.99638,11.5123,84,71,84,2581,2800,0.479618,29,11.0007,0,0,4578,280533675216
36.6295,27.3004,6.99638,11.5123,84,71,84,2581,2800,0.479618,29,11.0007,0,0,4578,280560978116
36.964,27.0533,6.99638,11.5123,84,71,84,2581,2800,0.479618,29,11.0007,0,0,4578,280588031580
35.0424,28.5369,6.99638,11.5123,84,71,84,2581,2800,0.479618,29,11.0007,0,0,4578,280616575456
29.1986,34.2483,6.99638,11.5123,84,71,84,2581,2800,0.479618,29,11.0007,0,0,4578,280650822993
34.5596,28.9355,6.99638,11.5123,84,71,84,2581,2800,0.479618,29,11.0007,0,0,4578,280679760745
32.9742,30.3267,6.99638,11.5123,84,71,84,2581,2800,0.479618,29,11.0007,0,0,4578,280710086950
34.9279,28.6304,6.99638,11.5123,84,71,84,2581,2800,0.479618,29,11.0007,0,0,4578,280738719101
30.2359,33.0733,6.99638,11.5123,84,71,84,2581,2800,0.479618,29,11.0007,0,0,4578,280771793197
33.2344,30.0893,6.99638,11.5123,84,71,84,2581,2800,0.479618,29,11.0007,0,0,4578,280801885896
33.7633,29.618,14.5631,6.9575,84,70,80,2442,2800,0.479626,32,11.0103,0,0,4213,280831504549
34.5029,28.9831,14.5631,6.9575,84,70,80,2442,2800,0.479626,32,11.0103,0,0,4213,280860489770
35.7217,27.9942,14.5631,6.9575,84,70,80,2442,2800,0.479626,32,11.0103,0,0,4213,280888484051
32.8088,30.4796,14.5631,6.9575,84,70,80,2442,2800,0.479626,32,11.0103,0,0,4213,280918966988
32.2674,30.991,14.5631,6.9575,84,70,80,2442,2800,0.479626,32,11.0103,0,0,4213,280949961400
35.4399,28.2167,14.5631,6.9575,84,70,80,2442,2800,0.479626,32,11.0103,0,0,4213,280978180410
36.5519,27.3584,14.5631,6.9575,84,70,80,2442,2800,0.479626,32,11.0103,0,0,4213,281005536560
32.964,30.3361,14.5631,6.9575,84,70,80,2442,2800,0.479626,32,11.0103,0,0,4213,281035877712
33.5976,29.764,14.5631,6.9575,84,70,80,2442,2800,0.479626,32,11.0103,0,0,4213,281065642278
35.3523,28.2867,14.5631,6.9575,84,70,80,2442,2800,0.479626,32,11.0103,0,0,4213,281093931980
35.3644,28.277,14.5631,6.9575,84,70,80,2442,2800,0.479626,32,11.0103,0,0,4213,281122207496
32.0499,31.2014,14.5631,6.9575,84,70,80,2442,2800,0.479626,32,11.0103,0,0,4213,281153413083
34.2319,29.2125,14.5631,6.9575,84,70,80,2442,2800,0.479626,32,11.0103,0,0,4213,281182623955
34.1823,29.2549,14.5631,6.9575,84,70,80,2442,2800,0.479626,32,11.0103,0,0,4213,281211880081
37.2217,26.8661,14.5631,6.9575,84,70,80,2442,2800,0.479626,32,11.0103,0,0,4213,281238751245
33.1106,30.2018,14.5631,6.9575,84,70,80,2442,2800,0.479626,32,11.0103,0,0,4213,281268953849
31.7351,31.5108,14.5631,6.9575,84,70,80,2442,2800,0.479626,32,11.0103,0,0,4213,281300464796
33.452,29.8936,14.5631,6.9575,84,70,80,2442,2800,0.479626,32,11.0103,0,0,4213,281330365696
37.3709,26.7588,7.02381,12.8159,84,77,81,2600,2800,0.479626,33,11.0105,0,0,4582,281357123638
33.27,30.0571,7.02381,12.8159,84,77,81,2600,2800,0.479626,33,11.0105,0,0,4582,281387184267
32.8766,30.4168,7.02381,12.8159,84,77,81,2600,2800,0.479626,33,11.0105,0,0,4582,281417598727
41.3262,24.1977,7.02381,12.8159,84,77,81,2600,2800,0.479626,33,11.0105,0,0,4582,281441801087
34.5412,28.9509,7.02381,12.8159,84,77,81,2600,2800,0.479626,33,11.0105,0,0,4582,281470751884
35.7747,27.9528,7.02381,12.8159,84,77,81,2600,2800,0.479626,33,11.0105,0,0,4582,281498707071
39.12,25.5624,7.02381,12.8159,84,77,81,2600,2800,0.479626,33,11.0105,0,0,4582,281524270102
37.9567,26.3458,7.02381,12.8159,84,77,81,2600,2800,0.479626,33,11.0105,0,0,4582,281550620694
42.4346,23.5657,7.02381,12.8159,84,77,81,2600,2800,0.479626,33,11.0105,0,0,4582,281574183910
34.0734,29.3484,7.02381,12.8159,84,77,81,2600,2800,0.479626,33,11.0105,0,0,4582,281603532430
34.5413,28.9508,7.02381,12.8159,84,77,81,2600,2800,0.479626,33,11.0105,0,0,4582,281632484128
39.3033,25.4432,7.02381,12.8159,84,77,81,2600,2800,0.479626,33,11.0105,0,0,4582,281657932224
42.9965,23.2577,7.02381,12.8159,84,77,81,2600,2800,0.479626,33,11.0105,0,0,4582,281681191574
43.8716,22.7938,7.02381,12.8159,84,77,81,2600,2800,0.479626,33,11.0105,0,0,4582,281703987488
36.5213,27.3813,7.02381,12.8159,84,77,81,2600,2800,0.479626,33,11.0105,0,0,4582,281731368654
43.3848,23.0496,7.02381,12.8159,84,77,81,2600,2800,0.479626,33,11.0105,0,0,4582,281754421127
33.2093,30.112,7.02381,12.8159,84,77,81,2600,2800,0.479626,33,11.0105,0,0,4582,281784531689
45.3442,22.0535,7.02381,12.8159,84,77,81,2600,2800,0.479626,33,11.0105,0,0,4582,281806590076
35.7879,27.9424,7.02381,12.8159,84,77,81,2600,2800,0.479626,33,11.0105,0,0,4582,281834537459
43.5907,22.9407,6.98254,9.833,84,74,82,2487,2800,0.479626,35,11.0127,0,0,4586,281857473184
35.0871,28.5005,6.98254,9.833,84,74,82,2487,2800,0.479626,35,11.0127,0,0,4586,281885974251
41.2818,24.2237,6.98254,9.833,84,74,82,2487,2800,0.479626,35,11.0127,0,0,4586,281910203291
38.1465,26.2148,6.98254,9.833,84,74,82,2487,2800,0.479626,35,11.0127,0,0,4586,281936419712
38.7807,25.786,6.98254,9.833,84,74,82,2487,2800,0.479626,35,11.0127,0,0,4586,281962205519
35.2267,28.3876,6.98254,9.833,84,74,82,2487,2800,0.479626,35,11.0127,0,0,4586,281990593615
32.2254,31.0314,6.98254,9.833,84,74,82,2487,2800,0.479626,35,11.0127,0,0,4586,282021627461
37.915,26.3748,6.98254,9.833,84,74,82,2487,2800,0.479626,35,11.0127,0,0,4586,282048003280
31.4137,31.8333,6.98254,9.833,84,74,82,2487,2800,0.479626,35,11.0127,0,0,4586,282079838141
30.5413,32.7426,6.98254,9.833,84,74,82,2487,2800,0.479626,35,11.0127,0,0,4586,282112582151
31.5817,31.6639,6.98254,9.833,84,74,82,2487,2800,0.479626,35,11.0127,0,0,4586,282144248778
31.0341,32.2226,6.98254,9.833,84,74,82,2487,2800,0.479626,35,11.0127,0,0,4586,282176471644
29.2067,34.2388,6.98254,9.833,84,74,82,2487,2800,0.479626,35,11.0127,0,0,4586,282210713721
32.3466,30.9152,6.98254,9.833,84,74,82,2487,2800,0.479626,35,11.0127,0,0,4586,282241628053
32.282,30.977,6.98254,9.833,84,74,82,2487,2800,0.479626,35,11.0127,0,0,4586,282272607207
32.7337,30.5496,6.98254,9.833,84,74,82,2487,2800,0.479626,35,11.0127,0,0,4586,282303157601
33.7939,29.5911,6.98254,9.833,84,74,82,2487,2800,0.479626,35,11.0127,0,0,4586,282332753061
32.3426,30.9189,6.98254,9.833,84,74,82,2487,2800,0.479626,35,11.0127,0,0,4586,282363675158
32.8446,30.4464,7.36342,12.1204,83,70,82,2600,2800,0.479626,32,11.0125,0,0,4607,282394117810
31.366,31.8816,7.36342,12.1204,83,70,82,2600,2800,0.479626,32,11.0125,0,0,4607,282426002836
31.4048,31.8423,7.36342,12.1204,83,70,82,2600,2800,0.479626,32,11.0125,0,0,4607,282457847065
30.4441,32.8471,7.36342,12.1204,83,70,82,2600,2800,0.479626,32,11.0125,0,0,4607,282490695729
28.9281,34.5685,7.36342,12.1204,83,70,82,2600,2800,0.479626,32,11.0125,0,0,4607,282525266039
34.7877,28.7458,7.36342,12.1204,83,70,82,2600,2800,0.479626,32,11.0125,0,0,4607,282554034495
28.4647,35.1313,7.36342,12.1204,83,70,82,2600,2800,0.479626,32,11.0125,0,0,4607,282589152256
29.2213,34.2216,7.36342,12.1204,83,70,82,2600,2800,0.479626,32,11.0125,0,0,4607,282623385065
29.3491,34.0725,7.36342,12.1204,83,70,82,2600,2800,0.479626,32,11.0125,0,0,4607,282657450021
28.8891,34.6152,7.36342,12.1204,83,70,82,2600,2800,0.479626,32,11.0125,0,0,4607,282692066055
30.7031,32.57,7.36342,12.1204,83,70,82,2600,2800,0.479626,32,11.0125,0,0,4607,282724638364
31.5603,31.6854,7.36342,12.1204,83,70,82,2600,2800,0.479626,32,11.0125,0,0,4607,282756324708
29.1014,34.3626,7.36342,12.1204,83,70,82,2600,2800,0.479626,32,11.0125,0,0,4607,282790688211
33.6713,29.6989,7.36342,12.1204,83,70,82,2600,2800,0.479626,32,11.0125,0,0,4607,282820396723
29.3227,34.1032,7.36342,12.1204,83,70,82,2600,2800,0.479626,32,11.0125,0,0,4607,282854494860
32.8365,30.4539,7.36342,12.1204,83,70,82,2600,2800,0.479626,32,11.0125,0,0,4607,282884952060
28.227,35.427,13.6473,10.0299,82,70,79,2553,2800,0.479626,37,11.0067,0,0,4594,282920391852
31.897,31.3509,13.6473,10.0299,82,70,79,2553,2800,0.479626,37,11.0067,0,0,4594,282951735557
31.8992,31.3487,13.6473,10.0299,82,70,79,2553,2800,0.479626,37,11.0067,0,0,4594,282983085102
31.1859,32.0658,13.6473,10.0299,82,70,79,2553,2800,0.479626,37,11.0067,0,0,4594,283015151166
31.0553,32.2006,13.6473,10.0299,82,70,79,2553,2800,0.479626,37,11.0067,0,0,4594,283047353063
30.0676,33.2584,13.6473,10.0299,82,70,79,2553,2800,0.479626,37,11.0067,0,0,4594,283080613105
30.8756,32.388,13.6473,10.0299,82,70,79,2553,2800,0.479626,37,11.0067,0,0,4594,283113005127
30.7374,32.5336,13.6473,10.0299,82,70,79,2553,2800,0.479626,37,11.0067,0,0,4594,283145537722
30.535,32.7493,13.6473,10.0299,82,70,79,2553,2800,0.479626,37,11.0067,0,0,4594,283178289295
30.8606,32.4037,13.6473,10.0299,82,70,79,2553,2800,0.479626,37,11.0067,0,0,4594,283210695884
31.322,31.9264,13.6473,10.0299,82,70,79,2553,2800,0.479626,37,11.0067,0,0,4594,283242622437
31.9003,31.3477,13.6473,10.0299,82,70,79,2553,2800,0.479626,37,11.0067,0,0,4594,283273971081
31.7869,31.4595,13.6473,10.0299,82,70,79,2553,2800,0.479626,37,11.0067,0,0,4594,283305431083
30.8823,32.3811,13.6473,10.0299,82,70,79,2553,2800,0.479626,37,11.0067,0,0,4594,283337817123
29.8535,33.497,13.6473,10.0299,82,70,79,2553,2800,0.479626,37,11.0067,0,0,4594,283371312435
30.0697,33.2561,13.6473,10.0299,82,70,79,2553,2800,0.479626,37,11.0067,0,0,4594,283404573169
30.7537,32.5164,7.63636,12.4457,83,77,79,800,2800,0.479626,29,11.0072,0,0,4584,283437087430
32.0904,31.1619,7.63636,12.4457,83,77,79,800,2800,0.479626,29,11.0072,0,0,4584,283468251990
31.2305,32.02,7.63636,12.4457,83,77,79,800,2800,0.479626,29,11.0072,0,0,4584,283500274031
29.4025,34.0107,7.63636,12.4457,83,77,79,800,2800,0.479626,29,11.0072,0,0,4584,283534286508
30.5973,32.6827,7.63636,12.4457,83,77,79,800,2800,0.479626,29,11.0072,0,0,4584,283566969975
30.4947,32.7926,7.63636,12.4457,83,77,79,800,2800,0.479626,29,11.0072,0,0,4584,283599763176
30.7198,32.5523,7.63636,12.4457,83,77,79,800,2800,0.479626,29,11.0072,0,0,4584,283632318072
30.0408,33.288,7.63636,12.4457,83,77,79,800,2800,0.479626,29,11.0072,0,0,4584,283665606748
28.9929,34.4912,7.63636,12.4457,83,77,79,800,2800,0.479626,29,11.0072,0,0,4584,283700100414
29.8481,33.503,7.63636,12.4457,83,77,79,800,2800,0.479626,29,11.0072,0,0,4584,283733602909
29.5986,33.7853,7.63636,12.4457,83,77,79,800,2800,0.479626,29,11.0072,0,0,4584,283767391289
29.6361,33.7426,7.63636,12.4457,83,77,79,800,2800,0.479626,29,11.0072,0,0,4584,283801134754
29.7891,33.5693,7.63636,12.4457,83,77,79,800,2800,0.479626,29,11.0072,0,0,4584,283834704595
29.9077,33.4363,7.63636,12.4457,83,77,79,800,2800,0.479626,29,11.0072,0,0,4584,283868141438
30.3837,32.9124,7.63636,12.4457,83,77,79,800,2800,0.479626,29,11.0072,0,0,4584,283901055976
30.369,32.9284,7.63636,12.4457,83,77,79,800,2800,0.479626,29,11.0072,0,0,4584,283933990170
30.9196,32.342,7.49108,14.1946,83,76,80,2586,2800,0.479626,30,11.0071,0,0,4581,283966329624
30.8574,32.4071,7.49108,14.1946,83,76,80,2586,2800,0.479626,30,11.0071,0,0,4581,283998738718
30.1882,33.1255,7.49108,14.1946,83,76,80,2586,2800,0.479626,30,11.0071,0,0,4581,284031864770
29.6883,33.6833,7.49108,14.1946,83,76,80,2586,2800,0.479626,30,11.0071,0,0,4581,284065548404
29.9019,33.4427,7.49108,14.1946,83,76,80,2586,2800,0.479626,30,11.0071,0,0,4581,284098993231
29.8978,33.4473,7.49108,14.1946,83,76,80,2586,2800,0.479626,30,11.0071,0,0,4581,284132441375
30.9516,32.3085,7.49108,14.1946,83,76,80,2586,2800,0.479626,30,11.0071,0,0,4581,284164750362
29.8884,33.4578,7.49108,14.1946,83,76,80,2586,2800,0.479626,30,11.0071,0,0,4581,284198211541
29.6542,33.722,7.49108,14.1946,83,76,80,2586,2800,0.479626,30,11.0071,0,0,4581,284231933957
30.48,32.8083,7.49108,14.1946,83,76,80,2586,2800,0.479626,30,11.0071,0,0,4581,284264742817
30.0586,33.2684,7.49108,14.1946,83,76,80,2586,2800,0.479626,30,11.0071,0,0,4581,284298012928
30.6394,32.6377,7.49108,14.1946,83,76,80,2586,2800,0.479626,30,11.0071,0,0,4581,284330650920
29.6858,33.6861,7.49108,14.1946,83,76,80,2586,2800,0.479626,30,11.0071,0,0,4581,284364338040
28.9162,34.5827,7.49108,14.1946,83,76,80,2586,2800,0.479626,30,11.0071,0,0,4581,284398921474
30.62,32.6583,7.49108,14.1946,83,76,80,2586,2800,0.479626,30,11.0071,0,0,4581,284431581897
29.8078,33.5482,7.49108,14.1946,83,76,80,2586,2800,0.479626,30,11.0071,0,0,4581,284465140056
28.0697,35.6256,8.03783,13.2334,82,72,80,2218,2800,0.479626,33,11.0065,0,0,4606,284500759083
29.8522,33.4983,8.03783,13.2334,82,72,80,2218,2800,0.479626,33,11.0065,0,0,4606,284534258583
30.2712,33.0347,8.03783,13.2334,82,72,80,2218,2800,0.479626,33,11.0065,0,0,4606,284567295199
32.5305,30.7404,8.03783,13.2334,82,72,80,2218,2800,0.479626,33,11.0065,0,0,4606,284598036559
31.2696,31.98,8.03783,13.2334,82,72,80,2218,2800,0.479626,33,11.0065,0,0,4606,284630018595
28.1327,35.5458,8.03783,13.2334,82,72,80,2218,2800,0.479626,33,11.0065,0,0,4606,284665566820
33.0187,30.2859,8.03783,13.2334,82,72,80,2218,2800,0.479626,33,11.0065,0,0,4606,284695854934
31.1731,32.0789,8.03783,13.2334,82,72,80,2218,2800,0.479626,33,11.0065,0,0,4606,284727934452
31.9441,31.3047,8.03783,13.2334,82,72,80,2218,2800,0.479626,33,11.0065,0,0,4606,284759240887
32.1082,31.1447,8.03783,13.2334,82,72,80,2218,2800,0.479626,33,11.0065,0,0,4606,284790387534
32.5871,30.687,8.03783,13.2334,82,72,80,2218,2800,0.479626,33,11.0065,0,0,4606,284821076005
32.4538,30.813,8.03783,13.2334,82,72,80,2218,2800,0.479626,33,11.0065,0,0,4606,284851890912
31.271,31.9785,8.03783,13.2334,82,72,80,2218,2800,0.479626,33,11.0065,0,0,4606,284883871075
32.9965,30.3062,8.03783,13.2334,82,72,80,2218,2800,0.479626,33,11.0065,0,0,4606,284914180038
32.2325,31.0246,8.03783,13.2334,82,72,80,2218,2800,0.479626,33,11.0065,0,0,4606,284945206760
34.4955,28.9893,8.03783,13.2334,82,72,80,2218,2800,0.479626,33,11.0065,0,0,4606,284974203302
33.6441,29.7229,13.9679,11.7717,82,73,78,2600,2800,0.479626,33,11.0275,0,0,4582,285003925249
32.9599,30.3399,13.9679,11.7717,82,73,78,2600,2800,0.479626,33,11.0275,0,0,4582,285034264648
32.0129,31.2374,13.9679,11.7717,82,73,78,2600,2800,0.479626,33,11.0275,0,0,4582,285065503547
34.6013,28.9006,13.9679,11.7717,82,73,78,2600,2800,0.479626,33,11.0275,0,0,4582,285094407857
34.9273,28.6309,13.9679,11.7717,82,73,78,2600,2800,0.479626,33,11.0275,0,0,4582,285123041711
30.7789,32.4897,13.9679,11.7717,82,73,78,2600,2800,0.479626,33,11.0275,0,0,4582,285155531977
30.847,32.4181,13.9679,11.7717,82,73,78,2600,2800,0.479626,33,11.0275,0,0,4582,285187951109
31.2535,31.9964,13.9679,11.7717,82,73,78,2600,2800,0.479626,33,11.0275,0,0,4582,285219948324
39.0002,25.6409,13.9679,11.7717,82,73,78,2600,2800,0.479626,33,11.0275,0,0,4582,285245592577
41.0907,24.3364,13.9679,11.7717,82,73,78,2600,2800,0.479626,33,11.0275,0,0,4582,285269929238
35.4486,28.2099,13.9679,11.7717,82,73,78,2600,2800,0.479626,33,11.0275,0,0,4582,285298142728
40.9164,24.4401,13.9679,11.7717,82,73,78,2600,2800,0.479626,33,11.0275,0,0,4582,285322584335
38.623,25.8913,13.9679,11.7717,82,73,78,2600,2800,0.479626,33,11.0275,0,0,4582,285348477302
39.7619,25.1497,13.9679,11.7717,82,73,78,2600,2800,0.479626,33,11.0275,0,0,4582,285373628975
36.2772,27.5655,13.9679,11.7717,82,73,78,2600,2800,0.479626,33,11.0275,0,0,4582,285401197019
37.1594,26.9111,13.9679,11.7717,82,73,78,2600,2800,0.479626,33,11.0275,0,0,4582,285428106915
38.5819,25.9189,13.9679,11.7717,82,73,78,2600,2800,0.479626,33,11.0275,0,0,4582,285454027774
37.2814,26.823,13.9679,11.7717,82,73,78,2600,2800,0.479626,33,11.0275,0,0,4582,285480858332
39.1877,25.5182,7.83582,13.9577,81,78,78,2499,2800,0.479626,30,11.0266,0,0,4610,285506371380
36.5832,27.335,7.83582,13.9577,81,78,78,2499,2800,0.479626,30,11.0266,0,0,4610,285533709785
35.1301,28.4656,7.83582,13.9577,81,78,78,2499,2800,0.479626,30,11.0266,0,0,4610,285562177290
38.9919,25.6464,7.83582,13.9577,81,78,78,2499,2800,0.479626,30,11.0266,0,0,4610,285587824909
37.572,26.6156,7.83582,13.9577,81,78,78,2499,2800,0.479626,30,11.0266,0,0,4610,285614442118
38.3223,26.0944,7.83582,13.9577,81,78,78,2499,2800,0.479626,30,11.0266,0,0,4610,285640538064
36.3168,27.5355,7.83582,13.9577,81,78,78,2499,2800,0.479626,30,11.0266,0,0,4610,285668073948
34.6411,28.8675,7.83582,13.9577,81,78,78,2499,2800,0.479626,30,11.0266,0,0,4610,285696944986
39.6363,25.2294,7.83582,13.9577,81,78,78,2499,2800,0.479626,30,11.0266,0,0,4610,285722176208
38.6577,25.868,7.83582,13.9577,81,78,78,2499,2800,0.479626,30,11.0266,0,0,4610,285748044859
36.0765,27.7189,7.83582,13.9577,81,78,78,2499,2800,0.479626,30,11.0266,0,0,4610,285775766440
36.5911,27.329,7.83582,13.9577,81,78,78,2499,2800,0.479626,30,11.0266,0,0,4610,285803097583
33.7849,29.599,7.83582,13.9577,81,78,78,2499,2800,0.479626,30,11.0266,0,0,4610,285832696790
41.4776,24.1094,7.83582,13.9577,81,78,78,2499,2800,0.479626,30,11.0266,0,0,4610,285856809623
35.9926,27.7835,7.83582,13.9577,81,78,78,2499,2800,0.479626,30,11.0266,0,0,4610,285884592740
34.6222,28.8832,7.83582,13.9577,81,78,78,2499,2800,0.479626,30,11.0266,0,0,4610,285913480629
39.1503,25.5426,7.83582,13.9577,81,78,78,2499,2800,0.479626,30,11.0266,0,0,4610,285939022640
34.6154,28.8889,7.83582,13.9577,81,78,78,2499,2800,0.479626,30,11.0266,0,0,4610,285967912463
34.3016,29.1532,7.83582,13.9577,81,78,78,2499,2800,0.479626,30,11.0266,0,0,4610,285997072310
39.8036,25.1234,7.67357,15.1313,81,75,79,2462,2800,0.479626,28,11.0253,0,0,4616,286022193115
36.754,27.2079,7.67357,15.1313,81,75,79,2462,2800,0.479626,28,11.0253,0,0,4616,286049401278
35.9434,27.8215,7.67357,15.1313,81,75,79,2462,2800,0.479626,28,11.0253,0,0,4616,286077223407
36.3467,27.5128,7.67357,15.1313,81,75,79,2462,2800,0.479626,28,11.0253,0,0,4616,286104735347
33.6798,29.6914,7.67357,15.1313,81,75,79,2462,2800,0.479626,28,11.0253,0,0,4616,286134428149
35.5398,28.1375,7.67357,15.1313,81,75,79,2462,2800,0.479626,28,11.0253,0,0,4616,286162568222
36.9509,27.063,7.67357,15.1313,81,75,79,2462,2800,0.479626,28,11.0253,0,0,4616,286189631083
37.0169,27.0147,7.67357,15.1313,81,75,79,2462,2800,0.479626,28,11.0253,0,0,4616,286216647548
32.8243,30.4653,7.67357,15.1313,81,75,79,2462,2800,0.479626,28,11.0253,0,0,4616,286247113423
36.4324,27.4481,7.67357,15.1313,81,75,79,2462,2800,0.479626,28,11.0253,0,0,4616,286274562917
35.3936,28.2537,7.67357,15.1313,81,75,79,2462,2800,0.479626,28,11.0253,0,0,4616,286302818485
33.9982,29.4133,7.67357,15.1313,81,75,79,2462,2800,0.479626,28,11.0253,0,0,4616,286332236314
38.2802,26.1232,7.67357,15.1313,81,75,79,2462,2800,0.479626,28,11.0253,0,0,4616,286358356645
33.8626,29.5311,7.67357,15.1313,81,75,79,2462,2800,0.479626,28,11.0253,0,0,4616,286387890491
36.3017,27.5469,7.67357,15.1313,81,75,79,2462,2800,0.479626,28,11.0253,0,0,4616,286415437145
35.263,28.3583,7.67357,15.1313,81,75,79,2462,2800,0.479626,28,11.0253,0,0,4616,286443796407
34.8062,28.7305,7.67357,15.1313,81,75,79,2462,2800,0.479626,28,11.0253,0,0,4616,286472529628
30.3824,32.9138,7.67357,15.1313,81,75,79,2462,2800,0.479626,28,11.0253,0,0,4616,286505449896
30.8892,32.3738,8.75462,13.8354,82,73,80,2297,2800,0.479626,31,11.0224,0,0,4307,286537821680
32.5202,30.7501,8.75462,13.8354,82,73,80,2297,2800,0.479626,31,11.0224,0,0,4307,286568571235
33.5364,29.8184,8.75462,13.8354,82,73,80,2297,2800,0.479626,31,11.0224,0,0,4307,286598391375
36.6978,27.2496,8.75462,13.8354,82,73,80,2297,2800,0.479626,31,11.0224,0,0,4307,286625642688
34.1131,29.3143,8.75462,13.8354,82,73,80,2297,2800,0.479626,31,11.0224,0,0,4307,286654956272
34.8612,28.6852,8.75462,13.8354,82,73,80,2297,2800,0.479626,31,11.0224,0,0,4307,286683645440
32.0765,31.1755,8.75462,13.8354,82,73,80,2297,2800,0.479626,31,11.0224,0,0,4307,286714821592
37.975,26.3331,8.75462,13.8354,82,73,80,2297,2800,0.479626,31,11.0224,0,0,4307,286741156735
32.9092,30.3866,8.75462,13.8354,82,73,80,2297,2800,0.479626,31,11.0224,0,0,4307,286771544795
31.4614,31.785,8.75462,13.8354,82,73,80,2297,2800,0.479626,31,11.0224,0,0,4307,286803332919
34.0622,29.358,8.75462,13.8354,82,73,80,2297,2800,0.479626,31,11.0224,0,0,4307,286832690095
38.4165,26.0305,8.75462,13.8354,82,73,80,2297,2800,0.479626,31,11.0224,0,0,4307,286858724105
34.3262,29.1323,8.75462,13.8354,82,73,80,2297,2800,0.479626,31,11.0224,0,0,4307,286887855308
34.1051,29.3211,8.75462,13.8354,82,73,80,2297,2800,0.479626,31,11.0224,0,0,4307,286917179973
36.4895,27.4051,8.75462,13.8354,82,73,80,2297,2800,0.479626,31,11.0224,0,0,4307,286944586596
34.1368,29.2939,8.75462,13.8354,82,73,80,2297,2800,0.479626,31,11.0224,0,0,4307,286973882918
33.8274,29.5618,8.75462,13.8354,82,73,80,2297,2800,0.479626,31,11.0224,0,0,4307,287003445166
34.3645,29.0998,8.75462,13.8354,82,73,80,2297,2800,0.479626,31,11.0224,0,0,4307,287032552455
37.9817,26.3285,12.0669,11.2267,83,73,79,2600,2800,0.479626,33,11.026,0,0,4567,287058880013
32.6959,30.5848,12.0669,11.2267,83,73,79,2600,2800,0.479626,33,11.026,0,0,4567,287089464981
36.7203,27.2329,12.0669,11.2267,83,73,79,2600,2800,0.479626,33,11.026,0,0,4567,287116699223
38.6409,25.8793,12.0669,11.2267,83,73,79,2600,2800,0.479626,33,11.026,0,0,4567,287142581099
34.3778,29.0886,12.0669,11.2267,83,73,79,2600,2800,0.479626,33,11.026,0,0,4567,287171673029
34.4734,29.0079,12.0669,11.2267,83,73,79,2600,2800,0.479626,33,11.026,0,0,4567,287200681984
35.2951,28.3325,12.0669,11.2267,83,73,79,2600,2800,0.479626,33,11.026,0,0,4567,287229013585
36.5572,27.3544,12.0669,11.2267,83,73,79,2600,2800,0.479626,33,11.026,0,0,4567,287256370575
35.9887,27.7865,12.0669,11.2267,83,73,79,2600,2800,0.479626,33,11.026,0,0,4567,287284159863
36.7644,27.2002,12.0669,11.2267,83,73,79,2600,2800,0.479626,33,11.026,0,0,4567,287311359239
35.5865,28.1005,12.0669,11.2267,83,73,79,2600,2800,0.479626,33,11.026,0,0,4567,287339462574
32.7878,30.4992,12.0669,11.2267,83,73,79,2600,2800,0.479626,33,11.026,0,0,4567,287369962022
34.1274,29.302,12.0669,11.2267,83,73,79,2600,2800,0.479626,33,11.026,0,0,4567,287399265236
34.4267,29.0472,12.0669,11.2267,83,73,79,2600,2800,0.479626,33,11.026,0,0,4567,287428316791
34.8105,28.727,12.0669,11.2267,83,73,79,2600,2800,0.479626,33,11.026,0,0,4567,287457042527
32.4302,30.8354,12.0669,11.2267,83,73,79,2600,2800,0.479626,33,11.026,0,0,4567,287487883774
32.0486,31.2026,12.0669,11.2267,83,73,79,2600,2800,0.479626,33,11.026,0,0,4567,287519088228
36.6576,27.2795,12.0669,11.2267,83,73,79,2600,2800,0.479626,33,11.026,0,0,4567,287546371822
36.083,27.7139,7.95594,14.3484,83,77,79,2455,2800,0.479626,33,11.0237,0,0,4602,287574081892
34.7103,28.8099,7.95594,14.3484,83,77,79,2455,2800,0.479626,33,11.0237,0,0,4602,287602893639
35.126,28.4689,7.95594,14.3484,83,77,79,2455,2800,0.479626,33,11.0237,0,0,4602,287631364158
38.3291,26.0899,7.95594,14.3484,83,77,79,2455,2800,0.479626,33,11.0237,0,0,4602,287657453602
34.4471,29.03,7.95594,14.3484,83,77,79,2455,2800,0.479626,33,11.0237,0,0,4602,287686484849
36.0079,27.7717,7.95594,14.3484,83,77,79,2455,2800,0.479626,33,11.0237,0,0,4602,287714256875
37.0187,27.0134,7.95594,14.3484,83,77,79,2455,2800,0.479626,33,11.0237,0,0,4602,287741273760
33.7835,29.6002,7.95594,14.3484,83,77,79,2455,2800,0.479626,33,11.0237,0,0,4602,287770872767
31.8776,31.37,7.95594,14.3484,83,77,79,2455,2800,0.479626,33,11.0237,0,0,4602,287802246638
31.7108,31.535,7.95594,14.3484,83,77,79,2455,2800,0.479626,33,11.0237,0,0,4602,287833783233
34.22,29.2227,7.95594,14.3484,83,77,79,2455,2800,0.479626,33,11.0237,0,0,4602,287863004574
33.9642,29.4428,7.95594,14.3484,83,77,79,2455,2800,0.479626,33,11.0237,0,0,4602,287892452048
32.7944,30.493,7.95594,14.3484,83,77,79,2455,2800,0.479626,33,11.0237,0,0,4602,287922947860
35.7864,27.9436,7.95594,14.3484,83,77,79,2455,2800,0.479626,33,11.0237,0,0,4602,287950891786
35.5299,28.1453,7.95594,14.3484,83,77,79,2455,2800,0.479626,33,11.0237,0,0,4602,287979037820
35.3626,28.2785,7.95594,14.3484,83,77,79,2455,2800,0.479626,33,11.0237,0,0,4602,288007317554
32.8171,30.4719,7.95594,14.3484,83,77,79,2455,2800,0.479626,33,11.0237,0,0,4602,288037790292
33.5517,29.8047,7.95594,14.3484,83,77,79,2455,2800,0.479626,33,11.0237,0,0,4602,288067598119
36.4579,27.4289,7.85024,10.9349,82,75,79,800,2800,0.479626,28,11.0238,0,0,4597,288095024920
35.0657,28.5179,7.85024,10.9349,82,75,79,800,2800,0.479626,28,11.0238,0,0,4597,288123549801
33.331,30.0021,7.85024,10.9349,82,75,79,800,2800,0.479626,28,11.0238,0,0,4597,288153563452
34.2709,29.1793,7.85024,10.9349,82,75,79,800,2800,0.479626,28,11.0238,0,0,4597,288182736453
38.7438,25.8106,7.85024,10.9349,82,75,79,800,2800,0.479626,28,11.0238,0,0,4597,288208550423
33.9757,29.4328,7.85024,10.9349,82,75,79,800,2800,0.479626,28,11.0238,0,0,4597,288237986756
33.1294,30.1847,7.85024,10.9349,82,75,79,800,2800,0.479626,28,11.0238,0,0,4597,288268169854
36.5725,27.343,7.85024,10.9349,82,75,79,800,2800,0.479626,28,11.0238,0,0,4597,288295515884
35.8148,27.9214,7.85024,10.9349,82,75,79,800,2800,0.479626,28,11.0238,0,0,4597,288323437368
33.3221,30.0101,7.85024,10.9349,82,75,79,800,2800,0.479626,28,11.0238,0,0,4597,288353449537
36.7102,27.2404,7.85024,10.9349,82,75,79,800,2800,0.479626,28,11.0238,0,0,4597,288380690851
36.2096,27.617,7.85024,10.9349,82,75,79,800,2800,0.479626,28,11.0238,0,0,4597,288408311624
33.0427,30.2638,7.85024,10.9349,82,75,79,800,2800,0.479626,28,11.0238,0,0,4597,288438584069
33.48,29.8686,7.85024,10.9349,82,75,79,800,2800,0.479626,28,11.0238,0,0,4597,288468445235
31.3331,31.9151,7.85024,10.9349,82,75,79,800,2800,0.479626,28,11.0238,0,0,4597,288500363953
32.2313,31.0257,7.85024,10.9349,82,75,79,800,2800,0.479626,28,11.0238,0,0,4597,288531391598
35.0645,28.5188,7.85024,10.9349,82,75,79,800,2800,0.479626,28,11.0238,0,0,4597,288559911049
33.27,30.0571,7.85024,10.9349,82,75,79,800,2800,0.479626,28,11.0238,0,0,4597,288589973090
32.3959,30.8681,10.0962,13.859,82,73,80,2387,2800,0.479626,30,11.0354,0,0,4216,288620841087
33.5351,29.8195,10.0962,13.859,82,73,80,2387,2800,0.479626,30,11.0354,0,0,4216,288650659083
31.4035,31.8435,10.0962,13.859,82,73,80,2387,2800,0.479626,30,11.0354,0,0,4216,288682504554
32.8335,30.4567,10.0962,13.859,82,73,80,2387,2800,0.479626,30,11.0354,0,0,4216,288712963917
32.8557,30.4362,10.0962,13.859,82,73,80,2387,2800,0.479626,30,11.0354,0,0,4216,288743401179
35.3651,28.2765,10.0962,13.859,82,73,80,2387,2800,0.479626,30,11.0354,0,0,4216,288771680462
32.003,31.2471,10.0962,13.859,82,73,80,2387,2800,0.479626,30,11.0354,0,0,4216,288802926925
31.1524,32.1002,10.0962,13.859,82,73,80,2387,2800,0.479626,30,11.0354,0,0,4216,288835029236
35.3238,28.3095,10.0962,13.859,82,73,80,2387,2800,0.479626,30,11.0354,0,0,4216,288863340058
36.6226,27.3056,10.0962,13.859,82,73,80,2387,2800,0.479626,30,11.0354,0,0,4216,288890647526
32.5122,30.7577,10.0962,13.859,82,73,80,2387,2800,0.479626,30,11.0354,0,0,4216,288921408142
35.7734,27.9537,10.0962,13.859,82,73,80,2387,2800,0.479626,30,11.0354,0,0,4216,288949361776
32.9019,30.3934,10.0962,13.859,82,73,80,2387,2800,0.479626,30,11.0354,0,0,4216,288979756118
35.3054,28.3243,10.0962,13.859,82,73,80,2387,2800,0.479626,30,11.0354,0,0,4216,289008081337
33.2666,30.0602,10.0962,13.859,82,73,80,2387,2800,0.479626,30,11.0354,0,0,4216,289038142366
32.4958,30.7733,10.0962,13.859,82,73,80,2387,2800,0.479626,30,11.0354,0,0,4216,289068916628
32.074,31.1779,10.0962,13.859,82,73,80,2387,2800,0.479626,30,11.0354,0,0,4216,289100098911
35.1345,28.4621,10.9606,11.8824,83,73,79,2424,2800,0.479626,33,11.036,0,0,4595,289128560183
34.8247,28.7153,10.9606,11.8824,83,73,79,2424,2800,0.479626,33,11.036,0,0,4595,289157277273
32.3769,30.8862,10.9606,11.8824,83,73,79,2424,2800,0.479626,33,11.036,0,0,4595,289188162822
32.9507,30.3484,10.9606,11.8824,83,73,79,2424,2800,0.479626,33,11.036,0,0,4595,289218513743
35.5406,28.1368,10.9606,11.8824,83,73,79,2424,2800,0.479626,33,11.036,0,0,4595,289246650620
35.7072,28.0055,10.9606,11.8824,83,73,79,2424,2800,0.479626,33,11.036,0,0,4595,289274658025
32.4366,30.8294,10.9606,11.8824,83,73,79,2424,2800,0.479626,33,11.036,0,0,4595,289305486798
32.7376,30.5459,10.9606,11.8824,83,73,79,2424,2800,0.479626,33,11.036,0,0,4595,289336034747
32.3776,30.8855,10.9606,11.8824,83,73,79,2424,2800,0.479626,33,11.036,0,0,4595,289366922681
35.6439,28.0553,10.9606,11.8824,83,73,79,2424,2800,0.479626,33,11.036,0,0,4595,289394978376
35.3083,28.322,10.9606,11.8824,83,73,79,2424,2800,0.479626,33,11.036,0,0,4595,289423300238
33.0064,30.2971,10.9606,11.8824,83,73,79,2424,2800,0.479626,33,11.036,0,0,4595,289453599703
33.1903,30.1293,10.9606,11.8824,83,73,79,2424,2800,0.479626,33,11.036,0,0,4595,289483729851
33.1797,30.1389,10.9606,11.8824,83,73,79,2424,2800,0.479626,33,11.036,0,0,4595,289513870490
35.2684,28.354,10.9606,11.8824,83,73,79,2424,2800,0.479626,33,11.036,0,0,4595,289542224943
32.7524,30.5321,10.9606,11.8824,83,73,79,2424,2800,0.479626,33,11.036,0,0,4595,289572758975
33.83,29.5596,10.9606,11.8824,83,73,79,2424,2800,0.479626,33,11.036,0,0,4595,289602322646
32.491,30.7777,7.5188,12.7269,83,79,80,2208,2800,0.479626,33,11.0322,0,0,4608,289633097469
30.8941,32.3687,7.5188,12.7269,83,79,80,2208,2800,0.479626,33,11.0322,0,0,4608,289665466808
30.9215,32.34,7.5188,12.7269,83,79,80,2208,2800,0.479626,33,11.0322,0,0,4608,289697808256
34.3942,29.0747,7.5188,12.7269,83,79,80,2208,2800,0.479626,33,11.0322,0,0,4608,289726882833
30.7337,32.5376,7.5188,12.7269,83,79,80,2208,2800,0.479626,33,11.0322,0,0,4608,289759426038
29.275,34.1589,7.5188,12.7269,83,79,80,2208,2800,0.479626,33,11.0322,0,0,4608,289793585520
35.9025,27.8532,7.5188,12.7269,83,79,80,2208,2800,0.479626,33,11.0322,0,0,4608,289821438376
36.2316,27.6002,7.5188,12.7269,83,79,80,2208,2800,0.479626,33,11.0322,0,0,4608,289849043460
38.5911,25.9127,7.5188,12.7269,83,79,80,2208,2800,0.479626,33,11.0322,0,0,4608,289874954501
35.9708,27.8003,7.5188,12.7269,83,79,80,2208,2800,0.479626,33,11.0322,0,0,4608,289902755941
38.5098,25.9674,7.5188,12.7269,83,79,80,2208,2800,0.479626,33,11.0322,0,0,4608,289928726824
38.457,26.0031,7.5188,12.7269,83,79,80,2208,2800,0.479626,33,11.0322,0,0,4608,289954730448
37.4988,26.6675,7.5188,12.7269,83,79,80,2208,2800,0.479626,33,11.0322,0,0,4608,289981400526
42.2394,23.6746,7.5188,12.7269,83,79,80,2208,2800,0.479626,33,11.0322,0,0,4608,290005078417
34.9602,28.6039,7.5188,12.7269,83,79,80,2208,2800,0.479626,33,11.0322,0,0,4608,290033680612
40.0601,24.9625,7.5188,12.7269,83,79,80,2208,2800,0.479626,33,11.0322,0,0,4608,290058646358
36.2044,27.621,7.5188,12.7269,83,79,80,2208,2800,0.479626,33,11.0322,0,0,4608,290086268794
40.8902,24.4558,7.5188,12.7269,83,79,80,2208,2800,0.479626,33,11.0322,0,0,4608,290110732623
36.6788,27.2637,8.04455,11.0752,83,74,80,2600,2800,0.479626,32,11.0288,0,0,4623,290137990488
39.7036,25.1866,8.04455,11.0752,83,74,80,2600,2800,0.479626,32,11.0288,0,0,4623,290163181745
39.4264,25.3637,8.04455,11.0752,83,74,80,2600,2800,0.479626,32,11.0288,0,0,4623,290188543871
36.8077,27.1682,8.04455,11.0752,83,74,80,2600,2800,0.479626,32,11.0288,0,0,4623,290215713281
40.8573,24.4755,8.04455,11.0752,83,74,80,2600,2800,0.479626,32,11.0288,0,0,4623,290240190936
33.8952,29.5027,8.04455,11.0752,83,74,80,2600,2800,0.479626,32,11.0288,0,0,4623,290269693492
30.2548,33.0526,8.04455,11.0752,83,74,80,2600,2800,0.479626,32,11.0288,0,0,4623,290302746559
31.0372,32.2194,8.04455,11.0752,83,74,80,2600,2800,0.479626,32,11.0288,0,0,4623,290334967451
30.5588,32.7238,8.04455,11.0752,83,74,80,2600,2800,0.479626,32,11.0288,0,0,4623,290367692946
30.847,32.418,8.04455,11.0752,83,74,80,2600,2800,0.479626,32,11.0288,0,0,4623,290400111748
31.6845,31.5611,8.04455,11.0752,83,74,80,2600,2800,0.479626,32,11.0288,0,0,4623,290431673159
32.0992,31.1534,8.04455,11.0752,83,74,80,2600,2800,0.479626,32,11.0288,0,0,4623,290462830726
30.2893,33.0149,8.04455,11.0752,83,74,80,2600,2800,0.479626,32,11.0288,0,0,4623,290495849418
29.2658,34.1696,8.04455,11.0752,83,74,80,2600,2800,0.479626,32,11.0288,0,0,4623,290530016644
29.5605,33.829,8.04455,11.0752,83,74,80,2600,2800,0.479626,32,11.0288,0,0,4623,290563846681
29.8828,33.464,8.04455,11.0752,83,74,80,2600,2800,0.479626,32,11.0288,0,0,4623,290597312098
27.7686,36.0119,8.04455,11.0752,83,74,80,2600,2800,0.479626,32,11.0288,0,0,4623,290633328447
28.1016,35.5851,9.43168,12.0877,82,72,77,2504,2800,0.479626,34,11.0291,0,0,4558,290668911537
28.6816,34.8655,9.43168,12.0877,82,72,77,2504,2800,0.479626,34,11.0291,0,0,4558,290703777368
28.2932,35.3441,9.43168,12.0877,82,72,77,2504,2800,0.479626,34,11.0291,0,0,4558,290739123155
26.8246,37.2792,9.43168,12.0877,82,72,77,2504,2800,0.479626,34,11.0291,0,0,4558,290776403324
26.5105,37.721,9.43168,12.0877,82,72,77,2504,2800,0.479626,34,11.0291,0,0,4558,290814127182
25.0093,39.9851,9.43168,12.0877,82,72,77,2504,2800,0.479626,34,11.0291,0,0,4558,290854112652
28.3629,35.2574,9.43168,12.0877,82,72,77,2504,2800,0.479626,34,11.0291,0,0,4558,290889371497
28.6582,34.8941,9.43168,12.0877,82,72,77,2504,2800,0.479626,34,11.0291,0,0,4558,290924266412
29.4249,33.9848,9.43168,12.0877,82,72,77,2504,2800,0.479626,34,11.0291,0,0,4558,290958254525
29.0032,34.479,9.43168,12.0877,82,72,77,2504,2800,0.479626,34,11.0291,0,0,4558,290992732401
29.2564,34.1805,9.43168,12.0877,82,72,77,2504,2800,0.479626,34,11.0291,0,0,4558,291026913935
28.9123,34.5873,9.43168,12.0877,82,72,77,2504,2800,0.479626,34,11.0291,0,0,4558,291061502568
27.1995,36.7654,9.43168,12.0877,82,72,77,2504,2800,0.479626,34,11.0291,0,0,4558,291098270220
28.8039,34.7176,9.43168,12.0877,82,72,77,2504,2800,0.479626,34,11.0291,0,0,4558,291132988215
29.846,33.5053,9.43168,12.0877,82,72,77,2504,2800,0.479626,34,11.0291,0,0,4558,291166498074
29.6433,33.7344,10.7438,14.2733,80,74,79,2591,2800,0.479626,33,11.0337,0,0,4597,291200229928
29.3234,34.1025,10.7438,14.2733,80,74,79,2591,2800,0.479626,33,11.0337,0,0,4597,291234334017
29.7856,33.5732,10.7438,14.2733,80,74,79,2591,2800,0.479626,33,11.0337,0,0,4597,291267907605
28.4328,35.1707,10.7438,14.2733,80,74,79,2591,2800,0.479626,33,11.0337,0,0,4597,291303080770
27.9106,35.8287,10.7438,14.2733,80,74,79,2591,2800,0.479626,33,11.0337,0,0,4597,291338912955
28.7657,34.7637,10.7438,14.2733,80,74,79,2591,2800,0.479626,33,11.0337,0,0,4597,291373676465
28.3232,35.3068,10.7438,14.2733,80,74,79,2591,2800,0.479626,33,11.0337,0,0,4597,291408984642
28.3942,35.2185,10.7438,14.2733,80,74,79,2591,2800,0.479626,33,11.0337,0,0,4597,291444206889
26.8148,37.2928,10.7438,14.2733,80,74,79,2591,2800,0.479626,33,11.0337,0,0,4597,291481500182
29.1529,34.3019,10.7438,14.2733,80,74,79,2591,2800,0.479626,33,11.0337,0,0,4597,291515801068
29.4996,33.8988,10.7438,14.2733,80,74,79,2591,2800,0.479626,33,11.0337,0,0,4597,291549701998
27.7568,36.0272,10.7438,14.2733,80,74,79,2591,2800,0.479626,33,11.0337,0,0,4597,291585731872
28.3288,35.2997,10.7438,14.2733,80,74,79,2591,2800,0.479626,33,11.0337,0,0,4597,291621031253
28.79,34.7343,10.7438,14.2733,80,74,79,2591,2800,0.479626,33,11.0337,0,0,4597,291655765789
29.0487,34.425,10.7438,14.2733,80,74,79,2591,2800,0.479626,33,11.0337,0,0,4597,291690194403
30.2533,33.0542,7.84077,12.9426,80,79,79,2594,2800,0.479626,32,11.0355,0,0,4603,291723247129
32.0896,31.1628,7.84077,12.9426,80,79,79,2594,2800,0.479626,32,11.0355,0,0,4603,291754411288
34.0401,29.3771,7.84077,12.9426,80,79,79,2594,2800,0.479626,32,11.0355,0,0,4603,291783791867
35.5328,28.143,7.84077,12.9426,80,79,79,2594,2800,0.479626,32,11.0355,0,0,4603,291811936248
31.0683,32.1872,7.84077,12.9426,80,79,79,2594,2800,0.479626,32,11.0355,0,0,4603,291844122656
33.9222,29.4792,7.84077,12.9426,80,79,79,2594,2800,0.479626,32,11.0355,0,0,4603,291873607520
33.188,30.1314,7.84077,12.9426,80,79,79,2594,2800,0.479626,32,11.0355,0,0,4603,291903738530
32.1435,31.1105,7.84077,12.9426,80,79,79,2594,2800,0.479626,32,11.0355,0,0,4603,291934851694
34.7502,28.7768,7.84077,12.9426,80,79,79,2594,2800,0.479626,32,11.0355,0,0,4603,291963627845
38.0248,26.2986,7.84077,12.9426,80,79,79,2594,2800,0.479626,32,11.0355,0,0,4603,291989928683
33.4552,29.8908,7.84077,12.9426,80,79,79,2594,2800,0.479626,32,11.0355,0,0,4603,292019820797
34.9488,28.6133,7.84077,12.9426,80,79,79,2594,2800,0.479626,32,11.0355,0,0,4603,292048434474
34.0625,29.3578,7.84077,12.9426,80,79,79,2594,2800,0.479626,32,11.0355,0,0,4603,292077793874
36.5539,27.3568,7.84077,12.9426,80,79,79,2594,2800,0.479626,32,11.0355,0,0,4603,292105154151
32.038,31.2129,7.84077,12.9426,80,79,79,2594,2800,0.479626,32,11.0355,0,0,4603,292136365428
34.2436,29.2025,7.84077,12.9426,80,79,79,2594,2800,0.479626,32,11.0355,0,0,4603,292165572773
38.0387,26.289,7.84077,12.9426,80,79,79,2594,2800,0.479626,32,11.0355,0,0,4603,292191866008
33.4763,29.8719,7.16981,14.7408,80,75,79,2600,2800,0.479626,26,11.0375,0,0,4597,292221734247
32.6746,30.6048,7.16981,14.7408,80,75,79,2600,2800,0.479626,26,11.0375,0,0,4597,292252340986
36.1116,27.6919,7.16981,14.7408,80,75,79,2600,2800,0.479626,26,11.0375,0,0,4597,292280033974
37.4785,26.682,7.16981,14.7408,80,75,79,2600,2800,0.479626,26,11.0375,0,0,4597,292306716655
33.6604,29.7085,7.16981,14.7408,80,75,79,2600,2800,0.479626,26,11.0375,0,0,4597,292336426970
32.4947,30.7743,7.16981,14.7408,80,75,79,2600,2800,0.479626,26,11.0375,0,0,4597,292367201372
38.7847,25.7834,7.16981,14.7408,80,75,79,2600,2800,0.479626,26,11.0375,0,0,4597,292392985836
33.1329,30.1815,7.16981,14.7408,80,75,79,2600,2800,0.479626,26,11.0375,0,0,4597,292423168593
34.4095,29.0618,7.16981,14.7408,80,75,79,2600,2800,0.479626,26,11.0375,0,0,4597,292452238973
34.0027,29.4095,7.16981,14.7408,80,75,79,2600,2800,0.479626,26,11.0375,0,0,4597,292481644168
37.2679,26.8327,7.16981,14.7408,80,75,79,2600,2800,0.479626,26,11.0375,0,0,4597,292508479805
32.3407,30.9208,7.16981,14.7408,80,75,79,2600,2800,0.479626,26,11.0375,0,0,4597,292539400951
32.5968,30.6778,7.16981,14.7408,80,75,79,2600,2800,0.479626,26,11.0375,0,0,4597,292570083741
32.2102,31.046,7.16981,14.7408,80,75,79,2600,2800,0.479626,26,11.0375,0,0,4597,292601130712
34.2931,29.1604,7.16981,14.7408,80,75,79,2600,2800,0.479626,26,11.0375,0,0,4597,292630289286
30.5067,32.7797,7.16981,14.7408,80,75,79,2600,2800,0.479626,26,11.0375,0,0,4597,292663071126
35.5028,28.1668,7.16981,14.7408,80,75,79,2600,2800,0.479626,26,11.0375,0,0,4597,292691238620
32.5177,30.7525,7.16981,14.7408,80,75,79,2600,2800,0.479626,26,11.0375,0,0,4597,292721996270
32.2619,30.9963,11.639,13.8531,81,74,81,800,2800,0.479626,34,11.0428,0,0,4335,292752995341
32.7848,30.5019,11.639,13.8531,81,74,81,800,2800,0.479626,34,11.0428,0,0,4335,292783497194
35.2504,28.3685,11.639,13.8531,81,74,81,800,2800,0.479626,34,11.0428,0,0,4335,292811868639
34.6405,28.868,11.639,13.8531,81,74,81,800,2800,0.479626,34,11.0428,0,0,4335,292840736320
34.2986,29.1557,11.639,13.8531,81,74,81,800,2800,0.479626,34,11.0428,0,0,4335,292869893342
33.5484,29.8077,11.639,13.8531,81,74,81,800,2800,0.479626,34,11.0428,0,0,4335,292899704324
38.8569,25.7355,11.639,13.8531,81,74,81,800,2800,0.479626,34,11.0428,0,0,4335,292925439877
34.5986,28.9029,11.639,13.8531,81,74,81,800,2800,0.479626,34,11.0428,0,0,4335,292954342564
36.0098,27.7702,11.639,13.8531,81,74,81,800,2800,0.479626,34,11.0428,0,0,4335,292982116092
37.6406,26.5671,11.639,13.8531,81,74,81,800,2800,0.479626,34,11.0428,0,0,4335,293008683619
34.036,29.3807,11.639,13.8531,81,74,81,800,2800,0.479626,34,11.0428,0,0,4335,293038066552
34.52,28.9687,11.639,13.8531,81,74,81,800,2800,0.479626,34,11.0428,0,0,4335,293067034571
38.8246,25.7569,11.639,13.8531,81,74,81,800,2800,0.479626,34,11.0428,0,0,4335,293092792426
34.4912,28.9929,11.639,13.8531,81,74,81,800,2800,0.479626,34,11.0428,0,0,4335,293121789579
33.097,30.2142,11.639,13.8531,81,74,81,800,2800,0.479626,34,11.0428,0,0,4335,293152003173
40.819,24.4984,11.639,13.8531,81,74,81,800,2800,0.479626,34,11.0428,0,0,4335,293176502759
35.4455,28.2123,11.639,13.8531,81,74,81,800,2800,0.479626,34,11.0428,0,0,4335,293204719835
34.8466,28.6972,11.639,13.8531,81,74,81,800,2800,0.479626,34,11.0428,0,0,4335,293233422138
37.7413,26.4962,8.73309,11.8179,81,72,80,2591,2800,0.479626,37,11.0427,0,0,4618,293259914614
34.3991,29.0705,8.73309,11.8179,81,72,80,2591,2800,0.479626,37,11.0427,0,0,4618,293288987028
32.5387,30.7326,8.73309,11.8179,81,72,80,2591,2800,0.479626,37,11.0427,0,0,4618,293319730933
35.5865,28.1005,8.73309,11.8179,81,72,80,2591,2800,0.479626,37,11.0427,0,0,4618,293347830600
37.3586,26.7676,8.73309,11.8179,81,72,80,2591,2800,0.479626,37,11.0427,0,0,4618,293374599152
33.5102,29.8417,8.73309,11.8179,81,72,80,2591,2800,0.479626,37,11.0427,0,0,4618,293404441383
39.4022,25.3793,8.73309,11.8179,81,72,80,2591,2800,0.479626,37,11.0427,0,0,4618,293429823726
37.1849,26.8926,8.73309,11.8179,81,72,80,2591,2800,0.479626,37,11.0427,0,0,4618,293456715128
35.2047,28.4053,8.73309,11.8179,81,72,80,2591,2800,0.479626,37,11.0427,0,0,4618,293485124383
41.2897,24.2191,8.73309,11.8179,81,72,80,2591,2800,0.479626,37,11.0427,0,0,4618,293509341651
35.898,27.8567,8.73309,11.8179,81,72,80,2591,2800,0.479626,37,11.0427,0,0,4618,293537200379
38.3193,26.0965,8.73309,11.8179,81,72,80,2591,2800,0.479626,37,11.0427,0,0,4618,293563300002
38.0962,26.2493,8.73309,11.8179,81,72,80,2591,2800,0.479626,37,11.0427,0,0,4618,293589548272
37.1857,26.8921,8.73309,11.8179,81,72,80,2591,2800,0.479626,37,11.0427,0,0,4618,293616442358
39.123,25.5604,8.73309,11.8179,81,72,80,2591,2800,0.479626,37,11.0427,0,0,4618,293642004748
34.3395,29.121,8.73309,11.8179,81,72,80,2591,2800,0.479626,37,11.0427,0,0,4618,293671126955
39.6561,25.2168,8.73309,11.8179,81,72,80,2591,2800,0.479626,37,11.0427,0,0,4618,293696344330
38.3784,26.0563,8.73309,11.8179,81,72,80,2591,2800,0.479626,37,11.0427,0,0,4618,293722400281
36.0319,27.7532,8.73309,11.8179,81,72,80,2591,2800,0.479626,37,11.0427,0,0,4618,293750158181
39.8397,25.1006,7.20391,14.8067,82,80,80,2600,2800,0.479626,31,11.0428,0,0,4575,293775258518
34.3741,29.0917,7.20391,14.8067,82,80,80,2600,2800,0.479626,31,11.0428,0,0,4575,293804350197
40.6414,24.6054,7.20391,14.8067,82,80,80,2600,2800,0.479626,31,11.0428,0,0,4575,293828955380
36.3045,27.5448,7.20391,14.8067,82,80,80,2600,2800,0.479626,31,11.0428,0,0,4575,293856504399
34.7146,28.8063,7.20391,14.8067,82,80,80,2600,2800,0.479626,31,11.0428,0,0,4575,293885319021
42.9614,23.2767,7.20391,14.8067,82,80,80,2600,2800,0.479626,31,11.0428,0,0,4575,293908591676
35.2092,28.4016,7.20391,14.8067,82,80,80,2600,2800,0.479626,31,11.0428,0,0,4575,293936994349
41.1338,24.3109,7.20391,14.8067,82,80,80,2600,2800,0.479626,31,11.0428,0,0,4575,293961307175
37.0841,26.9657,7.20391,14.8067,82,80,80,2600,2800,0.479626,31,11.0428,0,0,4575,293988274098
36.0146,27.7665,7.20391,14.8067,82,80,80,2600,2800,0.479626,31,11.0428,0,0,4575,294016041404
39.9137,25.054,7.20391,14.8067,82,80,80,2600,2800,0.479626,31,11.0428,0,0,4575,294041097369
34.9488,28.6133,7.20391,14.8067,82,80,80,2600,2800,0.479626,31,11.0428,0,0,4575,294069712308
41.8387,23.9013,7.20391,14.8067,82,80,80,2600,2800,0.479626,31,11.0428,0,0,4575,294093616121
35.9268,27.8344,7.20391,14.8067,82,80,80,2600,2800,0.479626,31,11.0428,0,0,4575,294121451535
43.9237,22.7668,7.20391,14.8067,82,80,80,2600,2800,0.479626,31,11.0428,0,0,4575,294144220449
35.3405,28.2962,7.20391,14.8067,82,80,80,2600,2800,0.479626,31,11.0428,0,0,4575,294172517104
38.9295,25.6874,7.20391,14.8067,82,80,80,2600,2800,0.479626,31,11.0428,0,0,4575,294198206080
40.0656,24.9591,7.20391,14.8067,82,80,80,2600,2800,0.479626,31,11.0428,0,0,4575,294223166055
34.5066,28.98,7.20391,14.8067,82,80,80,2600,2800,0.479626,31,11.0428,0,0,4575,294252150825
41.0133,24.3823,8.11486,12.8864,82,73,80,2600,2800,0.479626,30,11.0411,0,0,4602,294276531378
36.5231,27.3799,8.11486,12.8864,82,73,80,2600,2800,0.479626,30,11.0411,0,0,4602,294303913756
40.3675,24.7724,8.11486,12.8864,82,73,80,2600,2800,0.479626,30,11.0411,0,0,4602,294328687493
36.3106,27.5402,8.11486,12.8864,82,73,80,2600,2800,0.479626,30,11.0411,0,0,4602,294356228397
37.662,26.5519,8.11486,12.8864,82,73,80,2600,2800,0.479626,30,11.0411,0,0,4602,294382783080
40.3428,24.7876,8.11486,12.8864,82,73,80,2600,2800,0.479626,30,11.0411,0,0,4602,294407573478
37.188,26.8904,8.11486,12.8864,82,73,80,2600,2800,0.479626,30,11.0411,0,0,4602,294434463767
41.3843,24.1638,8.11486,12.8864,82,73,80,2600,2800,0.479626,30,11.0411,0,0,4602,294458628988
34.1414,29.29,8.11486,12.8864,82,73,80,2600,2800,0.479626,30,11.0411,0,0,4602,294487921443
43.5725,22.9503,8.11486,12.8864,82,73,80,2600,2800,0.479626,30,11.0411,0,0,4602,294510872116
36.6655,27.2736,8.11486,12.8864,82,73,80,2600,2800,0.479626,30,11.0411,0,0,4602,294538145731
39.644,25.2245,8.11486,12.8864,82,73,80,2600,2800,0.479626,30,11.0411,0,0,4602,294563376191
37.7565,26.4855,8.11486,12.8864,82,73,80,2600,2800,0.479626,30,11.0411,0,0,4602,294589860502
33.3368,29.9969,8.11486,12.8864,82,73,80,2600,2800,0.479626,30,11.0411,0,0,4602,294619858794
43.3541,23.0659,8.11486,12.8864,82,73,80,2600,2800,0.479626,30,11.0411,0,0,4602,294642928720
37.9859,26.3256,8.11486,12.8864,82,73,80,2600,2800,0.479626,30,11.0411,0,0,4602,294669254595
39.3542,25.4103,8.11486,12.8864,82,73,80,2600,2800,0.479626,30,11.0411,0,0,4602,294694665322
34.7978,28.7374,8.11486,12.8864,82,73,80,2600,2800,0.479626,30,11.0411,0,0,4602,294723403692
36.9542,27.0605,8.11486,12.8864,82,73,80,2600,2800,0.479626,30,11.0411,0,0,4602,294750466614
41.5894,24.0446,8.11486,12.8864,82,73,80,2600,2800,0.479626,30,11.0411,0,0,4602,294774516870
32.7308,30.5523,12.3206,12.0504,82,72,79,2600,2800,0.479626,34,11.0292,0,0,4262,294805064959
36.2768,27.5658,12.3206,12.0504,82,72,79,2600,2800,0.479626,34,11.0292,0,0,4262,294832634727
41.1749,24.2866,12.3206,12.0504,82,72,79,2600,2800,0.479626,34,11.0292,0,0,4262,294856921405
39.5714,25.2708,12.3206,12.0504,82,72,79,2600,2800,0.479626,34,11.0292,0,0,4262,294882197309
39.2403,25.484,12.3206,12.0504,82,72,79,2600,2800,0.479626,34,11.0292,0,0,4262,294907679780
37.7291,26.5048,12.3206,12.0504,82,72,79,2600,2800,0.479626,34,11.0292,0,0,4262,294934183317
39.6775,25.2032,12.3206,12.0504,82,72,79,2600,2800,0.479626,34,11.0292,0,0,4262,294959390513
35.6667,28.0374,12.3206,12.0504,82,72,79,2600,2800,0.479626,34,11.0292,0,0,4262,294987428836
43.0825,23.2113,12.3206,12.0504,82,72,79,2600,2800,0.479626,34,11.0292,0,0,4262,295010641018
36.7998,27.1741,12.3206,12.0504,82,72,79,2600,2800,0.479626,34,11.0292,0,0,4262,295037815397
41.6326,24.0196,12.3206,12.0504,82,72,79,2600,2800,0.479626,34,11.0292,0,0,4262,295061835558
36.6465,27.2877,12.3206,12.0504,82,72,79,2600,2800,0.479626,34,11.0292,0,0,4262,295089123830
42.7263,23.4048,12.3206,12.0504,82,72,79,2600,2800,0.479626,34,11.0292,0,0,4262,295112531737
33.8031,29.5831,12.3206,12.0504,82,72,79,2600,2800,0.479626,34,11.0292,0,0,4262,295142116176
44.3737,22.5359,12.3206,12.0504,82,72,79,2600,2800,0.479626,34,11.0292,0,0,4262,295164655061
36.8716,27.1211,12.3206,12.0504,82,72,79,2600,2800,0.479626,34,11.0292,0,0,4262,295191774718
34.8766,28.6725,12.3206,12.0504,82,72,79,2600,2800,0.479626,34,11.0292,0,0,4262,295220450171
47.6299,20.9952,12.3206,12.0504,82,72,79,2600,2800,0.479626,34,11.0292,0,0,4262,295241445864
36.4767,27.4147,12.3206,12.0504,82,72,79,2600,2800,0.479626,34,11.0292,0,0,4262,295268863347
41.2557,24.2391,12.3206,12.0504,82,72,79,2600,2800,0.479626,34,11.0292,0,0,4262,295293107205
35.0294,28.5475,8.33333,13.9219,81,73,79,800,2800,0.479626,40,11.013,0,0,4619,295321653025
44.6017,22.4207,8.33333,13.9219,81,73,79,800,2800,0.479626,40,11.013,0,0,4619,295344074020
36.6753,27.2663,8.33333,13.9219,81,73,79,800,2800,0.479626,40,11.013,0,0,4619,295371341773
40.9431,24.4241,8.33333,13.9219,81,73,79,800,2800,0.479626,40,11.013,0,0,4619,295395766539
35.0035,28.5686,8.33333,13.9219,81,73,79,800,2800,0.479626,40,11.013,0,0,4619,295424336485
45.2645,22.0924,8.33333,13.9219,81,73,79,800,2800,0.479626,40,11.013,0,0,4619,295446429757
35.2594,28.3612,8.33333,13.9219,81,73,79,800,2800,0.479626,40,11.013,0,0,4619,295474799098
42.7063,23.4158,8.33333,13.9219,81,73,79,800,2800,0.479626,40,11.013,0,0,4619,295498217033
36.4888,27.4057,8.33333,13.9219,81,73,79,800,2800,0.479626,40,11.013,0,0,4619,295525625670
39.1599,25.5363,8.33333,13.9219,81,73,79,800,2800,0.479626,40,11.013,0,0,4619,295551160970
41.2932,24.2171,8.33333,13.9219,81,73,79,800,2800,0.479626,40,11.013,0,0,4619,295575379700
36.1052,27.6969,8.33333,13.9219,81,73,79,800,2800,0.479626,40,11.013,0,0,4619,295603078479
36.9876,27.0361,8.33333,13.9219,81,73,79,800,2800,0.479626,40,11.013,0,0,4619,295630115903
38.6745,25.8569,8.33333,13.9219,81,73,79,800,2800,0.479626,40,11.013,0,0,4619,295655974636
43.1159,23.1933,8.33333,13.9219,81,73,79,800,2800,0.479626,40,11.013,0,0,4619,295679168053
35.1772,28.4275,8.33333,13.9219,81,73,79,800,2800,0.479626,40,11.013,0,0,4619,295707597416
43.229,23.1326,8.33333,13.9219,81,73,79,800,2800,0.479626,40,11.013,0,0,4619,295730732122
36.6113,27.3139,8.33333,13.9219,81,73,79,800,2800,0.479626,40,11.013,0,0,4619,295758046604
42.7589,23.387,8.33333,13.9219,81,73,79,800,2800,0.479626,40,11.013,0,0,4619,295781435776
36.4821,27.4107,8.33333,13.9219,81,73,79,800,2800,0.479626,40,11.013,0,0,4619,295808852127
37.175,26.8998,7.16889,11.069,80,80,79,2433,2800,0.479626,26,11.0145,0,0,4621,295835747836
40.4715,24.7088,7.16889,11.069,80,80,79,2433,2800,0.479626,26,11.0145,0,0,4621,295860458476
35.9515,27.8152,7.16889,11.069,80,80,79,2433,2800,0.479626,26,11.0145,0,0,4621,295888277479
45.0367,22.2041,7.16889,11.069,80,80,79,2433,2800,0.479626,26,11.0145,0,0,4621,295910480717
36.5257,27.378,7.16889,11.069,80,80,79,2433,2800,0.479626,26,11.0145,0,0,4621,295937859057
40.1705,24.8939,7.16889,11.069,80,80,79,2433,2800,0.479626,26,11.0145,0,0,4621,295962756004
34.4013,29.0687,7.16889,11.069,80,80,79,2433,2800,0.479626,26,11.0145,0,0,4621,295991825843
44.1417,22.6543,7.16889,11.069,80,80,79,2433,2800,0.479626,26,11.0145,0,0,4621,296014481786
35.9712,27.8,7.16889,11.069,80,80,79,2433,2800,0.479626,26,11.0145,0,0,4621,296042283948
37.2201,26.8672,7.16889,11.069,80,80,79,2433,2800,0.479626,26,11.0145,0,0,4621,296069150162
42.9284,23.2946,7.16889,11.069,80,80,79,2433,2800,0.479626,26,11.0145,0,0,4621,296092447122
36.9369,27.0732,7.16889,11.069,80,80,79,2433,2800,0.479626,26,11.0145,0,0,4621,296119521355
40.3492,24.7836,7.16889,11.069,80,80,79,2433,2800,0.479626,26,11.0145,0,0,4621,296144306333
32.3082,30.9519,7.16889,11.069,80,80,79,2433,2800,0.479626,26,11.0145,0,0,4621,296175259969
36.7701,27.196,7.16889,11.069,80,80,79,2433,2800,0.479626,26,11.0145,0,0,4621,296202458624
40.4217,24.7392,7.16889,11.069,80,80,79,2433,2800,0.479626,26,11.0145,0,0,4621,296227198418
36.8686,27.1234,7.16889,11.069,80,80,79,2433,2800,0.479626,26,11.0145,0,0,4621,296254322163
44.8175,22.3127,7.16889,11.069,80,80,79,2433,2800,0.479626,26,11.0145,0,0,4621,296276639985
36.0682,27.7253,7.16889,11.069,80,80,79,2433,2800,0.479626,26,11.0145,0,0,4621,296304366435
42.0452,23.7839,7.16889,11.069,80,80,79,2433,2800,0.479626,26,11.0145,0,0,4621,296328153119
36.4663,27.4226,7.9614,10.7512,79,72,80,2594,2800,0.479626,33,11.0165,0,0,4604,296355574460
45.0838,22.1809,7.9614,10.7512,79,72,80,2594,2800,0.479626,33,11.0165,0,0,4604,296377757099
34.8692,28.6786,7.9614,10.7512,79,72,80,2594,2800,0.479626,33,11.0165,0,0,4604,296406436138
41.5877,24.0456,7.9614,10.7512,79,72,80,2594,2800,0.479626,33,11.0165,0,0,4604,296430483179
35.8877,27.8647,7.9614,10.7512,79,72,80,2594,2800,0.479626,33,11.0165,0,0,4604,296458349861
33.3226,30.0096,7.9614,10.7512,79,72,80,2594,2800,0.479626,33,11.0165,0,0,4604,296488361318
45.4781,21.9886,7.9614,10.7512,79,72,80,2594,2800,0.479626,33,11.0165,0,0,4604,296510351187
35.3128,28.3183,7.9614,10.7512,79,72,80,2594,2800,0.479626,33,11.0165,0,0,4604,296538670935
40.0362,24.9774,7.9614,10.7512,79,72,80,2594,2800,0.479626,33,11.0165,0,0,4604,296563649896
37.5852,26.6062,7.9614,10.7512,79,72,80,2594,2800,0.479626,33,11.0165,0,0,4604,296590255744
38.2186,26.1653,7.9614,10.7512,79,72,80,2594,2800,0.479626,33,11.0165,0,0,4604,296616425458
37.4739,26.6852,7.9614,10.7512,79,72,80,2594,2800,0.479626,33,11.0165,0,0,4604,296643113229
34.0879,29.3359,7.9614,10.7512,79,72,80,2594,2800,0.479626,33,11.0165,0,0,4604,296672449936
40.5858,24.6391,7.9614,10.7512,79,72,80,2594,2800,0.479626,33,11.0165,0,0,4604,296697090294
36.5916,27.3287,7.9614,10.7512,79,72,80,2594,2800,0.479626,33,11.0165,0,0,4604,296724418881
33.1356,30.1791,7.9614,10.7512,79,72,80,2594,2800,0.479626,33,11.0165,0,0,4604,296754601558
41.2496,24.2427,7.9614,10.7512,79,72,80,2594,2800,0.479626,33,11.0165,0,0,4604,296778845496
35.4009,28.2479,7.9614,10.7512,79,72,80,2594,2800,0.479626,33,11.0165,0,0,4604,296807094031
35.6616,28.0414,7.9614,10.7512,79,72,80,2594,2800,0.479626,33,11.0165,0,0,4604,296835141080
40.4414,24.7272,12.0647,12.1929,79,72,79,2505,2800,0.479626,28,11.0233,0,0,4205,296859866728
36.0482,27.7407,12.0647,12.1929,79,72,79,2505,2800,0.479626,28,11.0233,0,0,4205,296887610120
41.9222,23.8537,12.0647,12.1929,79,72,79,2505,2800,0.479626,28,11.0233,0,0,4205,296911464040
36.5539,27.3569,12.0647,12.1929,79,72,79,2505,2800,0.479626,28,11.0233,0,0,4205,296938821331
40.7497,24.54,12.0647,12.1929,79,72,79,2505,2800,0.479626,28,11.0233,0,0,4205,296963363476
37.5976,26.5974,12.0647,12.1929,79,72,79,2505,2800,0.479626,28,11.0233,0,0,4205,296989963884
42.6724,23.4344,12.0647,12.1929,79,72,79,2505,2800,0.479626,28,11.0233,0,0,4205,297013397138
37.013,27.0176,12.0647,12.1929,79,72,79,2505,2800,0.479626,28,11.0233,0,0,4205,297040416017
38.3141,26.1001,12.0647,12.1929,79,72,79,2505,2800,0.479626,28,11.0233,0,0,4205,297066515770
37.6485,26.5615,12.0647,12.1929,79,72,79,2505,2800,0.479626,28,11.0233,0,0,4205,297093079169
35.4171,28.2349,12.0647,12.1929,79,72,79,2505,2800,0.479626,28,11.0233,0,0,4205,297121317596
43.0231,23.2433,12.0647,12.1929,79,72,79,2505,2800,0.479626,28,11.0233,0,0,4205,297144562147
32.9737,30.3272,12.0647,12.1929,79,72,79,2505,2800,0.479626,28,11.0233,0,0,4205,297174890727
37.1123,26.9453,12.0647,12.1929,79,72,79,2505,2800,0.479626,28,11.0233,0,0,4205,297201834556
39.9918,25.0051,12.0647,12.1929,79,72,79,2505,2800,0.479626,28,11.0233,0,0,4205,297226843171
36.0625,27.7296,12.0647,12.1929,79,72,79,2505,2800,0.479626,28,11.0233,0,0,4205,297254573920
43.7822,22.8403,12.0647,12.1929,79,72,79,2505,2800,0.479626,28,11.0233,0,0,4205,297277415850
36.0007,27.7773,12.0647,12.1929,79,72,79,2505,2800,0.479626,28,11.0233,0,0,4205,297305194248
40.0988,24.9384,12.0647,12.1929,79,72,79,2505,2800,0.479626,28,11.0233,0,0,4205,297330134185
36.2695,27.5714,12.0647,12.1929,79,72,79,2505,2800,0.479626,28,11.0233,0,0,4205,297357709473
40.1155,24.928,6.97954,14.1901,81,73,80,2600,2800,0.480118,30,11.0274,0,0,4602,297382637388
36.2685,27.5721,6.97954,14.1901,81,73,80,2600,2800,0.480118,30,11.0274,0,0,4602,297410210843
36.2563,27.5814,6.97954,14.1901,81,73,80,2600,2800,0.480118,30,11.0274,0,0,4602,297437792413
37.7549,26.4866,6.97954,14.1901,81,73,80,2600,2800,0.480118,30,11.0274,0,0,4602,297464281644
36.7234,27.2306,6.97954,14.1901,81,73,80,2600,2800,0.480118,30,11.0274,0,0,4602,297491512629
35.805,27.929,6.97954,14.1901,81,73,80,2600,2800,0.480118,30,11.0274,0,0,4602,297519442209
42.7863,23.372,6.97954,14.1901,81,73,80,2600,2800,0.480118,30,11.0274,0,0,4602,297542815942
35.2168,28.3955,6.97954,14.1901,81,73,80,2600,2800,0.480118,30,11.0274,0,0,4602,297571211602
31.3192,31.9293,6.97954,14.1901,81,73,80,2600,2800,0.480118,30,11.0274,0,0,4602,297603144136
40.3755,24.7675,6.97954,14.1901,81,73,80,2600,2800,0.480118,30,11.0274,0,0,4602,297627912753
32.9044,30.391,6.97954,14.1901,81,73,80,2600,2800,0.480118,30,11.0274,0,0,4602,297658304360
35.8679,27.8801,6.97954,14.1901,81,73,80,2600,2800,0.480118,30,11.0274,0,0,4602,297686184488
42.0805,23.764,6.97954,14.1901,81,73,80,2600,2800,0.480118,30,11.0274,0,0,4602,297709949201
38.4323,26.0198,6.97954,14.1901,81,73,80,2600,2800,0.480118,30,11.0274,0,0,4602,297735972090
36.2523,27.5845,6.97954,14.1901,81,73,80,2600,2800,0.480118,30,11.0274,0,0,4602,297763557658
41.1349,24.3103,6.97954,14.1901,81,73,80,2600,2800,0.480118,30,11.0274,0,0,4602,297787874071
40.4932,24.6955,6.97954,14.1901,81,73,80,2600,2800,0.480118,30,11.0274,0,0,4602,297812566937
37.3813,26.7514,6.97954,14.1901,81,73,80,2600,2800,0.480118,30,11.0274,0,0,4602,297839318648
36.347,27.5126,6.97954,14.1901,81,73,80,2600,2800,0.480118,30,11.0274,0,0,4602,297866834605
41.1125,24.3235,7.39827,12.0162,82,72,82,2544,2800,0.480118,28,11.0281,0,0,4575,297891155527
36.0419,27.7455,7.39827,12.0162,82,72,82,2544,2800,0.480118,28,11.0281,0,0,4575,297918903317
41.4033,24.1527,7.39827,12.0162,82,72,82,2544,2800,0.480118,28,11.0281,0,0,4575,297943057838
36.927,27.0805,7.39827,12.0162,82,72,82,2544,2800,0.480118,28,11.0281,0,0,4575,297970140667
39.1768,25.5253,7.39827,12.0162,82,72,82,2544,2800,0.480118,28,11.0281,0,0,4575,297995668282
37.8513,26.4192,7.39827,12.0162,82,72,82,2544,2800,0.480118,28,11.0281,0,0,4575,298022087291
37.4438,26.7067,7.39827,12.0162,82,72,82,2544,2800,0.480118,28,11.0281,0,0,4575,298048798365
42.5592,23.4967,7.39827,12.0162,82,72,82,2544,2800,0.480118,28,11.0281,0,0,4575,298072297513
35.608,28.0836,7.39827,12.0162,82,72,82,2544,2800,0.480118,28,11.0281,0,0,4575,298100380539
41.2321,24.253,7.39827,12.0162,82,72,82,2544,2800,0.480118,28,11.0281,0,0,4575,298124635768
36.7211,27.2323,7.39827,12.0162,82,72,82,2544,2800,0.480118,28,11.0281,0,0,4575,298151870530
43.9028,22.7776,7.39827,12.0162,82,72,82,2544,2800,0.480118,28,11.0281,0,0,4575,298174650755
35.1538,28.4464,7.39827,12.0162,82,72,82,2544,2800,0.480118,28,11.0281,0,0,4575,298203093874
42.946,23.285,7.39827,12.0162,82,72,82,2544,2800,0.480118,28,11.0281,0,0,4575,298226383170
35.9065,27.8501,7.39827,12.0162,82,72,82,2544,2800,0.480118,28,11.0281,0,0,4575,298254233201
45.0724,22.1865,7.39827,12.0162,82,72,82,2544,2800,0.480118,28,11.0281,0,0,4575,298276424396
36.4071,27.4672,7.39827,12.0162,82,72,82,2544,2800,0.480118,28,11.0281,0,0,4575,298303890971
40.5399,24.667,7.39827,12.0162,82,72,82,2544,2800,0.480118,28,11.0281,0,0,4575,298328559812
36.8631,27.1274,7.39827,12.0162,82,72,82,2544,2800,0.480118,28,11.0281,0,0,4575,298355688236
37.2012,26.8809,7.39827,12.0162,82,72,82,2544,2800,0.480118,28,11.0281,0,0,4575,298382571793
40.9385,24.4269,6.59341,9.55505,82,71,80,2596,2800,0.479626,31,11.028,0,0,4615,298406999925
35.7616,27.963,6.59341,9.55505,82,71,80,2596,2800,0.479626,31,11.028,0,0,4615,298434964310
37.9825,26.3279,6.59341,9.55505,82,71,80,2596,2800,0.479626,31,11.028,0,0,4615,298461296386
34.2109,29.2304,6.59341,9.55505,82,71,80,2596,2800,0.479626,31,11.028,0,0,4615,298490528889
36.1334,27.6752,6.59341,9.55505,82,71,80,2596,2800,0.479626,31,11.028,0,0,4615,298518206679
38.8191,25.7605,6.59341,9.55505,82,71,80,2596,2800,0.479626,31,11.028,0,0,4615,298543969192
34.2642,29.185,6.59341,9.55505,82,71,80,2596,2800,0.479626,31,11.028,0,0,4615,298573154116
34.1445,29.2873,6.59341,9.55505,82,71,80,2596,2800,0.479626,31,11.028,0,0,4615,298602443895
35.8978,27.8569,6.59341,9.55505,82,71,80,2596,2800,0.479626,31,11.028,0,0,4615,298630304666
37.6656,26.5494,6.59341,9.55505,82,71,80,2596,2800,0.479626,31,11.028,0,0,4615,298656854780
32.0859,31.1664,6.59341,9.55505,82,71,80,2596,2800,0.479626,31,11.028,0,0,4615,298688022717
35.4461,28.2118,6.59341,9.55505,82,71,80,2596,2800,0.479626,31,11.028,0,0,4615,298716234934
35.5246,28.1495,6.59341,9.55505,82,71,80,2596,2800,0.479626,31,11.028,0,0,4615,298744384956
34.4575,29.0213,6.59341,9.55505,82,71,80,2596,2800,0.479626,31,11.028,0,0,4615,298773406304
32.0463,31.2049,6.59341,9.55505,82,71,80,2596,2800,0.479626,31,11.028,0,0,4615,298804613223
33.2206,30.1018,6.59341,9.55505,82,71,80,2596,2800,0.479626,31,11.028,0,0,4615,298834716572
38.3299,26.0893,6.59341,9.55505,82,71,80,2596,2800,0.479626,31,11.028,0,0,4615,298860806126
34.1414,29.2899,6.59341,9.55505,82,71,80,2596,2800,0.479626,31,11.028,0,0,4615,298890101265
33.2452,30.0796,11.8812,12.993,82,72,80,800,2800,0.479626,36,11.0255,0,0,4592,298920178164
39.2531,25.4757,11.8812,12.993,82,72,80,800,2800,0.479626,36,11.0255,0,0,4592,298945655175
32.5133,30.7567,11.8812,12.993,82,72,80,800,2800,0.479626,36,11.0255,0,0,4592,298976412995
34.7921,28.7422,11.8812,12.993,82,72,80,800,2800,0.479626,36,11.0255,0,0,4592,299005158899
32.6204,30.6556,11.8812,12.993,82,72,80,800,2800,0.479626,36,11.0255,0,0,4592,299035813036
36.427,27.4522,11.8812,12.993,82,72,80,800,2800,0.479626,36,11.0255,0,0,4592,299063268571
34.1721,29.2636,11.8812,12.993,82,72,80,800,2800,0.479626,36,11.0255,0,0,4592,299092531741
34.6028,28.8994,11.8812,12.993,82,72,80,800,2800,0.479626,36,11.0255,0,0,4592,299121433696
29.3632,34.0562,11.8812,12.993,82,72,80,800,2800,0.479626,36,11.0255,0,0,4592,299155489415
25.9084,38.5975,11.8812,12.993,82,72,80,800,2800,0.479626,36,11.0255,0,0,4592,299194087655
29.3846,34.0314,11.8812,12.993,82,72,80,800,2800,0.479626,36,11.0255,0,0,4592,299228123726
29.8738,33.4741,11.8812,12.993,82,72,80,800,2800,0.479626,36,11.0255,0,0,4592,299261597999
29.8888,33.4574,11.8812,12.993,82,72,80,800,2800,0.479626,36,11.0255,0,0,4592,299295058065
32.0372,31.2138,11.8812,12.993,82,72,80,800,2800,0.479626,36,11.0255,0,0,4592,299326274602
29.9844,33.3507,11.8812,12.993,82,72,80,800,2800,0.479626,36,11.0255,0,0,4592,299359623852
31.8417,31.4054,11.8812,12.993,82,72,80,800,2800,0.479626,36,11.0255,0,0,4592,299391035163
28.2898,35.3484,7.02635,12.1402,83,81,81,2368,2800,0.479626,35,11.0259,0,0,4574,299426383224
31.7859,31.4605,7.02635,12.1402,83,81,81,2368,2800,0.479626,35,11.0259,0,0,4574,299457847614
29.8928,33.4529,7.02635,12.1402,83,81,81,2368,2800,0.479626,35,11.0259,0,0,4574,299491302220
29.7495,33.614,7.02635,12.1402,83,81,81,2368,2800,0.479626,35,11.0259,0,0,4574,299524916394
30.8896,32.3733,7.02635,12.1402,83,81,81,2368,2800,0.479626,35,11.0259,0,0,4574,299557288669
31.3764,31.8711,7.02635,12.1402,83,81,81,2368,2800,0.479626,35,11.0259,0,0,4574,299589161712
31.1655,32.0867,7.02635,12.1402,83,81,81,2368,2800,0.479626,35,11.0259,0,0,4574,299621250237
34.1362,29.2944,7.02635,12.1402,83,81,81,2368,2800,0.479626,35,11.0259,0,0,4574,299650547771
35.0606,28.522,7.02635,12.1402,83,81,81,2368,2800,0.479626,35,11.0259,0,0,4574,299679069256
30.3323,32.9682,7.02635,12.1402,83,81,81,2368,2800,0.479626,35,11.0259,0,0,4574,299712037875
32.1015,31.1512,7.02635,12.1402,83,81,81,2368,2800,0.479626,35,11.0259,0,0,4574,299743191564
30.903,32.3593,7.02635,12.1402,83,81,81,2368,2800,0.479626,35,11.0259,0,0,4574,299775552618
30.611,32.6679,7.02635,12.1402,83,81,81,2368,2800,0.479626,35,11.0259,0,0,4574,299808223271
30.5983,32.6816,7.02635,12.1402,83,81,81,2368,2800,0.479626,35,11.0259,0,0,4574,299840906186
30.7703,32.4989,7.02635,12.1402,83,81,81,2368,2800,0.479626,35,11.0259,0,0,4574,299873408133
32.423,30.8423,7.02635,12.1402,83,81,81,2368,2800,0.479626,35,11.0259,0,0,4574,299904254439
32.8059,30.4823,7.82396,11.6679,82,72,80,2600,2800,0.479626,30,11.0216,0,0,4597,299934732026
33.481,29.8677,7.82396,11.6679,82,72,80,2600,2800,0.479626,30,11.0216,0,0,4597,299964600757
29.7318,33.634,7.82396,11.6679,82,72,80,2600,2800,0.479626,30,11.0216,0,0,4597,299998238525
33.4619,29.8848,7.82396,11.6679,82,72,80,2600,2800,0.479626,30,11.0216,0,0,4597,300028121422
31.7955,31.451,7.82396,11.6679,82,72,80,2600,2800,0.479626,30,11.0216,0,0,4597,300059574871
30.6137,32.6651,7.82396,11.6679,82,72,80,2600,2800,0.479626,30,11.0216,0,0,4597,300092243460
34.3597,29.1038,7.82396,11.6679,82,72,80,2600,2800,0.479626,30,11.0216,0,0,4597,300121346240
35.0783,28.5076,7.82396,11.6679,82,72,80,2600,2800,0.479626,30,11.0216,0,0,4597,300149862275
31.6984,31.5473,7.82396,11.6679,82,72,80,2600,2800,0.479626,30,11.0216,0,0,4597,300181408758
36.8352,27.1479,7.82396,11.6679,82,72,80,2600,2800,0.479626,30,11.0216,0,0,4597,300208557019
36.7595,27.2039,7.82396,11.6679,82,72,80,2600,2800,0.479626,30,11.0216,0,0,4597,300235763448
35.1129,28.4796,7.82396,11.6679,82,72,80,2600,2800,0.479626,30,11.0216,0,0,4597,300264246411
40.0828,24.9483,7.82396,11.6679,82,72,80,2600,2800,0.479626,30,11.0216,0,0,4597,300289197830
37.1758,26.8992,7.82396,11.6679,82,72,80,2600,2800,0.479626,30,11.0216,0,0,4597,300316106043
35.9232,27.8372,7.82396,11.6679,82,72,80,2600,2800,0.479626,30,11.0216,0,0,4597,300343942218
35.0773,28.5085,7.82396,11.6679,82,72,80,2600,2800,0.479626,30,11.0216,0,0,4597,300372449587
30.0206,33.3105,7.82396,11.6679,82,72,80,2600,2800,0.479626,30,11.0216,0,0,4597,300405766305
36.3149,27.5369,7.14286,10.7379,83,73,81,2600,2800,0.480362,36,11.0236,0,0,4611,300433301318
36.9315,27.0772,7.14286,10.7379,83,73,81,2600,2800,0.480362,36,11.0236,0,0,4611,300460377254
32.5203,30.75,7.14286,10.7379,83,73,81,2600,2800,0.480362,36,11.0236,0,0,4611,300491130556
34.342,29.1189,7.14286,10.7379,83,73,81,2600,2800,0.480362,36,11.0236,0,0,4611,300520255147
36.6174,27.3094,7.14286,10.7379,83,73,81,2600,2800,0.480362,36,11.0236,0,0,4611,300547564990
33.6564,29.712,7.14286,10.7379,83,73,81,2600,2800,0.480362,36,11.0236,0,0,4611,300577278801
32.8553,30.4365,7.14286,10.7379,83,73,81,2600,2800,0.480362,36,11.0236,0,0,4611,300607714440
37.0287,27.0061,7.14286,10.7379,83,73,81,2600,2800,0.480362,36,11.0236,0,0,4611,300634722539
34.37,29.0951,7.14286,10.7379,83,73,81,2600,2800,0.480362,36,11.0236,0,0,4611,300663817836
32.7857,30.5011,7.14286,10.7379,83,73,81,2600,2800,0.480362,36,11.0236,0,0,4611,300694325189
35.2743,28.3492,7.14286,10.7379,83,73,81,2600,2800,0.480362,36,11.0236,0,0,4611,300722676225
40.7801,24.5218,7.14286,10.7379,83,73,81,2600,2800,0.480362,36,11.0236,0,0,4611,300747204785
32.8584,30.4336,7.14286,10.7379,83,73,81,2600,2800,0.480362,36,11.0236,0,0,4611,300777637098
37.1539,26.9151,7.14286,10.7379,83,73,81,2600,2800,0.480362,36,11.0236,0,0,4611,300804551722
36.8105,27.1662,7.14286,10.7379,83,73,81,2600,2800,0.480362,36,11.0236,0,0,4611,300831719329
35.3361,28.2997,7.14286,10.7379,83,73,81,2600,2800,0.480362,36,11.0236,0,0,4611,300860021825
38.0046,26.3126,7.14286,10.7379,83,73,81,2600,2800,0.480362,36,11.0236,0,0,4611,300886333624
38.8164,25.7623,7.14286,10.7379,83,73,81,2600,2800,0.480362,36,11.0236,0,0,4611,300912104483
27.2795,36.6576,11.3325,11.9837,83,72,80,2476,2800,0.480362,33,11.03,0,0,4589,300948763472
35.2519,28.3672,11.3325,11.9837,83,72,80,2476,2800,0.480362,33,11.03,0,0,4589,300977128585
39.1209,25.5618,11.3325,11.9837,83,72,80,2476,2800,0.480362,33,11.03,0,0,4589,301002693420
36.1093,27.6937,11.3325,11.9837,83,72,80,2476,2800,0.480362,33,11.03,0,0,4589,301030389143
34.7816,28.7508,11.3325,11.9837,83,72,80,2476,2800,0.480362,33,11.03,0,0,4589,301059141038
42.9395,23.2886,11.3325,11.9837,83,72,80,2476,2800,0.480362,33,11.03,0,0,4589,301082431926
34.7987,28.7367,11.3325,11.9837,83,72,80,2476,2800,0.480362,33,11.03,0,0,4589,301111168543
40.1771,24.8898,11.3325,11.9837,83,72,80,2476,2800,0.480362,33,11.03,0,0,4589,301136058457
30.4278,32.8647,11.3325,11.9837,83,72,80,2476,2800,0.480362,33,11.03,0,0,4589,301168924404
33.2814,30.0468,11.3325,11.9837,83,72,80,2476,2800,0.480362,33,11.03,0,0,4589,301198975946
32.3897,30.874,11.3325,11.9837,83,72,80,2476,2800,0.480362,33,11.03,0,0,4589,301229851096
38.6026,25.905,11.3325,11.9837,83,72,80,2476,2800,0.480362,33,11.03,0,0,4589,301255757588
35.1313,28.4646,11.3325,11.9837,83,72,80,2476,2800,0.480362,33,11.03,0,0,4589,301284226695
35.3354,28.3002,11.3325,11.9837,83,72,80,2476,2800,0.480362,33,11.03,0,0,4589,301312528870
36.6396,27.2929,11.3325,11.9837,83,72,80,2476,2800,0.480362,33,11.03,0,0,4589,301339821240
35.9366,27.8268,11.3325,11.9837,83,72,80,2476,2800,0.480362,33,11.03,0,0,4589,301367647447
33.2279,30.0952,11.3325,11.9837,83,72,80,2476,2800,0.480362,33,11.03,0,0,4589,301397744875
39.9033,25.0606,11.3325,11.9837,83,72,80,2476,2800,0.480362,33,11.03,0,0,4589,301422816188
36.2544,27.5829,7.14286,11.2334,83,81,81,2265,2800,0.480362,30,11.0302,0,0,4593,301450394161
33.811,29.5762,7.14286,11.2334,83,81,81,2265,2800,0.480362,30,11.0302,0,0,4593,301479969674
39.0004,25.6407,7.14286,11.2334,83,81,81,2265,2800,0.480362,30,11.0302,0,0,4593,301505615399
33.4043,29.9363,7.14286,11.2334,83,81,81,2265,2800,0.480362,30,11.0302,0,0,4593,301535552608
34.0737,29.3481,7.14286,11.2334,83,81,81,2265,2800,0.480362,30,11.0302,0,0,4593,301564903351
40.3224,24.8001,7.14286,11.2334,83,81,81,2265,2800,0.480362,30,11.0302,0,0,4593,301589704339
34.5142,28.9736,7.14286,11.2334,83,81,81,2265,2800,0.480362,30,11.0302,0,0,4593,301618680202
36.2818,27.562,7.14286,11.2334,83,81,81,2265,2800,0.480362,30,11.0302,0,0,4593,301646243428
37.4682,26.6893,7.14286,11.2334,83,81,81,2265,2800,0.480362,30,11.0302,0,0,4593,301672934215
34.3707,29.0946,7.14286,11.2334,83,81,81,2265,2800,0.480362,30,11.0302,0,0,4593,301702031034
34.481,29.0015,7.14286,11.2334,83,81,81,2265,2800,0.480362,30,11.0302,0,0,4593,301731035471
36.4316,27.4487,7.14286,11.2334,83,81,81,2265,2800,0.480362,30,11.0302,0,0,4593,301758485976
32.4003,30.8639,7.14286,11.2334,83,81,81,2265,2800,0.480362,30,11.0302,0,0,4593,301789349464
32.5363,30.7349,7.14286,11.2334,83,81,81,2265,2800,0.480362,30,11.0302,0,0,4593,301820084812
34.8345,28.7071,7.14286,11.2334,83,81,81,2265,2800,0.480362,30,11.0302,0,0,4593,301848793847
35.9585,27.8098,7.14286,11.2334,83,81,81,2265,2800,0.480362,30,11.0302,0,0,4593,301876607781
33.4582,29.888,7.14286,11.2334,83,81,81,2265,2800,0.480362,30,11.0302,0,0,4593,301906495197
26.2872,38.0414,7.14286,11.2334,83,81,81,2265,2800,0.480362,30,11.0302,0,0,4593,301944545504
27.8782,35.8703,6.88406,12.5996,83,72,82,2363,2800,0.480362,33,11.027,0,0,4635,301980411622
27.117,36.8772,6.88406,12.5996,83,72,82,2363,2800,0.480362,33,11.027,0,0,4635,302017291274
28.1063,35.5792,6.88406,12.5996,83,72,82,2363,2800,0.480362,33,11.027,0,0,4635,302052869144
27.7175,36.0783,6.88406,12.5996,83,72,82,2363,2800,0.480362,33,11.027,0,0,4635,302088948792
29.4913,33.9083,6.88406,12.5996,83,72,82,2363,2800,0.480362,33,11.027,0,0,4635,302122858718
27.4897,36.3772,6.88406,12.5996,83,72,82,2363,2800,0.480362,33,11.027,0,0,4635,302159235801
28.8418,34.6718,6.88406,12.5996,83,72,82,2363,2800,0.480362,33,11.027,0,0,4635,302193912188
28.2192,35.4369,6.88406,12.5996,83,72,82,2363,2800,0.480362,33,11.027,0,0,4635,302229351009
27.3087,36.6184,6.88406,12.5996,83,72,82,2363,2800,0.480362,33,11.027,0,0,4635,302265967308
29.2604,34.1758,6.88406,12.5996,83,72,82,2363,2800,0.480362,33,11.027,0,0,4635,302300145295
30.145,33.173,6.88406,12.5996,83,72,82,2363,2800,0.480362,33,11.027,0,0,4635,302333318305
29.9582,33.3799,6.88406,12.5996,83,72,82,2363,2800,0.480362,33,11.027,0,0,4635,302366700576
31.6387,31.6069,6.88406,12.5996,83,72,82,2363,2800,0.480362,33,11.027,0,0,4635,302398309386
31.1289,32.1245,6.88406,12.5996,83,72,82,2363,2800,0.480362,33,11.027,0,0,4635,302430435722
30.4591,32.8309,6.88406,12.5996,83,72,82,2363,2800,0.480362,33,11.027,0,0,4635,302463273907
29.3725,34.0454,8.33333,9.87885,83,71,81,800,2800,0.480118,28,11.0272,0,0,4594,302497319416
28.6168,34.9445,8.33333,9.87885,83,71,81,800,2800,0.480118,28,11.0272,0,0,4594,302532263593
27.8185,35.9474,8.33333,9.87885,83,71,81,800,2800,0.480118,28,11.0272,0,0,4594,302568209651
29.5572,33.8327,8.33333,9.87885,83,71,81,800,2800,0.480118,28,11.0272,0,0,4594,302602057972
29.1372,34.3204,8.33333,9.87885,83,71,81,800,2800,0.480118,28,11.0272,0,0,4594,302636365501
27.5493,36.2986,8.33333,9.87885,83,71,81,800,2800,0.480118,28,11.0272,0,0,4594,302672666742
28.7554,34.7761,8.33333,9.87885,83,71,81,800,2800,0.480118,28,11.0272,0,0,4594,302707443928
29.6943,33.6765,8.33333,9.87885,83,71,81,800,2800,0.480118,28,11.0272,0,0,4594,302741120388
28.9269,34.5699,8.33333,9.87885,83,71,81,800,2800,0.480118,28,11.0272,0,0,4594,302775692941
27.8926,35.8519,8.33333,9.87885,83,71,81,800,2800,0.480118,28,11.0272,0,0,4594,302811546978
27.1206,36.8723,8.33333,9.87885,83,71,81,800,2800,0.480118,28,11.0272,0,0,4594,302848421960
29.0002,34.4826,8.33333,9.87885,83,71,81,800,2800,0.480118,28,11.0272,0,0,4594,302882908904
29.0209,34.458,8.33333,9.87885,83,71,81,800,2800,0.480118,28,11.0272,0,0,4594,302917363567
29.2277,34.2141,8.33333,9.87885,83,71,81,800,2800,0.480118,28,11.0272,0,0,4594,302951584824
34.5764,28.9215,8.33333,9.87885,83,71,81,800,2800,0.480118,28,11.0272,0,0,4594,302980512137
32.7651,30.5203,12.8797,11.9147,82,71,80,2194,2800,0.480118,26,11.0328,0,0,4589,303011026062
31.8746,31.373,12.8797,11.9147,82,71,80,2194,2800,0.480118,26,11.0328,0,0,4589,303042403119
32.4416,30.8246,12.8797,11.9147,82,71,80,2194,2800,0.480118,26,11.0328,0,0,4589,303073226843
30.38,32.9164,12.8797,11.9147,82,71,80,2194,2800,0.480118,26,11.0328,0,0,4589,303106144166
33.9947,29.4164,12.8797,11.9147,82,71,80,2194,2800,0.480118,26,11.0328,0,0,4589,303135560892
35.5634,28.1188,12.8797,11.9147,82,71,80,2194,2800,0.480118,26,11.0328,0,0,4589,303163680036
37.0206,27.012,12.8797,11.9147,82,71,80,2194,2800,0.480118,26,11.0328,0,0,4589,303190693535
34.3399,29.1206,12.8797,11.9147,82,71,80,2194,2800,0.480118,26,11.0328,0,0,4589,303219819869
38.4691,25.9949,12.8797,11.9147,82,71,80,2194,2800,0.480118,26,11.0328,0,0,4589,303245812492
36.0695,27.7243,12.8797,11.9147,82,71,80,2194,2800,0.480118,26,11.0328,0,0,4589,303273538262
34.3337,29.1259,12.8797,11.9147,82,71,80,2194,2800,0.480118,26,11.0328,0,0,4589,303302664005
36.0065,27.7727,12.8797,11.9147,82,71,80,2194,2800,0.480118,26,11.0328,0,0,4589,303330438164
37.7163,26.5137,12.8797,11.9147,82,71,80,2194,2800,0.480118,26,11.0328,0,0,4589,303356956780
35.9088,27.8483,12.8797,11.9147,82,71,80,2194,2800,0.480118,26,11.0328,0,0,4589,303384810057
39.7107,25.1821,12.8797,11.9147,82,71,80,2194,2800,0.480118,26,11.0328,0,0,4589,303409988730
36.4723,27.418,12.8797,11.9147,82,71,80,2194,2800,0.480118,26,11.0328,0,0,4589,303437411854
33.6502,29.7175,12.8797,11.9147,82,71,80,2194,2800,0.480118,26,11.0328,0,0,4589,303467127279
36.9919,27.033,12.8797,11.9147,82,71,80,2194,2800,0.480118,26,11.0328,0,0,4589,303494165193
35.3878,28.2584,7.66423,11.6283,81,80,82,2248,2800,0.480118,34,11.0324,0,0,4585,303522420571
38.5374,25.9488,7.66423,11.6283,81,80,82,2248,2800,0.480118,34,11.0324,0,0,4585,303548370445
36.2057,27.62,7.66423,11.6283,81,80,82,2248,2800,0.480118,34,11.0324,0,0,4585,303575990917
34.7938,28.7407,7.66423,11.6283,81,80,82,2248,2800,0.480118,34,11.0324,0,0,4585,303604735429
34.9486,28.6135,7.66423,11.6283,81,80,82,2248,2800,0.480118,34,11.0324,0,0,4585,303633348014
39.3678,25.4014,7.66423,11.6283,81,80,82,2248,2800,0.480118,34,11.0324,0,0,4585,303658752088
34.8111,28.7265,7.66423,11.6283,81,80,82,2248,2800,0.480118,34,11.0324,0,0,4585,303687479738
36.5159,27.3853,7.66423,11.6283,81,80,82,2248,2800,0.480118,34,11.0324,0,0,4585,303714868247
40.5798,24.6428,7.66423,11.6283,81,80,82,2248,2800,0.480118,34,11.0324,0,0,4585,303739510429
32.6184,30.6575,7.66423,11.6283,81,80,82,2248,2800,0.480118,34,11.0324,0,0,4585,303770171258
33.6735,29.697,7.66423,11.6283,81,80,82,2248,2800,0.480118,34,11.0324,0,0,4585,303799869140
39.9174,25.0517,7.66423,11.6283,81,80,82,2248,2800,0.480118,34,11.0324,0,0,4585,303824922579
34.7266,28.7964,7.66423,11.6283,81,80,82,2248,2800,0.480118,34,11.0324,0,0,4585,303853720280
31.4554,31.791,7.66423,11.6283,81,80,82,2248,2800,0.480118,34,11.0324,0,0,4585,303885513323
41.4667,24.1157,7.66423,11.6283,81,80,82,2248,2800,0.480118,34,11.0324,0,0,4585,303909629683
35.8515,27.8928,7.66423,11.6283,81,80,82,2248,2800,0.480118,34,11.0324,0,0,4585,303937524889
34.3042,29.151,7.66423,11.6283,81,80,82,2248,2800,0.480118,34,11.0324,0,0,4585,303966677312
40.701,24.5694,7.66423,11.6283,81,80,82,2248,2800,0.480118,34,11.0324,0,0,4585,303991247649
34.4944,28.9902,7.66423,11.6283,81,80,82,2248,2800,0.480118,34,11.0324,0,0,4585,304020241857
39.2308,25.4902,7.38975,11.8524,83,71,82,2472,2800,0.480118,30,11.0313,0,0,4607,304045732002
36.4225,27.4556,7.38975,11.8524,83,71,82,2472,2800,0.480118,30,11.0313,0,0,4607,304073188508
35.8495,27.8944,7.38975,11.8524,83,71,82,2472,2800,0.480118,30,11.0313,0,0,4607,304101087972
35.1962,28.4122,7.38975,11.8524,83,71,82,2472,2800,0.480118,30,11.0313,0,0,4607,304129497437
37.6171,26.5836,7.38975,11.8524,83,71,82,2472,2800,0.480118,30,11.0313,0,0,4607,304156083158
34.784,28.7489,7.38975,11.8524,83,71,82,2472,2800,0.480118,30,11.0313,0,0,4607,304184834001
35.2362,28.3799,7.38975,11.8524,83,71,82,2472,2800,0.480118,30,11.0313,0,0,4607,304213214543
37.9666,26.339,7.38975,11.8524,83,71,82,2472,2800,0.480118,30,11.0313,0,0,4607,304239554605
34.154,29.2792,7.38975,11.8524,83,71,82,2472,2800,0.480118,30,11.0313,0,0,4607,304268836219
35.1697,28.4336,7.38975,11.8524,83,71,82,2472,2800,0.480118,30,11.0313,0,0,4607,304297269038
42.9971,23.2574,7.38975,11.8524,83,71,82,2472,2800,0.480118,30,11.0313,0,0,4607,304320528809
37.4454,26.7055,7.38975,11.8524,83,71,82,2472,2800,0.480118,30,11.0313,0,0,4607,304347237138
42.377,23.5977,7.38975,11.8524,83,71,82,2472,2800,0.480118,30,11.0313,0,0,4607,304370835260
36.2076,27.6185,7.38975,11.8524,83,71,82,2472,2800,0.480118,30,11.0313,0,0,4607,304398455412
41.3368,24.1915,7.38975,11.8524,83,71,82,2472,2800,0.480118,30,11.0313,0,0,4607,304422650950
39.3141,25.4362,7.38975,11.8524,83,71,82,2472,2800,0.480118,30,11.0313,0,0,4607,304448088897
38.1891,26.1855,7.38975,11.8524,83,71,82,2472,2800,0.480118,30,11.0313,0,0,4607,304474277246
35.1331,28.4632,7.38975,11.8524,83,71,82,2472,2800,0.480118,30,11.0313,0,0,4607,304502740232
35.4449,28.2128,7.38975,11.8524,83,71,82,2472,2800,0.480118,30,11.0313,0,0,4607,304530962498
40.5777,24.6441,7.89149,10.4994,83,71,82,2414,2800,0.480118,27,11.0346,0,0,4446,304555600471
39.0426,25.6131,7.89149,10.4994,83,71,82,2414,2800,0.480118,27,11.0346,0,0,4446,304581215399
32.9367,30.3613,7.89149,10.4994,83,71,82,2414,2800,0.480118,27,11.0346,0,0,4446,304611576740
36.8721,27.1208,7.89149,10.4994,83,71,82,2414,2800,0.480118,27,11.0346,0,0,4446,304638702639
32.9037,30.3917,7.89149,10.4994,83,71,82,2414,2800,0.480118,27,11.0346,0,0,4446,304669092733
36.7992,27.1745,7.89149,10.4994,83,71,82,2414,2800,0.480118,27,11.0346,0,0,4446,304696269547
39.8503,25.0939,7.89149,10.4994,83,71,82,2414,2800,0.480118,27,11.0346,0,0,4446,304721365987
37.5084,26.6607,7.89149,10.4994,83,71,82,2414,2800,0.480118,27,11.0346,0,0,4446,304748026457
40.3946,24.7558,7.89149,10.4994,83,71,82,2414,2800,0.480118,27,11.0346,0,0,4446,304772784715
33.7593,29.6215,7.89149,10.4994,83,71,82,2414,2800,0.480118,27,11.0346,0,0,4446,304802406665
36.9242,27.0825,7.89149,10.4994,83,71,82,2414,2800,0.480118,27,11.0346,0,0,4446,304829493521
41.1155,24.3217,7.89149,10.4994,83,71,82,2414,2800,0.480118,27,11.0346,0,0,4446,304853815224
36.9384,27.0721,7.89149,10.4994,83,71,82,2414,2800,0.480118,27,11.0346,0,0,4446,304880889126
37.6917,26.531,7.89149,10.4994,83,71,82,2414,2800,0.480118,27,11.0346,0,0,4446,304907420555
36.2347,27.5979,7.89149,10.4994,83,71,82,2414,2800,0.480118,27,11.0346,0,0,4446,304935020289
31.8554,31.3918,7.89149,10.4994,83,71,82,2414,2800,0.480118,27,11.0346,0,0,4446,304966414749
40.1562,24.9027,7.89149,10.4994,83,71,82,2414,2800,0.480118,27,11.0346,0,0,4446,304991318539
34.7848,28.7482,7.89149,10.4994,83,71,82,2414,2800,0.480118,27,11.0346,0,0,4446,305020069532
37.7859,26.4649,7.89149,10.4994,83,71,82,2414,2800,0.480118,27,11.0346,0,0,4446,305046539757
39.5089,25.3108,11.2332,10.9733,83,71,80,2589,2800,0.480118,36,11.0379,0,0,4611,305071846299
36.6668,27.2726,11.2332,10.9733,83,71,80,2589,2800,0.480118,36,11.0379,0,0,4611,305099128760
39.561,25.2774,11.2332,10.9733,83,71,80,2589,2800,0.480118,36,11.0379,0,0,4611,305124404595
30.3646,32.933,11.2332,10.9733,83,71,80,2589,2800,0.480118,36,11.0379,0,0,4611,305157339711
35.5208,28.1525,11.2332,10.9733,83,71,80,2589,2800,0.480118,36,11.0379,0,0,4611,305185494521
35.7649,27.9604,11.2332,10.9733,83,71,80,2589,2800,0.480118,36,11.0379,0,0,4611,305213456041
38.7016,25.8387,11.2332,10.9733,83,71,80,2589,2800,0.480118,36,11.0379,0,0,4611,305239294175
33.5602,29.7972,11.2332,10.9733,83,71,80,2589,2800,0.480118,36,11.0379,0,0,4611,305269094398
39.2877,25.4533,11.2332,10.9733,83,71,80,2589,2800,0.480118,36,11.0379,0,0,4611,305294550339
36.9889,27.0352,11.2332,10.9733,83,71,80,2589,2800,0.480118,36,11.0379,0,0,4611,305321584577
35.3691,28.2733,11.2332,10.9733,83,71,80,2589,2800,0.480118,36,11.0379,0,0,4611,305349863729
31.576,31.6696,11.2332,10.9733,83,71,80,2589,2800,0.480118,36,11.0379,0,0,4611,305381535416
35.5741,28.1103,11.2332,10.9733,83,71,80,2589,2800,0.480118,36,11.0379,0,0,4611,305409645633
36.8752,27.1185,11.2332,10.9733,83,71,80,2589,2800,0.480118,36,11.0379,0,0,4611,305436766894
34.8614,28.685,11.2332,10.9733,83,71,80,2589,2800,0.480118,36,11.0379,0,0,4611,305465454619
38.2704,26.1299,11.2332,10.9733,83,71,80,2589,2800,0.480118,36,11.0379,0,0,4611,305491587284
35.0492,28.5313,11.2332,10.9733,83,71,80,2589,2800,0.480118,36,11.0379,0,0,4611,305520117315
34.5362,28.9552,11.2332,10.9733,83,71,80,2589,2800,0.480118,36,11.0379,0,0,4611,305549080064
39.5664,25.274,10.875,13.2962,83,80,81,2570,2800,0.480118,31,11.0266,0,0,4602,305574351039
35.667,28.0371,10.875,13.2962,83,80,81,2570,2800,0.480118,31,11.0266,0,0,4602,305602389182
40.2603,24.8384,10.875,13.2962,83,80,81,2570,2800,0.480118,31,11.0266,0,0,4602,305627230034
35.2993,28.3292,10.875,13.2962,83,80,81,2570,2800,0.480118,31,11.0266,0,0,4602,305655559751
32.9394,30.3588,10.875,13.2962,83,80,81,2570,2800,0.480118,31,11.0266,0,0,4602,305685920971
42.336,23.6205,10.875,13.2962,83,80,81,2570,2800,0.480118,31,11.0266,0,0,4602,305709542958
36.0153,27.766,10.875,13.2962,83,80,81,2570,2800,0.480118,31,11.0266,0,0,4602,305737309072
36.2288,27.6024,10.875,13.2962,83,80,81,2570,2800,0.480118,31,11.0266,0,0,4602,305764913335
36.0753,27.7198,10.875,13.2962,83,80,81,2570,2800,0.480118,31,11.0266,0,0,4602,305792632141
36.6021,27.3208,10.875,13.2962,83,80,81,2570,2800,0.480118,31,11.0266,0,0,4602,305819955328
37.5297,26.6455,10.875,13.2962,83,80,81,2570,2800,0.480118,31,11.0266,0,0,4602,305846604948
38.0125,26.3072,10.875,13.2962,83,80,81,2570,2800,0.480118,31,11.0266,0,0,4602,305872910846
35.451,28.2079,10.875,13.2962,83,80,81,2570,2800,0.480118,31,11.0266,0,0,4602,305901120489
40.5959,24.633,10.875,13.2962,83,80,81,2570,2800,0.480118,31,11.0266,0,0,4602,305925755567
36.1902,27.6318,10.875,13.2962,83,80,81,2570,2800,0.480118,31,11.0266,0,0,4602,305953388894
38.5723,25.9254,10.875,13.2962,83,80,81,2570,2800,0.480118,31,11.0266,0,0,4602,305979315844
38.1953,26.1813,10.875,13.2962,83,80,81,2570,2800,0.480118,31,11.0266,0,0,4602,306005499895
32.8679,30.4249,10.875,13.2962,83,80,81,2570,2800,0.480118,31,11.0266,0,0,4602,306035925826
35.759,27.965,10.875,13.2962,83,80,81,2570,2800,0.480118,31,11.0266,0,0,4602,306063892905
37.1933,26.8866,6.95971,12.43,83,71,81,2553,2800,0.480118,30,11.0228,0,0,4615,306090782533
38.5723,25.9253,6.95971,12.43,83,71,81,2553,2800,0.480118,30,11.0228,0,0,4615,306116705597
30.7499,32.5204,6.95971,12.43,83,71,81,2553,2800,0.480118,30,11.0228,0,0,4615,306149226469
36.766,27.1991,6.95971,12.43,83,71,81,2553,2800,0.480118,30,11.0228,0,0,4615,306176430063
35.2051,28.405,6.95971,12.43,83,71,81,2553,2800,0.480118,30,11.0228,0,0,4615,306204834850
34.1918,29.2468,6.95971,12.43,83,71,81,2553,2800,0.480118,30,11.0228,0,0,4615,306234084525
38.6322,25.8852,6.95971,12.43,83,71,81,2553,2800,0.480118,30,11.0228,0,0,4615,306259971361
36.1624,27.653,6.95971,12.43,83,71,81,2553,2800,0.480118,30,11.0228,0,0,4615,306287623663
34.7389,28.7862,6.95971,12.43,83,71,81,2553,2800,0.480118,30,11.0228,0,0,4615,306316411345
24.7677,40.3751,6.95971,12.43,83,71,81,2553,2800,0.480118,30,11.0228,0,0,4615,306356788005
34.8301,28.7108,6.95971,12.43,83,71,81,2553,2800,0.480118,30,11.0228,0,0,4615,306385506458
42.1146,23.7447,6.95971,12.43,83,71,81,2553,2800,0.480118,30,11.0228,0,0,4615,306409246726
34.302,29.1528,6.95971,12.43,83,71,81,2553,2800,0.480118,30,11.0228,0,0,4615,306438399940
37.0169,27.0147,6.95971,12.43,83,71,81,2553,2800,0.480118,30,11.0228,0,0,4615,306465419200
35.9414,27.8231,6.95971,12.43,83,71,81,2553,2800,0.480118,30,11.0228,0,0,4615,306493241510
34.0707,29.3507,6.95971,12.43,83,71,81,2553,2800,0.480118,30,11.0228,0,0,4615,306522595078
35.0388,28.5398,6.95971,12.43,83,71,81,2553,2800,0.480118,30,11.0228,0,0,4615,306551139326
35.5617,28.1202,6.95971,12.43,83,71,81,2553,2800,0.480118,30,11.0228,0,0,4615,306579263098
35.4318,28.2232,8.65854,9.6195,83,71,81,2269,2800,0.480118,38,11.0261,0,0,4489,306607485013
33.2519,30.0734,8.65854,9.6195,83,71,81,2269,2800,0.480118,38,11.0261,0,0,4489,306637557294
32.4605,30.8067,8.65854,9.6195,83,71,81,2269,2800,0.480118,38,11.0261,0,0,4489,306668364527
37.8549,26.4167,8.65854,9.6195,83,71,81,2269,2800,0.480118,38,11.0261,0,0,4489,306694781452
37.0474,26.9924,8.65854,9.6195,83,71,81,2269,2800,0.480118,38,11.0261,0,0,4489,306721780825
33.6646,29.7048,8.65854,9.6195,83,71,81,2269,2800,0.480118,38,11.0261,0,0,4489,306751487263
36.8827,27.113,8.65854,9.6195,83,71,81,2269,2800,0.480118,38,11.0261,0,0,4489,306778601500
35.1411,28.4567,8.65854,9.6195,83,71,81,2269,2800,0.480118,38,11.0261,0,0,4489,306807058324
34.2382,29.2072,8.65854,9.6195,83,71,81,2269,2800,0.480118,38,11.0261,0,0,4489,306836265259
32.7237,30.5589,8.65854,9.6195,83,71,81,2269,2800,0.480118,38,11.0261,0,0,4489,306866825711
38.3118,26.1016,8.65854,9.6195,83,71,81,2269,2800,0.480118,38,11.0261,0,0,4489,306892930854
36.385,27.4839,8.65854,9.6195,83,71,81,2269,2800,0.480118,38,11.0261,0,0,4489,306920414992
35.9525,27.8145,8.65854,9.6195,83,71,81,2269,2800,0.480118,38,11.0261,0,0,4489,306948229968
39.038,25.6161,8.65854,9.6195,83,71,81,2269,2800,0.480118,38,11.0261,0,0,4489,306973850697
34.7644,28.7651,8.65854,9.6195,83,71,81,2269,2800,0.480118,38,11.0261,0,0,4489,307002614494
35.6772,28.0291,8.65854,9.6195,83,71,81,2269,2800,0.480118,38,11.0261,0,0,4489,307030647337
37.3226,26.7934,8.65854,9.6195,83,71,81,2269,2800,0.480118,38,11.0261,0,0,4489,307057441286
35.1225,28.4718,8.65854,9.6195,83,71,81,2269,2800,0.480118,38,11.0261,0,0,4489,307085916765
38.6777,25.8547,10.1737,10.5826,83,72,80,2582,2800,0.480118,36,11.0156,0,0,4587,307111771110
34.8244,28.7155,10.1737,10.5826,83,72,80,2582,2800,0.480118,36,11.0156,0,0,4587,307140486236
35.6644,28.0392,10.1737,10.5826,83,72,80,2582,2800,0.480118,36,11.0156,0,0,4587,307168527274
37.7795,26.4694,10.1737,10.5826,83,72,80,2582,2800,0.480118,36,11.0156,0,0,4587,307194999904
37.9234,26.3689,10.1737,10.5826,83,72,80,2582,2800,0.480118,36,11.0156,0,0,4587,307221369691
29.0314,34.4455,10.1737,10.5826,83,72,80,2582,2800,0.480118,36,11.0156,0,0,4587,307255816139
39.1721,25.5284,10.1737,10.5826,83,72,80,2582,2800,0.480118,36,11.0156,0,0,4587,307281348603
38.0134,26.3065,10.1737,10.5826,83,72,80,2582,2800,0.480118,36,11.0156,0,0,4587,307307654571
33.4707,29.8768,10.1737,10.5826,83,72,80,2582,2800,0.480118,36,11.0156,0,0,4587,307337534753
38.7776,25.7881,10.1737,10.5826,83,72,80,2582,2800,0.480118,36,11.0156,0,0,4587,307363324637
37.6271,26.5766,10.1737,10.5826,83,72,80,2582,2800,0.480118,36,11.0156,0,0,4587,307389899918
37.8104,26.4477,10.1737,10.5826,83,72,80,2582,2800,0.480118,36,11.0156,0,0,4587,307416356768
38.4081,26.0362,10.1737,10.5826,83,72,80,2582,2800,0.480118,36,11.0156,0,0,4587,307442390739
35.5787,28.1067,10.1737,10.5826,83,72,80,2582,2800,0.480118,36,11.0156,0,0,4587,307470496638
34.3412,29.1196,10.1737,10.5826,83,72,80,2582,2800,0.480118,36,11.0156,0,0,4587,307499624575
37.595,26.5993,10.1737,10.5826,83,72,80,2582,2800,0.480118,36,11.0156,0,0,4587,307526225654
35.8413,27.9007,10.1737,10.5826,83,72,80,2582,2800,0.480118,36,11.0156,0,0,4587,307554124446
37.2016,26.8805,10.1737,10.5826,83,72,80,2582,2800,0.480118,36,11.0156,0,0,4587,307581009676
36.3043,27.545,10.1737,10.5826,83,72,80,2582,2800,0.480118,36,11.0156,0,0,4587,307608556722
33.4773,29.8709,6.13718,12.2393,83,79,81,2292,2800,0.480118,34,11.0148,0,0,4609,307638424550
38.6121,25.8986,6.13718,12.2393,83,79,81,2292,2800,0.480118,34,11.0148,0,0,4609,307664324701
37.0942,26.9584,6.13718,12.2393,83,79,81,2292,2800,0.480118,34,11.0148,0,0,4609,307691282867
35.857,27.8885,6.13718,12.2393,83,79,81,2292,2800,0.480118,34,11.0148,0,0,4609,307719172362
42.3276,23.6253,6.13718,12.2393,83,79,81,2292,2800,0.480118,34,11.0148,0,0,4609,307742801321
34.7963,28.7387,6.13718,12.2393,83,79,81,2292,2800,0.480118,34,11.0148,0,0,4609,307771539691
35.0363,28.5419,6.13718,12.2393,83,79,81,2292,2800,0.480118,34,11.0148,0,0,4609,307800084460
39.2486,25.4786,6.13718,12.2393,83,79,81,2292,2800,0.480118,34,11.0148,0,0,4609,307825565467
36.2037,27.6215,6.13718,12.2393,83,79,81,2292,2800,0.480118,34,11.0148,0,0,4609,307853185088
40.6665,24.5902,6.13718,12.2393,83,79,81,2292,2800,0.480118,34,11.0148,0,0,4609,307877782376
36.8237,27.1565,6.13718,12.2393,83,79,81,2292,2800,0.480118,34,11.0148,0,0,4609,307904936408
36.843,27.1422,6.13718,12.2393,83,79,81,2292,2800,0.480118,34,11.0148,0,0,4609,307932078106
38.7998,25.7733,6.13718,12.2393,83,79,81,2292,2800,0.480118,34,11.0148,0,0,4609,307957855898
35.5959,28.0931,6.13718,12.2393,83,79,81,2292,2800,0.480118,34,11.0148,0,0,4609,307985950216
43.7308,22.8672,6.13718,12.2393,83,79,81,2292,2800,0.480118,34,11.0148,0,0,4609,308008819116
35.9426,27.8221,6.13718,12.2393,83,79,81,2292,2800,0.480118,34,11.0148,0,0,4609,308036640113
37.3901,26.745,6.13718,12.2393,83,79,81,2292,2800,0.480118,34,11.0148,0,0,4609,308063391002
36.6796,27.2631,6.13718,12.2393,83,79,81,2292,2800,0.480118,34,11.0148,0,0,4609,308090653426
37.2484,26.8468,6.13718,12.2393,83,79,81,2292,2800,0.480118,34,11.0148,0,0,4609,308117509191
41.7368,23.9597,6.30408,9.54845,84,71,82,2600,2800,0.480118,30,11.0145,0,0,4585,308141463388
34.98,28.5878,6.30408,9.54845,84,71,82,2600,2800,0.480118,30,11.0145,0,0,4585,308170049644
40.3798,24.7649,6.30408,9.54845,84,71,82,2600,2800,0.480118,30,11.0145,0,0,4585,308194821017
36.9218,27.0843,6.30408,9.54845,84,71,82,2600,2800,0.480118,30,11.0145,0,0,4585,308221902843
38.0437,26.2855,6.30408,9.54845,84,71,82,2600,2800,0.480118,30,11.0145,0,0,4585,308248192000
34.9622,28.6023,6.30408,9.54845,84,71,82,2600,2800,0.480118,30,11.0145,0,0,4585,308276794096
33.0568,30.251,6.30408,9.54845,84,71,82,2600,2800,0.480118,30,11.0145,0,0,4585,308307047665
30.4734,32.8155,6.30408,9.54845,84,71,82,2600,2800,0.480118,30,11.0145,0,0,4585,308339863398
32.5624,30.7103,6.30408,9.54845,84,71,82,2600,2800,0.480118,30,11.0145,0,0,4585,308370573890
29.3171,34.1098,6.30408,9.54845,84,71,82,2600,2800,0.480118,30,11.0145,0,0,4585,308404687927
31.4521,31.7944,6.30408,9.54845,84,71,82,2600,2800,0.480118,30,11.0145,0,0,4585,308436481121
34.42,29.0529,6.30408,9.54845,84,71,82,2600,2800,0.480118,30,11.0145,0,0,4585,308465534479
28.2886,35.35,6.30408,9.54845,84,71,82,2600,2800,0.480118,30,11.0145,0,0,4585,308500887610
30.9247,32.3366,6.30408,9.54845,84,71,82,2600,2800,0.480118,30,11.0145,0,0,4585,308533224599
29.1551,34.2993,6.30408,9.54845,84,71,82,2600,2800,0.480118,30,11.0145,0,0,4585,308567527129
33.3251,30.0074,6.30408,9.54845,84,71,82,2600,2800,0.480118,30,11.0145,0,0,4585,308597536391
29.8366,33.5159,6.30408,9.54845,84,71,82,2600,2800,0.480118,30,11.0145,0,0,4585,308631060748
30.888,32.375,9.66952,9.76455,84,71,82,2568,2800,0.479626,30,11.0188,0,0,3892,308663431690
31.7084,31.5374,9.66952,9.76455,84,71,82,2568,2800,0.479626,30,11.0188,0,0,3892,308694970138
30.4923,32.7952,9.66952,9.76455,84,71,82,2568,2800,0.479626,30,11.0188,0,0,3892,308727765884
30.9437,32.3168,9.66952,9.76455,84,71,82,2568,2800,0.479626,30,11.0188,0,0,3892,308760086513
31.6397,31.6059,9.66952,9.76455,84,71,82,2568,2800,0.479626,30,11.0188,0,0,3892,308791693269
30.5004,32.7864,9.66952,9.76455,84,71,82,2568,2800,0.479626,30,11.0188,0,0,3892,308824482182
32.8478,30.4435,9.66952,9.76455,84,71,82,2568,2800,0.479626,30,11.0188,0,0,3892,308854926878
34.8308,28.7102,9.66952,9.76455,84,71,82,2568,2800,0.479626,30,11.0188,0,0,3892,308883636173
31.02,32.2373,9.66952,9.76455,84,71,82,2568,2800,0.479626,30,11.0188,0,0,3892,308915875951
30.6078,32.6714,9.66952,9.76455,84,71,82,2568,2800,0.479626,30,11.0188,0,0,3892,308948551152
31.1526,32.1,9.66952,9.76455,84,71,82,2568,2800,0.479626,30,11.0188,0,0,3892,308980649906
30.3232,32.9781,9.66952,9.76455,84,71,82,2568,2800,0.479626,30,11.0188,0,0,3892,309013631028
29.9392,33.401,9.66952,9.76455,84,71,82,2568,2800,0.479626,30,11.0188,0,0,3892,309047032685
29.8893,33.4568,9.66952,9.76455,84,71,82,2568,2800,0.479626,30,11.0188,0,0,3892,309080491870
31.8214,31.4254,9.66952,9.76455,84,71,82,2568,2800,0.479626,30,11.0188,0,0,3892,309111916746
31.0295,32.2274,9.66952,9.76455,84,71,82,2568,2800,0.479626,30,11.0188,0,0,3892,309144147116
30.456,32.8342,9.45946,8.3508,84,71,79,2600,2800,0.479626,37,11.0099,0,0,4617,309176979670
29.8833,33.4635,9.45946,8.3508,84,71,79,2600,2800,0.479626,37,11.0099,0,0,4617,309210447932
32.2766,30.9822,9.45946,8.3508,84,71,79,2600,2800,0.479626,37,11.0099,0,0,4617,309241430662
32.3227,30.938,9.45946,8.3508,84,71,79,2600,2800,0.479626,37,11.0099,0,0,4617,309272369210
31.8405,31.4065,9.45946,8.3508,84,71,79,2600,2800,0.479626,37,11.0099,0,0,4617,309303775582
33.7691,29.6129,9.45946,8.3508,84,71,79,2600,2800,0.479626,37,11.0099,0,0,4617,309333390579
31.1948,32.0567,9.45946,8.3508,84,71,79,2600,2800,0.479626,37,11.0099,0,0,4617,309365449238
31.617,31.6286,9.45946,8.3508,84,71,79,2600,2800,0.479626,37,11.0099,0,0,4617,309397077634
31.4389,31.8077,9.45946,8.3508,84,71,79,2600,2800,0.479626,37,11.0099,0,0,4617,309428886528
31.0075,32.2502,9.45946,8.3508,84,71,79,2600,2800,0.479626,37,11.0099,0,0,4617,309461138278
31.8854,31.3623,9.45946,8.3508,84,71,79,2600,2800,0.479626,37,11.0099,0,0,4617,309492504494
33.4769,29.8714,9.45946,8.3508,84,71,79,2600,2800,0.479626,37,11.0099,0,0,4617,309522375429
37.9164,26.3738,9.45946,8.3508,84,71,79,2600,2800,0.479626,37,11.0099,0,0,4617,309548750987
33.2583,30.0677,9.45946,8.3508,84,71,79,2600,2800,0.479626,37,11.0099,0,0,4617,309578819841
33.2524,30.073,9.45946,8.3508,84,71,79,2600,2800,0.479626,37,11.0099,0,0,4617,309608895137
32.8747,30.4185,9.45946,8.3508,84,71,79,2600,2800,0.479626,37,11.0099,0,0,4617,309639312723
34.4832,28.9996,9.45946,8.3508,84,71,79,2600,2800,0.479626,37,11.0099,0,0,4617,309668321558
33.3456,29.989,6.96278,13.3374,84,81,80,2566,2800,0.479626,31,11.0096,0,0,4571,309698305122
33.3623,29.974,6.96278,13.3374,84,81,80,2566,2800,0.479626,31,11.0096,0,0,4571,309728279280
31.3455,31.9025,6.96278,13.3374,84,81,80,2566,2800,0.479626,31,11.0096,0,0,4571,309760182699
29.4564,33.9485,6.96278,13.3374,84,81,80,2566,2800,0.479626,31,11.0096,0,0,4571,309794133352
31.7369,31.509,6.96278,13.3374,84,81,80,2566,2800,0.479626,31,11.0096,0,0,4571,309825643557
33.6865,29.6854,6.96278,13.3374,84,81,80,2566,2800,0.479626,31,11.0096,0,0,4571,309855332071
31.9935,31.2564,6.96278,13.3374,84,81,80,2566,2800,0.479626,31,11.0096,0,0,4571,309886591709
32.8277,30.4621,6.96278,13.3374,84,81,80,2566,2800,0.479626,31,11.0096,0,0,4571,309917055370
31.8832,31.3645,6.96278,13.3374,84,81,80,2566,2800,0.479626,31,11.0096,0,0,4571,309948418401
30.3457,32.9536,6.96278,13.3374,84,81,80,2566,2800,0.479626,31,11.0096,0,0,4571,309981375858
31.6414,31.6041,6.96278,13.3374,84,81,80,2566,2800,0.479626,31,11.0096,0,0,4571,310012980691
32.113,31.1401,6.96278,13.3374,84,81,80,2566,2800,0.479626,31,11.0096,0,0,4571,310044123580
32.9922,30.3102,6.96278,13.3374,84,81,80,2566,2800,0.479626,31,11.0096,0,0,4571,310074434927
32.4137,30.8511,6.96278,13.3374,84,81,80,2566,2800,0.479626,31,11.0096,0,0,4571,310105290691
33.0584,30.2495,6.96278,13.3374,84,81,80,2566,2800,0.479626,31,11.0096,0,0,4571,310135537938
32.0108,31.2394,6.96278,13.3374,84,81,80,2566,2800,0.479626,31,11.0096,0,0,4571,310166779201
32.8396,30.4511,6.96278,13.3374,84,81,80,2566,2800,0.479626,31,11.0096,0,0,4571,310197232183
31.9972,31.2528,7.38095,11.4497,84,72,81,2591,2800,0.479626,35,11.0163,0,0,4597,310228486650
33.0333,30.2725,7.38095,11.4497,84,72,81,2591,2800,0.479626,35,11.0163,0,0,4597,310258759706
32.3903,30.8734,7.38095,11.4497,84,72,81,2591,2800,0.479626,35,11.0163,0,0,4597,310289636960
31.5862,31.6594,7.38095,11.4497,84,72,81,2591,2800,0.479626,35,11.0163,0,0,4597,310321301804
34.6029,28.8993,7.38095,11.4497,84,72,81,2591,2800,0.479626,35,11.0163,0,0,4597,310350195864
29.4569,33.9479,7.38095,11.4497,84,72,81,2591,2800,0.479626,35,11.0163,0,0,4597,310384146056
31.2152,32.0357,7.38095,11.4497,84,72,81,2591,2800,0.479626,35,11.0163,0,0,4597,310416181903
30.516,32.7697,7.38095,11.4497,84,72,81,2591,2800,0.479626,35,11.0163,0,0,4597,310448952141
30.3998,32.895,7.38095,11.4497,84,72,81,2591,2800,0.479626,35,11.0163,0,0,4597,310481850749
32.769,30.5167,7.38095,11.4497,84,72,81,2591,2800,0.479626,35,11.0163,0,0,4597,310512366968
30.8331,32.4326,7.38095,11.4497,84,72,81,2591,2800,0.479626,35,11.0163,0,0,4597,310544802181
30.2882,33.0162,7.38095,11.4497,84,72,81,2591,2800,0.479626,35,11.0163,0,0,4597,310577818338
33.4792,29.8693,7.38095,11.4497,84,72,81,2591,2800,0.479626,35,11.0163,0,0,4597,310607692358
33.2783,30.0496,7.38095,11.4497,84,72,81,2591,2800,0.479626,35,11.0163,0,0,4597,310637740344
30.7899,32.4782,7.38095,11.4497,84,72,81,2591,2800,0.479626,35,11.0163,0,0,4597,310670222674
29.4436,33.9633,7.38095,11.4497,84,72,81,2591,2800,0.479626,35,11.0163,0,0,4597,310704191019
32.8732,30.4199,11.2624,10.3914,83,72,80,2309,2800,0.479626,38,11.0146,0,0,4270,310734608775
31.3168,31.9317,11.2624,10.3914,83,72,80,2309,2800,0.479626,38,11.0146,0,0,4270,310766542812
30.283,33.0218,11.2624,10.3914,83,72,80,2309,2800,0.479626,38,11.0146,0,0,4270,310799565311
31.5246,31.7213,11.2624,10.3914,83,72,80,2309,2800,0.479626,38,11.0146,0,0,4270,310831288214
32.437,30.829,11.2624,10.3914,83,72,80,2309,2800,0.479626,38,11.0146,0,0,4270,310862117377
34.2796,29.1718,11.2624,10.3914,83,72,80,2309,2800,0.479626,38,11.0146,0,0,4270,310891290690
35.9987,27.7788,11.2624,10.3914,83,72,80,2309,2800,0.479626,38,11.0146,0,0,4270,310919071501
30.4887,32.799,11.2624,10.3914,83,72,80,2309,2800,0.479626,38,11.0146,0,0,4270,310951871225
30.7929,32.475,11.2624,10.3914,83,72,80,2309,2800,0.479626,38,11.0146,0,0,4270,310984349648
31.1952,32.0562,11.2624,10.3914,83,72,80,2309,2800,0.479626,38,11.0146,0,0,4270,311016404410
31.6272,31.6183,11.2624,10.3914,83,72,80,2309,2800,0.479626,38,11.0146,0,0,4270,311048024721
32.2844,30.9747,11.2624,10.3914,83,72,80,2309,2800,0.479626,38,11.0146,0,0,4270,311079001020
33.5613,29.7962,11.2624,10.3914,83,72,80,2309,2800,0.479626,38,11.0146,0,0,4270,311108798688
31.9569,31.2921,11.2624,10.3914,83,72,80,2309,2800,0.479626,38,11.0146,0,0,4270,311140091066
30.4822,32.8061,11.2624,10.3914,83,72,80,2309,2800,0.479626,38,11.0146,0,0,4270,311172899947
32.5458,30.7259,11.2624,10.3914,83,72,80,2309,2800,0.479626,38,11.0146,0,0,4270,311203628613
31.1345,32.1187,11.2624,10.3914,83,72,80,2309,2800,0.479626,38,11.0146,0,0,4270,311235749649
31.3916,31.8556,9.21986,12.1082,83,72,80,2283,2800,0.479626,35,11.0272,0,0,4570,311267605670
31.0125,32.2451,9.21986,12.1082,83,72,80,2283,2800,0.479626,35,11.0272,0,0,4570,311299849515
31.9981,31.2518,9.21986,12.1082,83,72,80,2283,2800,0.479626,35,11.0272,0,0,4570,311331103212
32.5311,30.7398,9.21986,12.1082,83,72,80,2283,2800,0.479626,35,11.0272,0,0,4570,311361844882
33.0875,30.2229,9.21986,12.1082,83,72,80,2283,2800,0.479626,35,11.0272,0,0,4570,311392068455
30.5892,32.6913,9.21986,12.1082,83,72,80,2283,2800,0.479626,35,11.0272,0,0,4570,311424761840
32.9905,30.3118,9.21986,12.1082,83,72,80,2283,2800,0.479626,35,11.0272,0,0,4570,311455073768
30.5774,32.7039,9.21986,12.1082,83,72,80,2283,2800,0.479626,35,11.0272,0,0,4570,311487781750
29.7241,33.6427,9.21986,12.1082,83,72,80,2283,2800,0.479626,35,11.0272,0,0,4570,311521426140
30.0672,33.2589,9.21986,12.1082,83,72,80,2283,2800,0.479626,35,11.0272,0,0,4570,311554687485
28.5828,34.986,9.21986,12.1082,83,72,80,2283,2800,0.479626,35,11.0272,0,0,4570,311589671848
30.6252,32.6529,9.21986,12.1082,83,72,80,2283,2800,0.479626,35,11.0272,0,0,4570,311622330167
29.5532,33.8373,9.21986,12.1082,83,72,80,2283,2800,0.479626,35,11.0272,0,0,4570,311656166576
30.2135,33.0977,9.21986,12.1082,83,72,80,2283,2800,0.479626,35,11.0272,0,0,4570,311689264396
31.2574,31.9924,9.21986,12.1082,83,72,80,2283,2800,0.479626,35,11.0272,0,0,4570,311721258154
31.3465,31.9015,9.21986,12.1082,83,72,80,2283,2800,0.479626,35,11.0272,0,0,4570,311753165371
31.9842,31.2655,7.88835,12.8688,83,80,81,2235,2800,0.479626,25,11.0247,0,0,4603,311784427663
30.5911,32.6893,7.88835,12.8688,83,80,81,2235,2800,0.479626,25,11.0247,0,0,4603,311817118724
31.1067,32.1474,7.88835,12.8688,83,80,81,2235,2800,0.479626,25,11.0247,0,0,4603,311849268223
30.8729,32.3908,7.88835,12.8688,83,80,81,2235,2800,0.479626,25,11.0247,0,0,4603,311881661697
30.4589,32.8311,7.88835,12.8688,83,80,81,2235,2800,0.479626,25,11.0247,0,0,4603,311914494923
31.146,32.1069,7.88835,12.8688,83,80,81,2235,2800,0.479626,25,11.0247,0,0,4603,311946601813
29.5616,33.8277,7.88835,12.8688,83,80,81,2235,2800,0.479626,25,11.0247,0,0,4603,311980432691
31.2012,32.05,7.88835,12.8688,83,80,81,2235,2800,0.479626,25,11.0247,0,0,4603,312012481733
32.1276,31.1259,7.88835,12.8688,83,80,81,2235,2800,0.479626,25,11.0247,0,0,4603,312043608653
31.7284,31.5175,7.88835,12.8688,83,80,81,2235,2800,0.479626,25,11.0247,0,0,4603,312075127514
32.9236,30.3733,7.88835,12.8688,83,80,81,2235,2800,0.479626,25,11.0247,0,0,4603,312105502540
32.1933,31.0624,7.88835,12.8688,83,80,81,2235,2800,0.479626,25,11.0247,0,0,4603,312136567103
31.0683,32.1872,7.88835,12.8688,83,80,81,2235,2800,0.479626,25,11.0247,0,0,4603,312168754373
31.2271,32.0235,7.88835,12.8688,83,80,81,2235,2800,0.479626,25,11.0247,0,0,4603,312200779891
31.8972,31.3507,7.88835,12.8688,83,80,81,2235,2800,0.479626,25,11.0247,0,0,4603,312232131370
31.3236,31.9248,7.88835,12.8688,83,80,81,2235,2800,0.479626,25,11.0247,0,0,4603,312264059576
30.9611,32.2986,6.89655,10.9158,83,72,81,2600,2800,0.479626,34,11.0358,0,0,4594,312296357883
30.5088,32.7775,6.89655,10.9158,83,72,81,2600,2800,0.479626,34,11.0358,0,0,4594,312329139342
30.6999,32.5734,6.89655,10.9158,83,72,81,2600,2800,0.479626,34,11.0358,0,0,4594,312361711991
32.6908,30.5896,6.89655,10.9158,83,72,81,2600,2800,0.479626,34,11.0358,0,0,4594,312392303531
29.3171,34.1098,6.89655,10.9158,83,72,81,2600,2800,0.479626,34,11.0358,0,0,4594,312426415805
30.539,32.745,6.89655,10.9158,83,72,81,2600,2800,0.479626,34,11.0358,0,0,4594,312459162048
29.5737,33.8138,6.89655,10.9158,83,72,81,2600,2800,0.479626,34,11.0358,0,0,4594,312492976577
30.2563,33.051,6.89655,10.9158,83,72,81,2600,2800,0.479626,34,11.0358,0,0,4594,312526029432
31.6302,31.6153,6.89655,10.9158,83,72,81,2600,2800,0.479626,34,11.0358,0,0,4594,312557647289
30.2326,33.0769,6.89655,10.9158,83,72,81,2600,2800,0.479626,34,11.0358,0,0,4594,312590723759
30.8365,32.4291,6.89655,10.9158,83,72,81,2600,2800,0.479626,34,11.0358,0,0,4594,312623154573
30.0345,33.2951,6.89655,10.9158,83,72,81,2600,2800,0.479626,34,11.0358,0,0,4594,312656449241
29.9308,33.4104,6.89655,10.9158,83,72,81,2600,2800,0.479626,34,11.0358,0,0,4594,312689862339
30.4449,32.8462,6.89655,10.9158,83,72,81,2600,2800,0.479626,34,11.0358,0,0,4594,312722709671
30.1342,33.1849,6.89655,10.9158,83,72,81,2600,2800,0.479626,34,11.0358,0,0,4594,312755896587
30.0134,33.3184,6.89655,10.9158,83,72,81,2600,2800,0.479626,34,11.0358,0,0,4594,312789219067
30.5617,32.7207,12.3649,10.5775,84,72,82,2408,2800,0.480118,29,11.034,0,0,4451,312821938831
33.6359,29.7302,12.3649,10.5775,84,72,82,2408,2800,0.480118,29,11.034,0,0,4451,312851670355
31.2351,32.0152,12.3649,10.5775,84,72,82,2408,2800,0.480118,29,11.034,0,0,4451,312883686806
32.4067,30.8578,12.3649,10.5775,84,72,82,2408,2800,0.480118,29,11.034,0,0,4451,312914547538
31.59,31.6556,12.3649,10.5775,84,72,82,2408,2800,0.480118,29,11.034,0,0,4451,312946204007
30.5424,32.7413,12.3649,10.5775,84,72,82,2408,2800,0.480118,29,11.034,0,0,4451,312978946794
33.019,30.2856,12.3649,10.5775,84,72,82,2408,2800,0.480118,29,11.034,0,0,4451,313009235789
33.4401,29.9042,12.3649,10.5775,84,72,82,2408,2800,0.480118,29,11.034,0,0,4451,313039138132
33.154,30.1622,12.3649,10.5775,84,72,82,2408,2800,0.480118,29,11.034,0,0,4451,313069303016
32.5797,30.694,12.3649,10.5775,84,72,82,2408,2800,0.480118,29,11.034,0,0,4451,313099999642
32.5709,30.7023,12.3649,10.5775,84,72,82,2408,2800,0.480118,29,11.034,0,0,4451,313130702530
30.7491,32.5213,12.3649,10.5775,84,72,82,2408,2800,0.480118,29,11.034,0,0,4451,313163227220
33.6801,29.6911,12.3649,10.5775,84,72,82,2408,2800,0.480118,29,11.034,0,0,4451,313192918579
26.0715,38.3561,12.3649,10.5775,84,72,82,2408,2800,0.480118,29,11.034,0,0,4451,313231274547
25.4745,39.255,12.3649,10.5775,84,72,82,2408,2800,0.480118,29,11.034,0,0,4451,313270529994
33.4442,29.9006,12.3649,10.5775,84,72,82,2408,2800,0.480118,29,11.034,0,0,4451,313300435704
32.0617,31.1899,8.47666,11.9466,84,71,81,2596,2800,0.480118,33,11.0161,0,0,4617,313331625341
33.0747,30.2346,8.47666,11.9466,84,71,81,2596,2800,0.480118,33,11.0161,0,0,4617,313361861086
33.4108,29.9304,8.47666,11.9466,84,71,81,2596,2800,0.480118,33,11.0161,0,0,4617,313391792263
34.6984,28.8198,8.47666,11.9466,84,71,81,2596,2800,0.480118,33,11.0161,0,0,4617,313420612626
32.735,30.5483,8.47666,11.9466,84,71,81,2596,2800,0.480118,33,11.0161,0,0,4617,313451162649
32.6589,30.6195,8.47666,11.9466,84,71,81,2596,2800,0.480118,33,11.0161,0,0,4617,313481784165
31.8628,31.3845,8.47666,11.9466,84,71,81,2596,2800,0.480118,33,11.0161,0,0,4617,313513169758
32.2322,31.0249,8.47666,11.9466,84,71,81,2596,2800,0.480118,33,11.0161,0,0,4617,313544194757
33.2226,30.1,8.47666,11.9466,84,71,81,2596,2800,0.480118,33,11.0161,0,0,4617,313574296914
33.665,29.7044,8.47666,11.9466,84,71,81,2596,2800,0.480118,33,11.0161,0,0,4617,313604002239
32.4739,30.794,8.47666,11.9466,84,71,81,2596,2800,0.480118,33,11.0161,0,0,4617,313634798892
32.9471,30.3517,8.47666,11.9466,84,71,81,2596,2800,0.480118,33,11.0161,0,0,4617,313665151707
32.085,31.1672,8.47666,11.9466,84,71,81,2596,2800,0.480118,33,11.0161,0,0,4617,313696320855
35.7532,27.9695,8.47666,11.9466,84,71,81,2596,2800,0.480118,33,11.0161,0,0,4617,313724289298
33.8092,29.5777,8.47666,11.9466,84,71,81,2596,2800,0.480118,33,11.0161,0,0,4617,313753869329
32.3484,30.9134,8.47666,11.9466,84,71,81,2596,2800,0.480118,33,11.0161,0,0,4617,313784784053
33.1739,30.1442,8.47666,11.9466,84,71,81,2596,2800,0.480118,33,11.0161,0,0,4617,313814936623
31.4886,31.7575,7.57021,11.6967,84,81,81,2600,2800,0.480118,29,11.0111,0,0,4604,313846691385
34.3463,29.1152,7.57021,11.6967,84,81,81,2600,2800,0.480118,29,11.0111,0,0,4604,313875805827
31.8854,31.3623,7.57021,11.6967,84,81,81,2600,2800,0.480118,29,11.0111,0,0,4604,313907169389
34.684,28.8318,7.57021,11.6967,84,81,81,2600,2800,0.480118,29,11.0111,0,0,4604,313936002786
32.3703,30.8925,7.57021,11.6967,84,81,81,2600,2800,0.480118,29,11.0111,0,0,4604,313966899436
32.1538,31.1005,7.57021,11.6967,84,81,81,2600,2800,0.480118,29,11.0111,0,0,4604,313997999746
34.3777,29.0886,7.57021,11.6967,84,81,81,2600,2800,0.480118,29,11.0111,0,0,4604,314027088801
32.4506,30.8161,7.57021,11.6967,84,81,81,2600,2800,0.480118,29,11.0111,0,0,4604,314057907936
33.7096,29.6651,7.57021,11.6967,84,81,81,2600,2800,0.480118,29,11.0111,0,0,4604,314087573066
33.2859,30.0427,7.57021,11.6967,84,81,81,2600,2800,0.480118,29,11.0111,0,0,4604,314117616944
31.9081,31.34,7.57021,11.6967,84,81,81,2600,2800,0.480118,29,11.0111,0,0,4604,314148960057
31.2863,31.9629,7.57021,11.6967,84,81,81,2600,2800,0.480118,29,11.0111,0,0,4604,314180924972
26.4746,37.7721,7.57021,11.6967,84,81,81,2600,2800,0.480118,29,11.0111,0,0,4604,314218696338
32.4865,30.782,7.57021,11.6967,84,81,81,2600,2800,0.480118,29,11.0111,0,0,4604,314249479205
32.2458,31.0118,7.57021,11.6967,84,81,81,2600,2800,0.480118,29,11.0111,0,0,4604,314280493385
34.1381,29.2928,7.57021,11.6967,84,81,81,2600,2800,0.480118,29,11.0111,0,0,4604,314309788023
33.8685,29.526,7.57021,11.6967,84,81,81,2600,2800,0.480118,29,11.0111,0,0,4604,314339317721
32.1952,31.0605,7.66467,13.3546,84,72,82,2551,2800,0.480118,29,11.0113,0,0,4594,314370377565
32.562,30.7106,7.66467,13.3546,84,72,82,2551,2800,0.480118,29,11.0113,0,0,4594,314401091354
31.4235,31.8233,7.66467,13.3546,84,72,82,2551,2800,0.480118,29,11.0113,0,0,4594,314432916447
34.4809,29.0016,7.66467,13.3546,84,72,82,2551,2800,0.480118,29,11.0113,0,0,4594,314461917347
32.2639,30.9944,7.66467,13.3546,84,72,82,2551,2800,0.480118,29,11.0113,0,0,4594,314492912881
31.1938,32.0577,7.66467,13.3546,84,72,82,2551,2800,0.480118,29,11.0113,0,0,4594,314524973765
26.9897,37.0511,7.66467,13.3546,84,72,82,2551,2800,0.480118,29,11.0113,0,0,4594,314562025628
32.3815,30.8818,7.66467,13.3546,84,72,82,2551,2800,0.480118,29,11.0113,0,0,4594,314592908422
30.5728,32.7088,7.66467,13.3546,84,72,82,2551,2800,0.480118,29,11.0113,0,0,4594,314625619760
31.6454,31.6001,7.66467,13.3546,84,72,82,2551,2800,0.480118,29,11.0113,0,0,4594,314657222989
31.2451,32.005,7.66467,13.3546,84,72,82,2551,2800,0.480118,29,11.0113,0,0,4594,314689229321
30.7267,32.5449,7.66467,13.3546,84,72,82,2551,2800,0.480118,29,11.0113,0,0,4594,314721777084
30.8548,32.4098,7.66467,13.3546,84,72,82,2551,2800,0.480118,29,11.0113,0,0,4594,314754186909
31.9359,31.3127,7.66467,13.3546,84,72,82,2551,2800,0.480118,29,11.0113,0,0,4594,314785500648
31.5323,31.7135,7.66467,13.3546,84,72,82,2551,2800,0.480118,29,11.0113,0,0,4594,314817216667
31.7269,31.519,7.66467,13.3546,84,72,82,2551,2800,0.480118,29,11.0113,0,0,4594,314848741129
31.1565,32.0961,12.716,10.4824,84,71,82,2596,2800,0.480118,29,11.0196,0,0,4566,314880834123
33.3462,29.9884,12.716,10.4824,84,71,82,2596,2800,0.480118,29,11.0196,0,0,4566,314910824250
36.0594,27.732,12.716,10.4824,84,71,82,2596,2800,0.480118,29,11.0196,0,0,4566,314938558976
30.9147,32.3471,12.716,10.4824,84,71,82,2596,2800,0.480118,29,11.0196,0,0,4566,314970908569
32.1733,31.0817,12.716,10.4824,84,71,82,2596,2800,0.480118,29,11.0196,0,0,4566,315001989903
31.7001,31.5457,12.716,10.4824,84,71,82,2596,2800,0.480118,29,11.0196,0,0,4566,315033537799
32.8893,30.4051,12.716,10.4824,84,71,82,2596,2800,0.480118,29,11.0196,0,0,4566,315063943573
34.6207,28.8845,12.716,10.4824,84,71,82,2596,2800,0.480118,29,11.0196,0,0,4566,315092829237
32.93,30.3675,12.716,10.4824,84,71,82,2596,2800,0.480118,29,11.0196,0,0,4566,315123200426
31.6556,31.59,12.716,10.4824,84,71,82,2596,2800,0.480118,29,11.0196,0,0,4566,315154791863
33.3379,29.9959,12.716,10.4824,84,71,82,2596,2800,0.480118,29,11.0196,0,0,4566,315184788493
30.1288,33.1908,12.716,10.4824,84,71,82,2596,2800,0.480118,29,11.0196,0,0,4566,315217981590
33.9704,29.4374,12.716,10.4824,84,71,82,2596,2800,0.480118,29,11.0196,0,0,4566,315247420488
33.4348,29.909,12.716,10.4824,84,71,82,2596,2800,0.480118,29,11.0196,0,0,4566,315277331498
33.3973,29.9426,12.716,10.4824,84,71,82,2596,2800,0.480118,29,11.0196,0,0,4566,315307275669
31.8879,31.3598,12.716,10.4824,84,71,82,2596,2800,0.480118,29,11.0196,0,0,4566,315338636766
30.7431,32.5276,12.716,10.4824,84,71,82,2596,2800,0.480118,29,11.0196,0,0,4566,315371172426
31.5335,31.7123,7.59952,10.2713,84,71,81,2600,2800,0.480118,34,11.0269,0,0,4584,315402882876
33.2635,30.063,7.59952,10.2713,84,71,81,2600,2800,0.480118,34,11.0269,0,0,4584,315432944436
33.1675,30.15,7.59952,10.2713,84,71,81,2600,2800,0.480118,34,11.0269,0,0,4584,315463098590
35.4615,28.1996,7.59952,10.2713,84,71,81,2600,2800,0.480118,34,11.0269,0,0,4584,315491296601
30.8429,32.4223,7.59952,10.2713,84,71,81,2600,2800,0.480118,34,11.0269,0,0,4584,315523720993
33.3126,30.0187,7.59952,10.2713,84,71,81,2600,2800,0.480118,34,11.0269,0,0,4584,315553740465
32.2664,30.992,7.59952,10.2713,84,71,81,2600,2800,0.480118,34,11.0269,0,0,4584,315584735679
31.5164,31.7295,7.59952,10.2713,84,71,81,2600,2800,0.480118,34,11.0269,0,0,4584,315616466125
33.5785,29.781,7.59952,10.2713,84,71,81,2600,2800,0.480118,34,11.0269,0,0,4584,315646248304
33.4143,29.9273,7.59952,10.2713,84,71,81,2600,2800,0.480118,34,11.0269,0,0,4584,315676176336
31.0849,32.17,7.59952,10.2713,84,71,81,2600,2800,0.480118,34,11.0269,0,0,4584,315708349168
31.8547,31.3925,7.59952,10.2713,84,71,81,2600,2800,0.480118,34,11.0269,0,0,4584,315739742586
32.9896,30.3126,7.59952,10.2713,84,71,81,2600,2800,0.480118,34,11.0269,0,0,4584,315770057429
32.2054,31.0507,7.59952,10.2713,84,71,81,2600,2800,0.480118,34,11.0269,0,0,4584,315801107786
31.3223,31.9261,7.59952,10.2713,84,71,81,2600,2800,0.480118,34,11.0269,0,0,4584,315833036092
33.1245,30.1891,7.59952,10.2713,84,71,81,2600,2800,0.480118,34,11.0269,0,0,4584,315863225291
34.2665,29.183,7.59952,10.2713,84,71,81,2600,2800,0.480118,34,11.0269,0,0,4584,315892413070
31.5195,31.7263,7.85973,13.1295,84,80,82,2281,2800,0.480118,35,11.0207,0,0,4611,315924139179
30.6571,32.6189,7.85973,13.1295,84,80,82,2281,2800,0.480118,35,11.0207,0,0,4611,315956758665
30.704,32.569,7.85973,13.1295,84,80,82,2281,2800,0.480118,35,11.0207,0,0,4611,315989329802
31.6093,31.6363,7.85973,13.1295,84,80,82,2281,2800,0.480118,35,11.0207,0,0,4611,316020967746
32.3787,30.8845,7.85973,13.1295,84,80,82,2281,2800,0.480118,35,11.0207,0,0,4611,316051851261
33.6991,29.6744,7.85973,13.1295,84,80,82,2281,2800,0.480118,35,11.0207,0,0,4611,316081529556
34.3288,29.1301,7.85973,13.1295,84,80,82,2281,2800,0.480118,35,11.0207,0,0,4611,316110663003
31.97,31.2793,7.85973,13.1295,84,80,82,2281,2800,0.480118,35,11.0207,0,0,4611,316141943089
32.6467,30.631,7.85973,13.1295,84,80,82,2281,2800,0.480118,35,11.0207,0,0,4611,316172574273
31.6473,31.5983,7.85973,13.1295,84,80,82,2281,2800,0.480118,35,11.0207,0,0,4611,316204173395
32.9075,30.3882,7.85973,13.1295,84,80,82,2281,2800,0.480118,35,11.0207,0,0,4611,316234565332
28.372,35.246,7.85973,13.1295,84,80,82,2281,2800,0.480118,35,11.0207,0,0,4611,316269812565
33.6313,29.7342,7.85973,13.1295,84,80,82,2281,2800,0.480118,35,11.0207,0,0,4611,316299548969
35.1029,28.4877,7.85973,13.1295,84,80,82,2281,2800,0.480118,35,11.0207,0,0,4611,316328036861
32.6513,30.6266,7.85973,13.1295,84,80,82,2281,2800,0.480118,35,11.0207,0,0,4611,316358666302
31.9711,31.2783,7.85973,13.1295,84,80,82,2281,2800,0.480118,35,11.0207,0,0,4611,316389947660
33.878,29.5177,7.85973,13.1295,84,80,82,2281,2800,0.480118,35,11.0207,0,0,4611,316419471076
32.5336,30.7375,7.8759,9.7255,84,71,81,2429,2800,0.480118,32,11.0206,0,0,4597,316450205673
31.7061,31.5397,7.8759,9.7255,84,71,81,2429,2800,0.480118,32,11.0206,0,0,4597,316481749311
33.7145,29.6609,7.8759,9.7255,84,71,81,2429,2800,0.480118,32,11.0206,0,0,4597,316511409221
30.1571,33.1596,7.8759,9.7255,84,71,81,2429,2800,0.480118,32,11.0206,0,0,4597,316544571271
32.596,30.6786,7.8759,9.7255,84,71,81,2429,2800,0.480118,32,11.0206,0,0,4597,316575251307
31.1715,32.0805,7.8759,9.7255,84,71,81,2429,2800,0.480118,32,11.0206,0,0,4597,316607333220
32.481,30.7872,7.8759,9.7255,84,71,81,2429,2800,0.480118,32,11.0206,0,0,4597,316638120595
30.6983,32.5751,7.8759,9.7255,84,71,81,2429,2800,0.480118,32,11.0206,0,0,4597,316670697933
29.9747,33.3615,7.8759,9.7255,84,71,81,2429,2800,0.480118,32,11.0206,0,0,4597,316704060888
31.9951,31.2547,7.8759,9.7255,84,71,81,2429,2800,0.480118,32,11.0206,0,0,4597,316735315797
29.8772,33.4704,7.8759,9.7255,84,71,81,2429,2800,0.480118,32,11.0206,0,0,4597,316768787074
30.5975,32.6825,7.8759,9.7255,84,71,81,2429,2800,0.480118,32,11.0206,0,0,4597,316801471672
29.105,34.3584,7.8759,9.7255,84,71,81,2429,2800,0.480118,32,11.0206,0,0,4597,316835835025
31.4175,31.8294,7.8759,9.7255,84,71,81,2429,2800,0.480118,32,11.0206,0,0,4597,316867664086
29.9456,33.3938,7.8759,9.7255,84,71,81,2429,2800,0.480118,32,11.0206,0,0,4597,316901058479
34.2023,29.2378,7.8759,9.7255,84,71,81,2429,2800,0.480118,32,11.0206,0,0,4597,316930304477
34.7866,28.7467,13.5468,12.2858,84,71,81,2600,2800,0.480118,32,11.0313,0,0,4603,316959047816
32.4848,30.7837,13.5468,12.2858,84,71,81,2600,2800,0.480118,32,11.0313,0,0,4603,316989833178
33.5869,29.7735,13.5468,12.2858,84,71,81,2600,2800,0.480118,32,11.0313,0,0,4603,317019610829
32.9655,30.3348,13.5468,12.2858,84,71,81,2600,2800,0.480118,32,11.0313,0,0,4603,317049944067
31.1624,32.09,13.5468,12.2858,84,71,81,2600,2800,0.480118,32,11.0313,0,0,4603,317082038593
35.5335,28.1425,13.5468,12.2858,84,71,81,2600,2800,0.480118,32,11.0313,0,0,4603,317110180549
32.8457,30.4454,13.5468,12.2858,84,71,81,2600,2800,0.480118,32,11.0313,0,0,4603,317140629213
31.203,32.0482,13.5468,12.2858,84,71,81,2600,2800,0.480118,32,11.0313,0,0,4603,317172679887
33.3385,29.9954,13.5468,12.2858,84,71,81,2600,2800,0.480118,32,11.0313,0,0,4603,317202673411
32.4503,30.8163,13.5468,12.2858,84,71,81,2600,2800,0.480118,32,11.0313,0,0,4603,317233492476
33.8971,29.501,13.5468,12.2858,84,71,81,2600,2800,0.480118,32,11.0313,0,0,4603,317262997137
35.5079,28.1627,13.5468,12.2858,84,71,81,2600,2800,0.480118,32,11.0313,0,0,4603,317291159080
35.0484,28.5319,13.5468,12.2858,84,71,81,2600,2800,0.480118,32,11.0313,0,0,4603,317319694842
31.1533,32.0994,13.5468,12.2858,84,71,81,2600,2800,0.480118,32,11.0313,0,0,4603,317351792965
32.7711,30.5147,13.5468,12.2858,84,71,81,2600,2800,0.480118,32,11.0313,0,0,4603,317382313853
35.359,28.2813,13.5468,12.2858,84,71,81,2600,2800,0.480118,32,11.0313,0,0,4603,317410596622
32.6539,30.6242,13.5468,12.2858,84,71,81,2600,2800,0.480118,32,11.0313,0,0,4603,317441228568
32.5469,30.7249,8.0148,12.8968,83,72,80,2600,2800,0.480118,29,11.0316,0,0,4590,317471948247
31.9623,31.2869,8.0148,12.8968,83,72,80,2600,2800,0.480118,29,11.0316,0,0,4590,317503235787
33.1058,30.2062,8.0148,12.8968,83,72,80,2600,2800,0.480118,29,11.0316,0,0,4590,317533442559
32.8248,30.4647,8.0148,12.8968,83,72,80,2600,2800,0.480118,29,11.0316,0,0,4590,317563908655
36.4194,27.4579,8.0148,12.8968,83,72,80,2600,2800,0.480118,29,11.0316,0,0,4590,317591370591
32.3836,30.8798,8.0148,12.8968,83,72,80,2600,2800,0.480118,29,11.0316,0,0,4590,317622249398
34.125,29.304,8.0148,12.8968,83,72,80,2600,2800,0.480118,29,11.0316,0,0,4590,317651569784
31.6116,31.634,8.0148,12.8968,83,72,80,2600,2800,0.480118,29,11.0316,0,0,4590,317683203601
31.0086,32.2491,8.0148,12.8968,83,72,80,2600,2800,0.480118,29,11.0316,0,0,4590,317715456443
38.5282,25.955,8.0148,12.8968,83,72,80,2600,2800,0.480118,29,11.0316,0,0,4590,317741410754
31.1934,32.058,8.0148,12.8968,83,72,80,2600,2800,0.480118,29,11.0316,0,0,4590,317773472119
33.1224,30.1911,8.0148,12.8968,83,72,80,2600,2800,0.480118,29,11.0316,0,0,4590,317803663342
26.2034,38.163,8.0148,12.8968,83,72,80,2600,2800,0.480118,29,11.0316,0,0,4590,317841826199
34.7092,28.8108,8.0148,12.8968,83,72,80,2600,2800,0.480118,29,11.0316,0,0,4590,317870638106
32.0554,31.196,8.0148,12.8968,83,72,80,2600,2800,0.480118,29,11.0316,0,0,4590,317901836870
34.0333,29.383,8.0148,12.8968,83,72,80,2600,2800,0.480118,29,11.0316,0,0,4590,317931219903
36.4746,27.4163,8.0148,12.8968,83,72,80,2600,2800,0.480118,29,11.0316,0,0,4590,317958645422
31.1106,32.1433,7.42092,12.7455,83,80,81,2170,2800,0.480118,36,11.024,0,0,4568,317990784482
35.2446,28.3732,7.42092,12.7455,83,80,81,2170,2800,0.480118,36,11.024,0,0,4568,318019157970
31.1473,32.1055,7.42092,12.7455,83,80,81,2170,2800,0.480118,36,11.024,0,0,4568,318051265371
33.7755,29.6073,7.42092,12.7455,83,80,81,2170,2800,0.480118,36,11.024,0,0,4568,318080874166
33.798,29.5876,7.42092,12.7455,83,80,81,2170,2800,0.480118,36,11.024,0,0,4568,318110461391
33.3634,29.973,7.42092,12.7455,83,80,81,2170,2800,0.480118,36,11.024,0,0,4568,318140438193
33.3836,29.9548,7.42092,12.7455,83,80,81,2170,2800,0.480118,36,11.024,0,0,4568,318170394076
33.6599,29.7089,7.42092,12.7455,83,80,81,2170,2800,0.480118,36,11.024,0,0,4568,318200103680
36.4669,27.4221,7.42092,12.7455,83,80,81,2170,2800,0.480118,36,11.024,0,0,4568,318227526884
32.5329,30.7381,7.42092,12.7455,83,80,81,2170,2800,0.480118,36,11.024,0,0,4568,318258268053
33.4393,29.9049,7.42092,12.7455,83,80,81,2170,2800,0.480118,36,11.024,0,0,4568,318288174364
34.6203,28.8848,7.42092,12.7455,83,80,81,2170,2800,0.480118,36,11.024,0,0,4568,318317061271
35.8906,27.8624,7.42092,12.7455,83,80,81,2170,2800,0.480118,36,11.024,0,0,4568,318344926210
33.0364,30.2696,7.42092,12.7455,83,80,81,2170,2800,0.480118,36,11.024,0,0,4568,318375195699
33.0022,30.301,7.42092,12.7455,83,80,81,2170,2800,0.480118,36,11.024,0,0,4568,318405499943
31.4092,31.8378,7.42092,12.7455,83,80,81,2170,2800,0.480118,36,11.024,0,0,4568,318437338802
32.9563,30.3432,7.42092,12.7455,83,80,81,2170,2800,0.480118,36,11.024,0,0,4568,318467686677
32.0459,31.2053,8.00493,11.6053,83,71,81,2597,2800,0.480118,29,11.025,0,0,4599,318498888847
26.7479,37.3861,8.00493,11.6053,83,71,81,2597,2800,0.480118,29,11.025,0,0,4599,318536275345
31.8434,31.4037,8.00493,11.6053,83,71,81,2597,2800,0.480118,29,11.025,0,0,4599,318567680334
36.9609,27.0556,8.00493,11.6053,83,71,81,2597,2800,0.480118,29,11.025,0,0,4599,318594738136
32.1965,31.0593,8.00493,11.6053,83,71,81,2597,2800,0.480118,29,11.025,0,0,4599,318625801507
31.9436,31.3052,8.00493,11.6053,83,71,81,2597,2800,0.480118,29,11.025,0,0,4599,318657106980
32.9017,30.3936,8.00493,11.6053,83,71,81,2597,2800,0.480118,29,11.025,0,0,4599,318687503637
30.8892,32.3737,8.00493,11.6053,83,71,81,2597,2800,0.480118,29,11.025,0,0,4599,318719878386
30.7442,32.5265,8.00493,11.6053,83,71,81,2597,2800,0.480118,29,11.025,0,0,4599,318752406302
31.9823,31.2673,8.00493,11.6053,83,71,81,2597,2800,0.480118,29,11.025,0,0,4599,318783679284
31.0229,32.2342,8.00493,11.6053,83,71,81,2597,2800,0.480118,29,11.025,0,0,4599,318815914794
34.9387,28.6215,8.00493,11.6053,83,71,81,2597,2800,0.480118,29,11.025,0,0,4599,318844536987
32.1552,31.0992,8.00493,11.6053,83,71,81,2597,2800,0.480118,29,11.025,0,0,4599,318875637959
32.7293,30.5537,8.00493,11.6053,83,71,81,2597,2800,0.480118,29,11.025,0,0,4599,318906193191
30.736,32.5352,8.00493,11.6053,83,71,81,2597,2800,0.480118,29,11.025,0,0,4599,318938731135
31.2514,31.9986,8.00493,11.6053,83,71,81,2597,2800,0.480118,29,11.025,0,0,4599,318970738850
32.2405,31.0169,13.4328,11.0063,83,72,81,2600,2800,0.480118,32,11.0274,0,0,4616,319001749272
28.7428,34.7913,13.4328,11.0063,83,72,81,2600,2800,0.480118,32,11.0274,0,0,4616,319036543349
31.4441,31.8025,13.4328,11.0063,83,72,81,2600,2800,0.480118,32,11.0274,0,0,4616,319068345369
32.0471,31.2041,13.4328,11.0063,83,72,81,2600,2800,0.480118,32,11.0274,0,0,4616,319099550545
37.5728,26.615,13.4328,11.0063,83,72,81,2600,2800,0.480118,32,11.0274,0,0,4616,319126166532
32.264,30.9943,13.4328,11.0063,83,72,81,2600,2800,0.480118,32,11.0274,0,0,4616,319157163509
31.2627,31.987,13.4328,11.0063,83,72,81,2600,2800,0.480118,32,11.0274,0,0,4616,319189150615
33.3822,29.956,13.4328,11.0063,83,72,81,2600,2800,0.480118,32,11.0274,0,0,4616,319219108472
32.6577,30.6206,13.4328,11.0063,83,72,81,2600,2800,0.480118,32,11.0274,0,0,4616,319249729698
34.6326,28.8745,13.4328,11.0063,83,72,81,2600,2800,0.480118,32,11.0274,0,0,4616,319278609141
33.9107,29.4892,13.4328,11.0063,83,72,81,2600,2800,0.480118,32,11.0274,0,0,4616,319308097842
29.5123,33.8842,13.4328,11.0063,83,72,81,2600,2800,0.480118,32,11.0274,0,0,4616,319341984845
32.1155,31.1376,13.4328,11.0063,83,72,81,2600,2800,0.480118,32,11.0274,0,0,4616,319373124629
32.5389,30.7324,13.4328,11.0063,83,72,81,2600,2800,0.480118,32,11.0274,0,0,4616,319403857884
32.9962,30.3065,13.4328,11.0063,83,72,81,2600,2800,0.480118,32,11.0274,0,0,4616,319434164652
35.1398,28.4578,13.4328,11.0063,83,72,81,2600,2800,0.480118,32,11.0274,0,0,4616,319462626957
34.1734,29.2626,13.4328,11.0063,83,72,81,2600,2800,0.480118,32,11.0274,0,0,4616,319491891289
31.5931,31.6524,8.62276,10.7745,84,72,80,800,2800,0.480118,33,11.029,0,0,4588,319523543780
31.6583,31.5873,8.62276,10.7745,84,72,80,800,2800,0.480118,33,11.029,0,0,4588,319555133684
34.4493,29.0281,8.62276,10.7745,84,72,80,800,2800,0.480118,33,11.029,0,0,4588,319584162256
34.6348,28.8727,8.62276,10.7745,84,72,80,800,2800,0.480118,33,11.029,0,0,4588,319613034816
33.7568,29.6237,8.62276,10.7745,84,72,80,800,2800,0.480118,33,11.029,0,0,4588,319642660824
32.0734,31.1785,8.62276,10.7745,84,72,80,800,2800,0.480118,33,11.029,0,0,4588,319673842766
32.3681,30.8947,8.62276,10.7745,84,72,80,800,2800,0.480118,33,11.029,0,0,4588,319704737823
33.8885,29.5085,8.62276,10.7745,84,72,80,800,2800,0.480118,33,11.029,0,0,4588,319734246972
35.0288,28.5479,8.62276,10.7745,84,72,80,800,2800,0.480118,33,11.029,0,0,4588,319762796509
32.2581,31,8.62276,10.7745,84,72,80,800,2800,0.480118,33,11.029,0,0,4588,319793799458
32.2727,30.9859,8.62276,10.7745,84,72,80,800,2800,0.480118,33,11.029,0,0,4588,319824785284
30.8458,32.4193,8.62276,10.7745,84,72,80,800,2800,0.480118,33,11.029,0,0,4588,319857205338
30.7131,32.5594,8.62276,10.7745,84,72,80,800,2800,0.480118,33,11.029,0,0,4588,319889766907
31.6298,31.6158,8.62276,10.7745,84,72,80,800,2800,0.480118,33,11.029,0,0,4588,319921384172
32.8291,30.4607,8.62276,10.7745,84,72,80,800,2800,0.480118,33,11.029,0,0,4588,319951846471
33.7262,29.6505,8.62276,10.7745,84,72,80,800,2800,0.480118,33,11.029,0,0,4588,319981499118
34.0321,29.384,8.62276,10.7745,84,72,80,800,2800,0.480118,33,11.029,0,0,4588,320010885047
33.0886,30.2219,8.34341,13.2724,83,80,81,2231,2800,0.480118,27,11.0249,0,0,4606,320041105043
31.2909,31.9581,8.34341,13.2724,83,80,81,2231,2800,0.480118,27,11.0249,0,0,4606,320073064287
30.266,33.0404,8.34341,13.2724,83,80,81,2231,2800,0.480118,27,11.0249,0,0,4606,320106105201
30.6133,32.6655,8.34341,13.2724,83,80,81,2231,2800,0.480118,27,11.0249,0,0,4606,320138771765
31.7803,31.466,8.34341,13.2724,83,80,81,2231,2800,0.480118,27,11.0249,0,0,4606,320170240013
32.9338,30.3639,8.34341,13.2724,83,80,81,2231,2800,0.480118,27,11.0249,0,0,4606,320200606152
35.505,28.165,8.34341,13.2724,83,80,81,2231,2800,0.480118,27,11.0249,0,0,4606,320228769989
33.0954,30.2157,8.34341,13.2724,83,80,81,2231,2800,0.480118,27,11.0249,0,0,4606,320258989364
32.4033,30.861,8.34341,13.2724,83,80,81,2231,2800,0.480118,27,11.0249,0,0,4606,320289851369
31.3076,31.9411,8.34341,13.2724,83,80,81,2231,2800,0.480118,27,11.0249,0,0,4606,320321791968
32.6627,30.616,8.34341,13.2724,83,80,81,2231,2800,0.480118,27,11.0249,0,0,4606,320352408856
31.2246,32.026,8.34341,13.2724,83,80,81,2231,2800,0.480118,27,11.0249,0,0,4606,320384436197
31.9474,31.3015,8.34341,13.2724,83,80,81,2231,2800,0.480118,27,11.0249,0,0,4606,320415739446
32.8187,30.4704,8.34341,13.2724,83,80,81,2231,2800,0.480118,27,11.0249,0,0,4606,320446211252
29.378,34.0391,8.34341,13.2724,83,80,81,2231,2800,0.480118,27,11.0249,0,0,4606,320480250991
32.6051,30.67,8.34341,13.2724,83,80,81,2231,2800,0.480118,27,11.0249,0,0,4606,320510926278
30.2449,33.0634,8.67924,10.7415,84,71,82,2597,2800,0.480118,27,11.0266,0,0,4370,320543988110
31.1485,32.1043,8.67924,10.7415,84,71,82,2597,2800,0.480118,27,11.0266,0,0,4370,320576092756
31.7406,31.5054,8.67924,10.7415,84,71,82,2597,2800,0.480118,27,11.0266,0,0,4370,320607600927
30.9552,32.3048,8.67924,10.7415,84,71,82,2597,2800,0.480118,27,11.0266,0,0,4370,320639905165
29.2944,34.1362,8.67924,10.7415,84,71,82,2597,2800,0.480118,27,11.0266,0,0,4370,320674043899
30.8563,32.4082,8.67924,10.7415,84,71,82,2597,2800,0.480118,27,11.0266,0,0,4370,320706452371
32.5545,30.7177,8.67924,10.7415,84,71,82,2597,2800,0.480118,27,11.0266,0,0,4370,320737172982
31.2016,32.0496,8.67924,10.7415,84,71,82,2597,2800,0.480118,27,11.0266,0,0,4370,320769222575
32.8235,30.466,8.67924,10.7415,84,71,82,2597,2800,0.480118,27,11.0266,0,0,4370,320799690635
32.3367,30.9246,8.67924,10.7415,84,71,82,2597,2800,0.480118,27,11.0266,0,0,4370,320830616379
31.7839,31.4625,8.67924,10.7415,84,71,82,2597,2800,0.480118,27,11.0266,0,0,4370,320862079937
32.568,30.705,8.67924,10.7415,84,71,82,2597,2800,0.480118,27,11.0266,0,0,4370,320892785761
32.8661,30.4265,8.67924,10.7415,84,71,82,2597,2800,0.480118,27,11.0266,0,0,4370,320923217232
30.4775,32.811,8.67924,10.7415,84,71,82,2597,2800,0.480118,27,11.0266,0,0,4370,320956027104
30.4839,32.8042,8.67924,10.7415,84,71,82,2597,2800,0.480118,27,11.0266,0,0,4370,320988831877
34.6935,28.8239,8.67924,10.7415,84,71,82,2597,2800,0.480118,27,11.0266,0,0,4370,321017664422
33.4385,29.9056,12.795,12.9052,84,71,82,2600,2800,0.480118,38,11.0302,0,0,4579,321047563319
34.5806,28.918,12.795,12.9052,84,71,82,2600,2800,0.480118,38,11.0302,0,0,4579,321076482907
32.7599,30.5251,12.795,12.9052,84,71,82,2600,2800,0.480118,38,11.0302,0,0,4579,321107010949
31.8667,31.3807,12.795,12.9052,84,71,82,2600,2800,0.480118,38,11.0302,0,0,4579,321138391442
32.2586,30.9995,12.795,12.9052,84,71,82,2600,2800,0.480118,38,11.0302,0,0,4579,321169393739
33.2441,30.0805,12.795,12.9052,84,71,82,2600,2800,0.480118,38,11.0302,0,0,4579,321199474035
33.4499,29.8954,12.795,12.9052,84,71,82,2600,2800,0.480118,38,11.0302,0,0,4579,321229372351
32.0801,31.1719,12.795,12.9052,84,71,82,2600,2800,0.480118,38,11.0302,0,0,4579,321260545196
31.1692,32.083,12.795,12.9052,84,71,82,2600,2800,0.480118,38,11.0302,0,0,4579,321292630425
26.7548,37.3764,12.795,12.9052,84,71,82,2600,2800,0.480118,38,11.0302,0,0,4579,321330007585
22.352,44.7386,12.795,12.9052,84,71,82,2600,2800,0.480118,38,11.0302,0,0,4579,321374746632
32.6623,30.6163,12.795,12.9052,84,71,82,2600,2800,0.480118,38,11.0302,0,0,4579,321405364491
31.1938,32.0576,12.795,12.9052,84,71,82,2600,2800,0.480118,38,11.0302,0,0,4579,321437423160
30.7904,32.4777,12.795,12.9052,84,71,82,2600,2800,0.480118,38,11.0302,0,0,4579,321469902004
31.4217,31.8252,12.795,12.9052,84,71,82,2600,2800,0.480118,38,11.0302,0,0,4579,321501728691
32.0072,31.243,12.795,12.9052,84,71,82,2600,2800,0.480118,38,11.0302,0,0,4579,321532974853
32.1438,31.1102,8.16078,10.6231,84,72,81,2600,2800,0.480118,31,11.0271,0,0,4590,321564084050
28.1485,35.5259,8.16078,10.6231,84,72,81,2600,2800,0.480118,31,11.0271,0,0,4590,321599610314
29.5075,33.8897,8.16078,10.6231,84,72,81,2600,2800,0.480118,31,11.0271,0,0,4590,321633501285
34.1496,29.2829,8.16078,10.6231,84,72,81,2600,2800,0.480118,31,11.0271,0,0,4590,321662788530
30.2894,33.0148,8.16078,10.6231,84,72,81,2600,2800,0.480118,31,11.0271,0,0,4590,321695801691
32.9337,30.3641,8.16078,10.6231,84,72,81,2600,2800,0.480118,31,11.0271,0,0,4590,321726166989
31.2384,32.0119,8.16078,10.6231,84,72,81,2600,2800,0.480118,31,11.0271,0,0,4590,321758179823
30.1115,33.2099,8.16078,10.6231,84,72,81,2600,2800,0.480118,31,11.0271,0,0,4590,321791391195
30.8537,32.411,8.16078,10.6231,84,72,81,2600,2800,0.480118,31,11.0271,0,0,4590,321823802132
30.9327,32.3282,8.16078,10.6231,84,72,81,2600,2800,0.480118,31,11.0271,0,0,4590,321856131517
31.1905,32.061,8.16078,10.6231,84,72,81,2600,2800,0.480118,31,11.0271,0,0,4590,321888193593
33.6433,29.7236,8.16078,10.6231,84,72,81,2600,2800,0.480118,31,11.0271,0,0,4590,321917917744
33.9502,29.4549,8.16078,10.6231,84,72,81,2600,2800,0.480118,31,11.0271,0,0,4590,321947374785
34.9856,28.5832,8.16078,10.6231,84,72,81,2600,2800,0.480118,31,11.0271,0,0,4590,321975959018
31.8256,31.4212,8.16078,10.6231,84,72,81,2600,2800,0.480118,31,11.0271,0,0,4590,322007380377
32.4661,30.8013,8.16078,10.6231,84,72,81,2600,2800,0.480118,31,11.0271,0,0,4590,322038186628
31.0313,32.2255,7.72105,12.8657,83,79,81,2175,2800,0.480118,31,11.0304,0,0,4598,322070411378
33.0745,30.2347,7.72105,12.8657,83,79,81,2175,2800,0.480118,31,11.0304,0,0,4598,322100646843
33.9528,29.4527,7.72105,12.8657,83,79,81,2175,2800,0.480118,31,11.0304,0,0,4598,322130100368
34.1954,29.2437,7.72105,12.8657,83,79,81,2175,2800,0.480118,31,11.0304,0,0,4598,322159345695
31.7288,31.5171,7.72105,12.8657,83,79,81,2175,2800,0.480118,31,11.0304,0,0,4598,322190864266
31.583,31.6626,7.72105,12.8657,83,79,81,2175,2800,0.480118,31,11.0304,0,0,4598,322222527777
31.3347,31.9135,7.72105,12.8657,83,79,81,2175,2800,0.480118,31,11.0304,0,0,4598,322254443791
32.7129,30.569,7.72105,12.8657,83,79,81,2175,2800,0.480118,31,11.0304,0,0,4598,322285013260
32.7142,30.5678,7.72105,12.8657,83,79,81,2175,2800,0.480118,31,11.0304,0,0,4598,322315582648
28.0743,35.6198,7.72105,12.8657,83,79,81,2175,2800,0.480118,31,11.0304,0,0,4598,322351202888
31.4401,31.8065,7.72105,12.8657,83,79,81,2175,2800,0.480118,31,11.0304,0,0,4598,322383009848
31.0627,32.193,7.72105,12.8657,83,79,81,2175,2800,0.480118,31,11.0304,0,0,4598,322415204030
31.9179,31.3304,7.72105,12.8657,83,79,81,2175,2800,0.480118,31,11.0304,0,0,4598,322446535822
28.9442,34.5493,7.72105,12.8657,83,79,81,2175,2800,0.480118,31,11.0304,0,0,4598,322481085904
33.4659,29.8812,7.72105,12.8657,83,79,81,2175,2800,0.480118,31,11.0304,0,0,4598,322510969282
28.7489,34.784,7.72105,12.8657,83,79,81,2175,2800,0.480118,31,11.0304,0,0,4598,322545758039
30.1028,33.2195,8.32298,11.7031,82,72,82,2309,2800,0.480118,25,11.0287,0,0,4348,322578975222
29.8293,33.524,8.32298,11.7031,82,72,82,2309,2800,0.480118,25,11.0287,0,0,4348,322612499197
30.0013,33.3319,8.32298,11.7031,82,72,82,2309,2800,0.480118,25,11.0287,0,0,4348,322645832176
30.3702,32.927,8.32298,11.7031,82,72,82,2309,2800,0.480118,25,11.0287,0,0,4348,322678762753
31.337,31.9111,8.32298,11.7031,82,72,82,2309,2800,0.480118,25,11.0287,0,0,4348,322710674699
30.6508,32.6255,8.32298,11.7031,82,72,82,2309,2800,0.480118,25,11.0287,0,0,4348,322743301299
32.1018,31.1509,8.32298,11.7031,82,72,82,2309,2800,0.480118,25,11.0287,0,0,4348,322774455420
29.7609,33.6011,8.32298,11.7031,82,72,82,2309,2800,0.480118,25,11.0287,0,0,4348,322808056790
31.7671,31.4791,8.32298,11.7031,82,72,82,2309,2800,0.480118,25,11.0287,0,0,4348,322839538973
31.1765,32.0754,8.32298,11.7031,82,72,82,2309,2800,0.480118,25,11.0287,0,0,4348,322871613392
34.2586,29.1897,8.32298,11.7031,82,72,82,2309,2800,0.480118,25,11.0287,0,0,4348,322900804828
37.5636,26.6215,8.32298,11.7031,82,72,82,2309,2800,0.480118,25,11.0287,0,0,4348,322927429160
32.7749,30.5112,8.32298,11.7031,82,72,82,2309,2800,0.480118,25,11.0287,0,0,4348,322957942404
33.4713,29.8764,8.32298,11.7031,82,72,82,2309,2800,0.480118,25,11.0287,0,0,4348,322987819210
34.0108,29.4024,8.32298,11.7031,82,72,82,2309,2800,0.480118,25,11.0287,0,0,4348,323017225286
35.072,28.5127,8.32298,11.7031,82,72,82,2309,2800,0.480118,25,11.0287,0,0,4348,323045739578
34.1303,29.2995,8.32298,11.7031,82,72,82,2309,2800,0.480118,25,11.0287,0,0,4348,323075043023
33.7831,29.6006,11.3744,9.5728,83,72,81,2280,2800,0.480118,30,11.0284,0,0,4574,323104642741
33.1302,30.1839,11.3744,9.5728,83,72,81,2280,2800,0.480118,30,11.0284,0,0,4574,323134827391
37.6564,26.5559,11.3744,9.5728,83,72,81,2280,2800,0.480118,30,11.0284,0,0,4574,323161383176
33.6851,29.6867,11.3744,9.5728,83,72,81,2280,2800,0.480118,30,11.0284,0,0,4574,323191070608
35.2238,28.3899,11.3744,9.5728,83,72,81,2280,2800,0.480118,30,11.0284,0,0,4574,323219460547
36.0111,27.7692,11.3744,9.5728,83,72,81,2280,2800,0.480118,30,11.0284,0,0,4574,323247234046
34.6592,28.8523,11.3744,9.5728,83,72,81,2280,2800,0.480118,30,11.0284,0,0,4574,323276087410
32.8386,30.452,11.3744,9.5728,83,72,81,2280,2800,0.480118,30,11.0284,0,0,4574,323306543027
32.4492,30.8174,11.3744,9.5728,83,72,81,2280,2800,0.480118,30,11.0284,0,0,4574,323337362332
32.1303,31.1233,11.3744,9.5728,83,72,81,2280,2800,0.480118,30,11.0284,0,0,4574,323368486647
37.1277,26.934,11.3744,9.5728,83,72,81,2280,2800,0.480118,30,11.0284,0,0,4574,323395423713
33.8851,29.5115,11.3744,9.5728,83,72,81,2280,2800,0.480118,30,11.0284,0,0,4574,323424938293
36.1869,27.6343,11.3744,9.5728,83,72,81,2280,2800,0.480118,30,11.0284,0,0,4574,323452573483
35.8162,27.9203,11.3744,9.5728,83,72,81,2280,2800,0.480118,30,11.0284,0,0,4574,323480493845
34.1026,29.3233,11.3744,9.5728,83,72,81,2280,2800,0.480118,30,11.0284,0,0,4574,323509819832
32.6771,30.6025,11.3744,9.5728,83,72,81,2280,2800,0.480118,30,11.0284,0,0,4574,323540427322
33.2318,30.0916,11.3744,9.5728,83,72,81,2280,2800,0.480118,30,11.0284,0,0,4574,323570516675
34.8401,28.7026,11.3744,9.5728,83,72,81,2280,2800,0.480118,30,11.0284,0,0,4574,323599225500
36.6454,27.2885,7.57212,11.3333,83,79,82,800,2800,0.480118,29,11.0272,0,0,4608,323626512750
32.5474,30.7244,7.57212,11.3333,83,79,82,800,2800,0.480118,29,11.0272,0,0,4608,323657237198
36.4806,27.4118,7.57212,11.3333,83,79,82,800,2800,0.480118,29,11.0272,0,0,4608,323684650644
35.5335,28.1424,7.57212,11.3333,83,79,82,800,2800,0.480118,29,11.0272,0,0,4608,323712797830
34.4869,28.9965,7.57212,11.3333,83,79,82,800,2800,0.480118,29,11.0272,0,0,4608,323741792960
32.4125,30.8523,7.57212,11.3333,83,79,82,800,2800,0.480118,29,11.0272,0,0,4608,323772647391
32.0974,31.1552,7.57212,11.3333,83,79,82,800,2800,0.480118,29,11.0272,0,0,4608,323803804587
32.3326,30.9286,7.57212,11.3333,83,79,82,800,2800,0.480118,29,11.0272,0,0,4608,323834732635
35.792,27.9392,7.57212,11.3333,83,79,82,800,2800,0.480118,29,11.0272,0,0,4608,323862674498
32.0443,31.2068,7.57212,11.3333,83,79,82,800,2800,0.480118,29,11.0272,0,0,4608,323893882139
32.4172,30.8478,7.57212,11.3333,83,79,82,800,2800,0.480118,29,11.0272,0,0,4608,323924731761
36.1193,27.6861,7.57212,11.3333,83,79,82,800,2800,0.480118,29,11.0272,0,0,4608,323952417385
33.5886,29.772,7.57212,11.3333,83,79,82,800,2800,0.480118,29,11.0272,0,0,4608,323982194955
31.5675,31.6781,7.57212,11.3333,83,79,82,800,2800,0.480118,29,11.0272,0,0,4608,324013870790
32.7485,30.5358,7.57212,11.3333,83,79,82,800,2800,0.480118,29,11.0272,0,0,4608,324044411315
33.4086,29.9324,7.57212,11.3333,83,79,82,800,2800,0.480118,29,11.0272,0,0,4608,324074345447
31.1829,32.0688,7.57212,11.3333,83,79,82,800,2800,0.480118,29,11.0272,0,0,4608,324106418083
32.3283,30.9327,7.56824,11.5874,83,72,81,2600,2800,0.480118,28,11.0261,0,0,4603,324137349798
33.3593,29.9766,7.56824,11.5874,83,72,81,2600,2800,0.480118,28,11.0261,0,0,4603,324167328604
37.438,26.7109,7.56824,11.5874,83,72,81,2600,2800,0.480118,28,11.0261,0,0,4603,324194040300
31.0131,32.2444,7.56824,11.5874,83,72,81,2600,2800,0.480118,28,11.0261,0,0,4603,324226286880
31.1285,32.1249,7.56824,11.5874,83,72,81,2600,2800,0.480118,28,11.0261,0,0,4603,324258414368
31.5135,31.7324,7.56824,11.5874,83,72,81,2600,2800,0.480118,28,11.0261,0,0,4603,324290146618
32.367,30.8957,7.56824,11.5874,83,72,81,2600,2800,0.480118,28,11.0261,0,0,4603,324321042066
28.7368,34.7986,7.56824,11.5874,83,72,81,2600,2800,0.480118,28,11.0261,0,0,4603,324355842405
32.6868,30.5933,7.56824,11.5874,83,72,81,2600,2800,0.480118,28,11.0261,0,0,4603,324386438684
33.5358,29.8189,7.56824,11.5874,83,72,81,2600,2800,0.480118,28,11.0261,0,0,4603,324416258192
33.054,30.2535,7.56824,11.5874,83,72,81,2600,2800,0.480118,28,11.0261,0,0,4603,324446514747
29.7329,33.6328,7.56824,11.5874,83,72,81,2600,2800,0.480118,28,11.0261,0,0,4603,324480149800
32.0243,31.2263,7.56824,11.5874,83,72,81,2600,2800,0.480118,28,11.0261,0,0,4603,324511377368
30.4278,32.8647,7.56824,11.5874,83,72,81,2600,2800,0.480118,28,11.0261,0,0,4603,324544243585
30.0808,33.2438,7.56824,11.5874,83,72,81,2600,2800,0.480118,28,11.0261,0,0,4603,324577488700
29.7073,33.6617,7.56824,11.5874,83,72,81,2600,2800,0.480118,28,11.0261,0,0,4603,324611155071
31.7782,31.4681,9.625,12.9508,83,72,81,800,2800,0.480118,34,11.0318,0,0,3967,324642620964
30.5536,32.7294,9.625,12.9508,83,72,81,800,2800,0.480118,34,11.0318,0,0,3967,324675351698
30.1724,33.1429,9.625,12.9508,83,72,81,800,2800,0.480118,34,11.0318,0,0,3967,324708494943
30.4973,32.7898,9.625,12.9508,83,72,81,800,2800,0.480118,34,11.0318,0,0,3967,324741287403
33.0749,30.2344,9.625,12.9508,83,72,81,800,2800,0.480118,34,11.0318,0,0,3967,324771522788
32.9526,30.3466,9.625,12.9508,83,72,81,800,2800,0.480118,34,11.0318,0,0,3967,324801870483
31.5511,31.6946,9.625,12.9508,83,72,81,800,2800,0.480118,34,11.0318,0,0,3967,324833565914
34.8174,28.7213,9.625,12.9508,83,72,81,800,2800,0.480118,34,11.0318,0,0,3967,324862289296
29.6392,33.7391,9.625,12.9508,83,72,81,800,2800,0.480118,34,11.0318,0,0,3967,324896032801
30.9263,32.335,9.625,12.9508,83,72,81,800,2800,0.480118,34,11.0318,0,0,3967,324928367186
30.8346,32.4311,9.625,12.9508,83,72,81,800,2800,0.480118,34,11.0318,0,0,3967,324960799362
31.754,31.4921,9.625,12.9508,83,72,81,800,2800,0.480118,34,11.0318,0,0,3967,324992294009
32.6712,30.608,9.625,12.9508,83,72,81,800,2800,0.480118,34,11.0318,0,0,3967,325022903212
34.5892,28.9108,9.625,12.9508,83,72,81,800,2800,0.480118,34,11.0318,0,0,3967,325051813302
33.8611,29.5324,9.625,12.9508,83,72,81,800,2800,0.480118,34,11.0318,0,0,3967,325081347829
32.4588,30.8083,9.625,12.9508,83,72,81,800,2800,0.480118,34,11.0318,0,0,3967,325112161464
31.4176,31.8293,11.1809,11.0623,83,74,80,2600,2800,0.480118,32,11.0174,0,0,4617,325143989473
25.1386,39.7794,11.1809,11.0623,83,74,80,2600,2800,0.480118,32,11.0174,0,0,4617,325183769239
34.3551,29.1078,11.1809,11.0623,83,74,80,2600,2800,0.480118,32,11.0174,0,0,4617,325212877540
31.3013,31.9475,11.1809,11.0623,83,74,80,2600,2800,0.480118,32,11.0174,0,0,4617,325244827336
29.1218,34.3385,11.1809,11.0623,83,74,80,2600,2800,0.480118,32,11.0174,0,0,4617,325279166994
32.1306,31.123,11.1809,11.0623,83,74,80,2600,2800,0.480118,32,11.0174,0,0,4617,325310292311
28.309,35.3244,11.1809,11.0623,83,74,80,2600,2800,0.480118,32,11.0174,0,0,4617,325345616478
29.9097,33.4339,11.1809,11.0623,83,74,80,2600,2800,0.480118,32,11.0174,0,0,4617,325379052680
33.685,29.6868,11.1809,11.0623,83,74,80,2600,2800,0.480118,32,11.0174,0,0,4617,325408741795
32.2669,30.9915,11.1809,11.0623,83,74,80,2600,2800,0.480118,32,11.0174,0,0,4617,325439735917
32.4863,30.7822,11.1809,11.0623,83,74,80,2600,2800,0.480118,32,11.0174,0,0,4617,325470516550
30.8107,32.4562,11.1809,11.0623,83,74,80,2600,2800,0.480118,32,11.0174,0,0,4617,325502974044
30.7925,32.4754,11.1809,11.0623,83,74,80,2600,2800,0.480118,32,11.0174,0,0,4617,325535451646
26.2303,38.1239,11.1809,11.0623,83,74,80,2600,2800,0.480118,32,11.0174,0,0,4617,325573580339
34.1202,29.3081,11.1809,11.0623,83,74,80,2600,2800,0.480118,32,11.0174,0,0,4617,325602887661
33.2666,30.0602,11.1809,11.0623,83,74,80,2600,2800,0.480118,32,11.0174,0,0,4617,325632953179
33.3425,29.9918,8.57488,13.1834,83,78,81,2261,2800,0.480118,26,11.0168,0,0,4604,325662940842
31.7456,31.5004,8.57488,13.1834,83,78,81,2261,2800,0.480118,26,11.0168,0,0,4604,325694443333
33.62,29.7442,8.57488,13.1834,83,78,81,2261,2800,0.480118,26,11.0168,0,0,4604,325724187501
37.1638,26.9079,8.57488,13.1834,83,78,81,2261,2800,0.480118,26,11.0168,0,0,4604,325751098098
30.5862,32.6945,8.57488,13.1834,83,78,81,2261,2800,0.480118,26,11.0168,0,0,4604,325783792845
31.5982,31.6474,8.57488,13.1834,83,78,81,2261,2800,0.480118,26,11.0168,0,0,4604,325815444555
33.0257,30.2794,8.57488,13.1834,83,78,81,2261,2800,0.480118,26,11.0168,0,0,4604,325845722269
32.2687,30.9897,8.57488,13.1834,83,78,81,2261,2800,0.480118,26,11.0168,0,0,4604,325876712884
33.5021,29.8489,8.57488,13.1834,83,78,81,2261,2800,0.480118,26,11.0168,0,0,4604,325906565054
35.5133,28.1584,8.57488,13.1834,83,78,81,2261,2800,0.480118,26,11.0168,0,0,4604,325934725875
34.6336,28.8737,8.57488,13.1834,83,78,81,2261,2800,0.480118,26,11.0168,0,0,4604,325963599027
35.041,28.538,8.57488,13.1834,83,78,81,2261,2800,0.480118,26,11.0168,0,0,4604,325992141621
33.6979,29.6754,8.57488,13.1834,83,78,81,2261,2800,0.480118,26,11.0168,0,0,4604,326021816129
36.4819,27.4109,8.57488,13.1834,83,78,81,2261,2800,0.480118,26,11.0168,0,0,4604,326049230968
32.6717,30.6076,8.57488,13.1834,83,78,81,2261,2800,0.480118,26,11.0168,0,0,4604,326079844870
31.8166,31.4301,8.57488,13.1834,83,78,81,2261,2800,0.480118,26,11.0168,0,0,4604,326111272731
31.7228,31.5231,8.57488,13.1834,83,78,81,2261,2800,0.480118,26,11.0168,0,0,4604,326142804287
31.5586,31.6871,7.65432,12.2448,82,72,81,2589,2800,0.480118,29,11.0206,0,0,4593,326174483508
32.9718,30.329,7.65432,12.2448,82,72,81,2589,2800,0.480118,29,11.0206,0,0,4593,326204815774
34.1523,29.2806,7.65432,12.2448,82,72,81,2589,2800,0.480118,29,11.0206,0,0,4593,326234102548
33.3641,29.9724,7.65432,12.2448,82,72,81,2589,2800,0.480118,29,11.0206,0,0,4593,326264071355
34.3308,29.1283,7.65432,12.2448,82,72,81,2589,2800,0.480118,29,11.0206,0,0,4593,326293201717
32.8814,30.4124,7.65432,12.2448,82,72,81,2589,2800,0.480118,29,11.0206,0,0,4593,326323614413
35.6377,28.0601,7.65432,12.2448,82,72,81,2589,2800,0.480118,29,11.0206,0,0,4593,326351677011
34.1675,29.2676,7.65432,12.2448,82,72,81,2589,2800,0.480118,29,11.0206,0,0,4593,326380947334
34.8909,28.6608,7.65432,12.2448,82,72,81,2589,2800,0.480118,29,11.0206,0,0,4593,326409607047
32.5446,30.7271,7.65432,12.2448,82,72,81,2589,2800,0.480118,29,11.0206,0,0,4593,326440339360
27.0332,36.9915,7.65432,12.2448,82,72,81,2589,2800,0.480118,29,11.0206,0,0,4593,326477332343
33.8999,29.4986,7.65432,12.2448,82,72,81,2589,2800,0.480118,29,11.0206,0,0,4593,326506832295
34.3816,29.0853,7.65432,12.2448,82,72,81,2589,2800,0.480118,29,11.0206,0,0,4593,326535919476
33.1635,30.1536,7.65432,12.2448,82,72,81,2589,2800,0.480118,29,11.0206,0,0,4593,326566077557
34.5493,28.9442,7.65432,12.2448,82,72,81,2589,2800,0.480118,29,11.0206,0,0,4593,326595024737
33.0643,30.2441,7.65432,12.2448,82,72,81,2589,2800,0.480118,29,11.0206,0,0,4593,326625267215
35.2085,28.4022,7.65432,12.2448,82,72,81,2589,2800,0.480118,29,11.0206,0,0,4593,326653674727
34.226,29.2176,11.0429,12.5276,82,73,80,2600,2800,0.480118,30,11.0291,0,0,4454,326682892362
33.4053,29.9354,11.0429,12.5276,82,73,80,2600,2800,0.480118,30,11.0291,0,0,4454,326712827807
33.4741,29.8738,11.0429,12.5276,82,73,80,2600,2800,0.480118,30,11.0291,0,0,4454,326742705805
34.3872,29.0806,11.0429,12.5276,82,73,80,2600,2800,0.480118,30,11.0291,0,0,4454,326771786754
38.1827,26.1899,11.0429,12.5276,82,73,80,2600,2800,0.480118,30,11.0291,0,0,4454,326797978399
24.8615,40.2228,11.0429,12.5276,82,73,80,2600,2800,0.480118,30,11.0291,0,0,4454,326838199710
40.7481,24.541,11.0429,12.5276,82,73,80,2600,2800,0.480118,30,11.0291,0,0,4454,326862741494
32.3231,30.9376,11.0429,12.5276,82,73,80,2600,2800,0.480118,30,11.0291,0,0,4454,326893685001
39.2922,25.4504,11.0429,12.5276,82,73,80,2600,2800,0.480118,30,11.0291,0,0,4454,326919136534
34.4865,28.9969,11.0429,12.5276,82,73,80,2600,2800,0.480118,30,11.0291,0,0,4454,326948134629
33.7345,29.6432,11.0429,12.5276,82,73,80,2600,2800,0.480118,30,11.0291,0,0,4454,326977781205
35.0078,28.565,11.0429,12.5276,82,73,80,2600,2800,0.480118,30,11.0291,0,0,4454,327006346321
38.4029,26.0397,11.0429,12.5276,82,73,80,2600,2800,0.480118,30,11.0291,0,0,4454,327032388126
35.1537,28.4465,11.0429,12.5276,82,73,80,2600,2800,0.480118,30,11.0291,0,0,4454,327060836885
40.5276,24.6745,11.0429,12.5276,82,73,80,2600,2800,0.480118,30,11.0291,0,0,4454,327085513972
35.6896,28.0193,11.0429,12.5276,82,73,80,2600,2800,0.480118,30,11.0291,0,0,4454,327113533329
33.57,29.7885,11.0429,12.5276,82,73,80,2600,2800,0.480118,30,11.0291,0,0,4454,327143326248
37.1483,26.9191,11.0429,12.5276,82,73,80,2600,2800,0.480118,30,11.0291,0,0,4454,327170251653
36.3209,27.5323,10.6796,11.4675,81,74,79,2583,2800,0.480118,30,11.0209,0,0,4588,327197780394
33.8384,29.5522,10.6796,11.4675,81,74,79,2583,2800,0.480118,30,11.0209,0,0,4588,327227332183
37.1767,26.8985,10.6796,11.4675,81,74,79,2583,2800,0.480118,30,11.0209,0,0,4588,327254237140
33.9378,29.4656,10.6796,11.4675,81,74,79,2583,2800,0.480118,30,11.0209,0,0,4588,327283700774
34.6195,28.8854,10.6796,11.4675,81,74,79,2583,2800,0.480118,30,11.0209,0,0,4588,327312590717
34.3202,29.1374,10.6796,11.4675,81,74,79,2583,2800,0.480118,30,11.0209,0,0,4588,327341729174
38.4113,26.034,10.6796,11.4675,81,74,79,2583,2800,0.480118,30,11.0209,0,0,4588,327367766099
32.7514,30.533,10.6796,11.4675,81,74,79,2583,2800,0.480118,30,11.0209,0,0,4588,327398298128
34.2984,29.1559,10.6796,11.4675,81,74,79,2583,2800,0.480118,30,11.0209,0,0,4588,327427457665
33.7524,29.6275,10.6796,11.4675,81,74,79,2583,2800,0.480118,30,11.0209,0,0,4588,327457087018
40.7022,24.5687,10.6796,11.4675,81,74,79,2583,2800,0.480118,30,11.0209,0,0,4588,327481659359
33.9928,29.418,10.6796,11.4675,81,74,79,2583,2800,0.480118,30,11.0209,0,0,4588,327511074473
33.399,29.941,10.6796,11.4675,81,74,79,2583,2800,0.480118,30,11.0209,0,0,4588,327541021129
34.2425,29.2034,10.6796,11.4675,81,74,79,2583,2800,0.480118,30,11.0209,0,0,4588,327570224227
36.2408,27.5932,10.6796,11.4675,81,74,79,2583,2800,0.480118,30,11.0209,0,0,4588,327597818139
35.1316,28.4644,10.6796,11.4675,81,74,79,2583,2800,0.480118,30,11.0209,0,0,4588,327626284161
33.3113,30.0198,10.6796,11.4675,81,74,79,2583,2800,0.480118,30,11.0209,0,0,4588,327656306057
39.7084,25.1836,10.6796,11.4675,81,74,79,2583,2800,0.480118,30,11.0209,0,0,4588,327681491183
31.609,31.6366,7.99508,12.4822,81,78,80,2600,2800,0.480118,30,11.0194,0,0,4596,327713127484
34.6674,28.8455,7.99508,12.4822,81,78,80,2600,2800,0.480118,30,11.0194,0,0,4596,327741976159
36.9406,27.0705,7.99508,12.4822,81,78,80,2600,2800,0.480118,30,11.0194,0,0,4596,327769050102
34.1859,29.2518,7.99508,12.4822,81,78,80,2600,2800,0.480118,30,11.0194,0,0,4596,327798302782
35.4686,28.194,7.99508,12.4822,81,78,80,2600,2800,0.480118,30,11.0194,0,0,4596,327826497487
37.6414,26.5665,7.99508,12.4822,81,78,80,2600,2800,0.480118,30,11.0194,0,0,4596,327853067488
35.0687,28.5155,7.99508,12.4822,81,78,80,2600,2800,0.480118,30,11.0194,0,0,4596,327881583012
33.9425,29.4616,7.99508,12.4822,81,78,80,2600,2800,0.480118,30,11.0194,0,0,4596,327911045273
33.9366,29.4667,7.99508,12.4822,81,78,80,2600,2800,0.480118,30,11.0194,0,0,4596,327940512905
26.2025,38.1642,7.99508,12.4822,81,78,80,2600,2800,0.480118,30,11.0194,0,0,4596,327978678617
40.5245,24.6764,7.99508,12.4822,81,78,80,2600,2800,0.480118,30,11.0194,0,0,4596,328003357607
36.2915,27.5547,7.99508,12.4822,81,78,80,2600,2800,0.480118,30,11.0194,0,0,4596,328030911436
34.3415,29.1193,7.99508,12.4822,81,78,80,2600,2800,0.480118,30,11.0194,0,0,4596,328060032751
33.5698,29.7886,7.99508,12.4822,81,78,80,2600,2800,0.480118,30,11.0194,0,0,4596,328089829627
35.4168,28.2352,7.99508,12.4822,81,78,80,2600,2800,0.480118,30,11.0194,0,0,4596,328118063224
34.9619,28.6026,7.99508,12.4822,81,78,80,2600,2800,0.480118,30,11.0194,0,0,4596,328146664168
33.0153,30.289,7.99508,12.4822,81,78,80,2600,2800,0.480118,30,11.0194,0,0,4596,328176957281
39.2256,25.4936,7.99508,12.4822,81,78,80,2600,2800,0.480118,30,11.0194,0,0,4596,328202455851
34.1484,29.2839,8.45411,12.2409,81,73,80,2190,2800,0.480118,33,11.0213,0,0,4613,328231734710
33.9935,29.4174,8.45411,12.2409,81,73,80,2190,2800,0.480118,33,11.0213,0,0,4613,328261154242
39.4517,25.3475,8.45411,12.2409,81,73,80,2190,2800,0.480118,33,11.0213,0,0,4613,328286506079
37.3034,26.8072,8.45411,12.2409,81,73,80,2190,2800,0.480118,33,11.0213,0,0,4613,328313310548
33.9611,29.4455,8.45411,12.2409,81,73,80,2190,2800,0.480118,33,11.0213,0,0,4613,328342760336
40.6299,24.6124,8.45411,12.2409,81,73,80,2190,2800,0.480118,33,11.0213,0,0,4613,328367373613
34.7302,28.7934,8.45411,12.2409,81,73,80,2190,2800,0.480118,33,11.0213,0,0,4613,328396168319
32.7518,30.5326,8.45411,12.2409,81,73,80,2190,2800,0.480118,33,11.0213,0,0,4613,328426704525
36.7941,27.1783,8.45411,12.2409,81,73,80,2190,2800,0.480118,33,11.0213,0,0,4613,328453884525
33.653,29.7151,8.45411,12.2409,81,73,80,2190,2800,0.480118,33,11.0213,0,0,4613,328483598888
33.4594,29.887,8.45411,12.2409,81,73,80,2190,2800,0.480118,33,11.0213,0,0,4613,328513487475
33.0299,30.2756,8.45411,12.2409,81,73,80,2190,2800,0.480118,33,11.0213,0,0,4613,328543767514
32.9461,30.3526,8.45411,12.2409,81,73,80,2190,2800,0.480118,33,11.0213,0,0,4613,328574120779
35.6244,28.0707,8.45411,12.2409,81,73,80,2190,2800,0.480118,33,11.0213,0,0,4613,328602193616
32.6661,30.6128,8.45411,12.2409,81,73,80,2190,2800,0.480118,33,11.0213,0,0,4613,328632809863
31.8146,31.4321,8.45411,12.2409,81,73,80,2190,2800,0.480118,33,11.0213,0,0,4613,328664241080
33.6518,29.7161,8.45411,12.2409,81,73,80,2190,2800,0.480118,33,11.0213,0,0,4613,328693961344
34.7401,28.7852,8.45411,12.2409,81,73,80,2190,2800,0.480118,33,11.0213,0,0,4613,328722747222
35.0401,28.5388,11.4873,11.6629,80,73,80,2589,2800,0.480118,36,11.031,0,0,4067,328751285268
32.249,31.0087,11.4873,11.6629,80,73,80,2589,2800,0.480118,36,11.031,0,0,4067,328782297855
32.2102,31.046,11.4873,11.6629,80,73,80,2589,2800,0.480118,36,11.031,0,0,4067,328813342761
33.1264,30.1874,11.4873,11.6629,80,73,80,2589,2800,0.480118,36,11.031,0,0,4067,328843531740
36.7033,27.2455,11.4873,11.6629,80,73,80,2589,2800,0.480118,36,11.031,0,0,4067,328870781921
34.4056,29.0651,11.4873,11.6629,80,73,80,2589,2800,0.480118,36,11.031,0,0,4067,328899847622
30.8249,32.4413,11.4873,11.6629,80,73,80,2589,2800,0.480118,36,11.031,0,0,4067,328932292763
35.1828,28.423,11.4873,11.6629,80,73,80,2589,2800,0.480118,36,11.031,0,0,4067,328960715153
35.3482,28.29,11.4873,11.6629,80,73,80,2589,2800,0.480118,36,11.031,0,0,4067,328989009694
36.3998,27.4727,11.4873,11.6629,80,73,80,2589,2800,0.480118,36,11.031,0,0,4067,329016484575
30.0107,33.3215,11.4873,11.6629,80,73,80,2589,2800,0.480118,36,11.031,0,0,4067,329049808928
33.2381,30.086,11.4873,11.6629,80,73,80,2589,2800,0.480118,36,11.031,0,0,4067,329079892319
33.4033,29.9371,11.4873,11.6629,80,73,80,2589,2800,0.480118,36,11.031,0,0,4067,329109833104
35.8286,27.9107,11.4873,11.6629,80,73,80,2589,2800,0.480118,36,11.031,0,0,4067,329137746704
34.1083,29.3184,11.4873,11.6629,80,73,80,2589,2800,0.480118,36,11.031,0,0,4067,329167065207
34.5063,28.9802,11.4873,11.6629,80,73,80,2589,2800,0.480118,36,11.031,0,0,4067,329196044357
42.6725,23.4343,11.4873,11.6629,80,73,80,2589,2800,0.480118,36,11.031,0,0,4067,329219482169
32.9058,30.3898,11.4873,11.6629,80,73,80,2589,2800,0.480118,36,11.031,0,0,4067,329249876201
33.7582,29.6224,9.40476,12.8876,81,75,78,2600,2800,0.480118,34,11.0316,0,0,4631,329279499032
34.7498,28.7771,9.40476,12.8876,81,75,78,2600,2800,0.480118,34,11.0316,0,0,4631,329308275213
36.7144,27.2373,9.40476,12.8876,81,75,78,2600,2800,0.480118,34,11.0316,0,0,4631,329335513231
33.2946,30.0349,9.40476,12.8876,81,75,78,2600,2800,0.480118,34,11.0316,0,0,4631,329365550366
34.3755,29.0905,9.40476,12.8876,81,75,78,2600,2800,0.480118,34,11.0316,0,0,4631,329394642687
33.3317,30.0015,9.40476,12.8876,81,75,78,2600,2800,0.480118,34,11.0316,0,0,4631,329424645798
36.8441,27.1414,9.40476,12.8876,81,75,78,2600,2800,0.480118,34,11.0316,0,0,4631,329451787226
32.8239,30.4656,9.40476,12.8876,81,75,78,2600,2800,0.480118,34,11.0316,0,0,4631,329482256498
34.7385,28.7865,9.40476,12.8876,81,75,78,2600,2800,0.480118,34,11.0316,0,0,4631,329511046755
38.0809,26.2599,9.40476,12.8876,81,75,78,2600,2800,0.480118,34,11.0316,0,0,4631,329537306647
35.3364,28.2995,9.40476,12.8876,81,75,78,2600,2800,0.480118,34,11.0316,0,0,4631,329565607831
33.9287,29.4736,9.40476,12.8876,81,75,78,2600,2800,0.480118,34,11.0316,0,0,4631,329595084159
32.7143,30.5677,9.40476,12.8876,81,75,78,2600,2800,0.480118,34,11.0316,0,0,4631,329625653457
39.5919,25.2577,9.40476,12.8876,81,75,78,2600,2800,0.480118,34,11.0316,0,0,4631,329650909906
34.7716,28.7591,9.40476,12.8876,81,75,78,2600,2800,0.480118,34,11.0316,0,0,4631,329679672841
34.8481,28.696,9.40476,12.8876,81,75,78,2600,2800,0.480118,34,11.0316,0,0,4631,329708367630
41.216,24.2624,9.40476,12.8876,81,75,78,2600,2800,0.480118,34,11.0316,0,0,4631,329732633329
34.6795,28.8354,9.40476,12.8876,81,75,78,2600,2800,0.480118,34,11.0316,0,0,4631,329761471956
40.7825,24.5203,7.87208,14.5869,80,78,80,2600,2800,0.480118,33,11.0298,0,0,4597,329785990887
34.0607,29.3594,7.87208,14.5869,80,78,80,2600,2800,0.480118,33,11.0298,0,0,4597,329815354064
37.6161,26.5844,7.87208,14.5869,80,78,80,2600,2800,0.480118,33,11.0298,0,0,4597,329841939383
44.4278,22.5084,7.87208,14.5869,80,78,80,2600,2800,0.480118,33,11.0298,0,0,4597,329864446078
32.1825,31.0728,7.87208,14.5869,80,78,80,2600,2800,0.480118,33,11.0298,0,0,4597,329895519798
45.1635,22.1418,7.87208,14.5869,80,78,80,2600,2800,0.480118,33,11.0298,0,0,4597,329917662843
36.6653,27.2737,7.87208,14.5869,80,78,80,2600,2800,0.480118,33,11.0298,0,0,4597,329944938262
40.3523,24.7817,7.87208,14.5869,80,78,80,2600,2800,0.480118,33,11.0298,0,0,4597,329969719282
32.0736,31.1783,7.87208,14.5869,80,78,80,2600,2800,0.480118,33,11.0298,0,0,4597,330000903419
34.072,29.3496,7.87208,14.5869,80,78,80,2600,2800,0.480118,33,11.0298,0,0,4597,330030252950
33.9912,29.4194,7.87208,14.5869,80,78,80,2600,2800,0.480118,33,11.0298,0,0,4597,330059672001
37.0208,27.0118,7.87208,14.5869,80,78,80,2600,2800,0.480118,33,11.0298,0,0,4597,330086687644
32.4332,30.8326,7.87208,14.5869,80,78,80,2600,2800,0.480118,33,11.0298,0,0,4597,330117520294
29.2048,34.241,7.87208,14.5869,80,78,80,2600,2800,0.480118,33,11.0298,0,0,4597,330151763293
29.3303,34.0945,7.87208,14.5869,80,78,80,2600,2800,0.480118,33,11.0298,0,0,4597,330185857974
32.8425,30.4484,7.87208,14.5869,80,78,80,2600,2800,0.480118,33,11.0298,0,0,4597,330216309102
28.9357,34.5594,7.87208,14.5869,80,78,80,2600,2800,0.480118,33,11.0298,0,0,4597,330250867699
31.2883,31.9608,7.87208,14.5869,80,78,80,2600,2800,0.480118,33,11.0298,0,0,4597,330282833716
32.7802,30.5062,7.83133,11.0167,80,72,78,800,2800,0.480118,29,11.025,0,0,4575,330313337101
31.1269,32.1266,7.83133,11.0167,80,72,78,800,2800,0.480118,29,11.025,0,0,4575,330345467555
27.1768,36.7961,7.83133,11.0167,80,72,78,800,2800,0.480118,29,11.025,0,0,4575,330382264732
33.4511,29.8944,7.83133,11.0167,80,72,78,800,2800,0.480118,29,11.025,0,0,4575,330412160884
32.4988,30.7704,7.83133,11.0167,80,72,78,800,2800,0.480118,29,11.025,0,0,4575,330442934063
35.1222,28.472,7.83133,11.0167,80,72,78,800,2800,0.480118,29,11.025,0,0,4575,330471407839
33.3225,30.0098,7.83133,11.0167,80,72,78,800,2800,0.480118,29,11.025,0,0,4575,330501416601
31.7728,31.4735,7.83133,11.0167,80,72,78,800,2800,0.480118,29,11.025,0,0,4575,330532891450
30.8522,32.4126,7.83133,11.0167,80,72,78,800,2800,0.480118,29,11.025,0,0,4575,330565306385
33.0621,30.2461,7.83133,11.0167,80,72,78,800,2800,0.480118,29,11.025,0,0,4575,330595555155
33.2542,30.0714,7.83133,11.0167,80,72,78,800,2800,0.480118,29,11.025,0,0,4575,330625626003
32.3559,30.9062,7.83133,11.0167,80,72,78,800,2800,0.480118,29,11.025,0,0,4575,330656532321
29.1882,34.2604,7.83133,11.0167,80,72,78,800,2800,0.480118,29,11.025,0,0,4575,330690794404
30.0487,33.2794,7.83133,11.0167,80,72,78,800,2800,0.480118,29,11.025,0,0,4575,330724075046
31.272,31.9775,7.83133,11.0167,80,72,78,800,2800,0.480118,29,11.025,0,0,4575,330756052704
36.094,27.7055,7.83133,11.0167,80,72,78,800,2800,0.480118,29,11.025,0,0,4575,330783761942
33.6102,29.7528,12.1706,13.8142,80,73,79,800,2800,0.480118,32,11.0427,0,0,4015,330813515137
32.8117,30.4769,12.1706,13.8142,80,73,79,800,2800,0.480118,32,11.0427,0,0,4015,330844014455
31.6476,31.5979,12.1706,13.8142,80,73,79,800,2800,0.480118,32,11.0427,0,0,4015,330875600061
34.1599,29.2741,12.1706,13.8142,80,73,79,800,2800,0.480118,32,11.0427,0,0,4015,330904874913
35.1349,28.4618,12.1706,13.8142,80,73,79,800,2800,0.480118,32,11.0427,0,0,4015,330933336336
35.7946,27.9372,12.1706,13.8142,80,73,79,800,2800,0.480118,32,11.0427,0,0,4015,330961273509
32.2183,31.0382,12.1706,13.8142,80,73,79,800,2800,0.480118,32,11.0427,0,0,4015,330992314940
33.6627,29.7065,12.1706,13.8142,80,73,79,800,2800,0.480118,32,11.0427,0,0,4015,331022021277
37.1402,26.925,12.1706,13.8142,80,73,79,800,2800,0.480118,32,11.0427,0,0,4015,331048950288
32.0653,31.1863,12.1706,13.8142,80,73,79,800,2800,0.480118,32,11.0427,0,0,4015,331080136489
32.1597,31.0948,12.1706,13.8142,80,73,79,800,2800,0.480118,32,11.0427,0,0,4015,331111232601
31.0695,32.1859,12.1706,13.8142,80,73,79,800,2800,0.480118,32,11.0427,0,0,4015,331143420953
31.8243,31.4226,12.1706,13.8142,80,73,79,800,2800,0.480118,32,11.0427,0,0,4015,331174844296
32.7365,30.547,12.1706,13.8142,80,73,79,800,2800,0.480118,32,11.0427,0,0,4015,331205392345
35.7643,27.9608,12.1706,13.8142,80,73,79,800,2800,0.480118,32,11.0427,0,0,4015,331233358393
31.7032,31.5426,12.1706,13.8142,80,73,79,800,2800,0.480118,32,11.0427,0,0,4015,331264903453
34.4003,29.0695,12.1706,13.8142,80,73,79,800,2800,0.480118,32,11.0427,0,0,4015,331293976538
31.9142,31.334,7.67327,12.5531,81,75,80,2317,2800,0.480118,38,11.0277,0,0,4569,331325309292
30.9726,32.2866,7.67327,12.5531,81,75,80,2317,2800,0.480118,38,11.0277,0,0,4569,331357598572
36.871,27.1216,7.67327,12.5531,81,75,80,2317,2800,0.480118,38,11.0277,0,0,4569,331384724021
33.8571,29.5359,7.67327,12.5531,81,75,80,2317,2800,0.480118,38,11.0277,0,0,4569,331414261102
33.7124,29.6626,7.67327,12.5531,81,75,80,2317,2800,0.480118,38,11.0277,0,0,4569,331443924189
29.7192,33.6482,7.67327,12.5531,81,75,80,2317,2800,0.480118,38,11.0277,0,0,4569,331477574821
34.2095,29.2316,7.67327,12.5531,81,75,80,2317,2800,0.480118,38,11.0277,0,0,4569,331506809708
37.5031,26.6645,7.67327,12.5531,81,75,80,2317,2800,0.480118,38,11.0277,0,0,4569,331533476720
33.7359,29.642,7.67327,12.5531,81,75,80,2317,2800,0.480118,38,11.0277,0,0,4569,331563119589
33.0632,30.2451,7.67327,12.5531,81,75,80,2317,2800,0.480118,38,11.0277,0,0,4569,331593365804
38.1268,26.2283,7.67327,12.5531,81,75,80,2317,2800,0.480118,38,11.0277,0,0,4569,331619598956
35.664,28.0395,7.67327,12.5531,81,75,80,2317,2800,0.480118,38,11.0277,0,0,4569,331647639693
33.2617,30.0646,7.67327,12.5531,81,75,80,2317,2800,0.480118,38,11.0277,0,0,4569,331677703007
33.1446,30.1708,7.67327,12.5531,81,75,80,2317,2800,0.480118,38,11.0277,0,0,4569,331707874253
37.0326,27.0032,7.67327,12.5531,81,75,80,2317,2800,0.480118,38,11.0277,0,0,4569,331734881430
32.781,30.5055,7.67327,12.5531,81,75,80,2317,2800,0.480118,38,11.0277,0,0,4569,331765386769
34.5449,28.9478,7.67327,12.5531,81,75,80,2317,2800,0.480118,38,11.0277,0,0,4569,331794341002
31.9374,31.3112,7.55667,11.8819,82,77,81,2437,2800,0.480118,30,11.0316,0,0,4599,331825650172
37.904,26.3825,7.55667,11.8819,82,77,81,2437,2800,0.480118,30,11.0316,0,0,4599,331852038564
33.3727,29.9646,7.55667,11.8819,82,77,81,2437,2800,0.480118,30,11.0316,0,0,4599,331882000619
32.6623,30.6163,7.55667,11.8819,82,77,81,2437,2800,0.480118,30,11.0316,0,0,4599,331912617797
30.1081,33.2137,7.55667,11.8819,82,77,81,2437,2800,0.480118,30,11.0316,0,0,4599,331945832986
34.7807,28.7516,7.55667,11.8819,82,77,81,2437,2800,0.480118,30,11.0316,0,0,4599,331974585843
37.8577,26.4147,7.55667,11.8819,82,77,81,2437,2800,0.480118,30,11.0316,0,0,4599,332001000614
35.1675,28.4354,7.55667,11.8819,82,77,81,2437,2800,0.480118,30,11.0316,0,0,4599,332029438413
28.1327,35.5459,7.55667,11.8819,82,77,81,2437,2800,0.480118,30,11.0316,0,0,4599,332064984003
29.9423,33.3976,7.55667,11.8819,82,77,81,2437,2800,0.480118,30,11.0316,0,0,4599,332098382535
34.866,28.6812,7.55667,11.8819,82,77,81,2437,2800,0.480118,30,11.0316,0,0,4599,332127065501
34.6887,28.8278,7.55667,11.8819,82,77,81,2437,2800,0.480118,30,11.0316,0,0,4599,332155894260
35.544,28.1341,7.55667,11.8819,82,77,81,2437,2800,0.480118,30,11.0316,0,0,4599,332184028021
34.8056,28.731,7.55667,11.8819,82,77,81,2437,2800,0.480118,30,11.0316,0,0,4599,332212762734
31.8506,31.3966,7.55667,11.8819,82,77,81,2437,2800,0.480118,30,11.0316,0,0,4599,332244158816
33.53,29.8241,7.55667,11.8819,82,77,81,2437,2800,0.480118,30,11.0316,0,0,4599,332273983144
39.626,25.236,7.55667,11.8819,82,77,81,2437,2800,0.480118,30,11.0316,0,0,4599,332299229654
32.1433,31.1107,7.72105,12.2563,83,73,80,2554,2800,0.480118,30,11.0299,0,0,4602,332330333701
31.19,32.0615,7.72105,12.2563,83,73,80,2554,2800,0.480118,30,11.0299,0,0,4602,332362397199
33.759,29.6217,7.72105,12.2563,83,73,80,2554,2800,0.480118,30,11.0299,0,0,4602,332392020141
37.2528,26.8436,7.72105,12.2563,83,73,80,2554,2800,0.480118,30,11.0299,0,0,4602,332418866648
33.9577,29.4484,7.72105,12.2563,83,73,80,2554,2800,0.480118,30,11.0299,0,0,4602,332448320885
31.9442,31.3046,7.72105,12.2563,83,73,80,2554,2800,0.480118,30,11.0299,0,0,4602,332479625997
33.9478,29.457,7.72105,12.2563,83,73,80,2554,2800,0.480118,30,11.0299,0,0,4602,332509083340
36.5086,27.3908,7.72105,12.2563,83,73,80,2554,2800,0.480118,30,11.0299,0,0,4602,332536475095
33.3253,30.0072,7.72105,12.2563,83,73,80,2554,2800,0.480118,30,11.0299,0,0,4602,332566483106
33.792,29.5928,7.72105,12.2563,83,73,80,2554,2800,0.480118,30,11.0299,0,0,4602,332596079638
31.7176,31.5282,7.72105,12.2563,83,73,80,2554,2800,0.480118,30,11.0299,0,0,4602,332627607507
32.5246,30.746,7.72105,12.2563,83,73,80,2554,2800,0.480118,30,11.0299,0,0,4602,332658354517
33.3825,29.9559,7.72105,12.2563,83,73,80,2554,2800,0.480118,30,11.0299,0,0,4602,332688315710
32.9988,30.3041,7.72105,12.2563,83,73,80,2554,2800,0.480118,30,11.0299,0,0,4602,332718618020
30.3867,32.9092,7.72105,12.2563,83,73,80,2554,2800,0.480118,30,11.0299,0,0,4602,332751528220
31.0857,32.1691,7.72105,12.2563,83,73,80,2554,2800,0.480118,30,11.0299,0,0,4602,332783700331
30.7681,32.5012,7.72105,12.2563,83,73,80,2554,2800,0.480118,30,11.0299,0,0,4602,332816205254
33.5365,29.8183,12.0585,13.2651,83,73,81,2510,2800,0.480118,36,11.041,0,0,4124,332846022528
33.1506,30.1654,12.0585,13.2651,83,73,81,2510,2800,0.480118,36,11.041,0,0,4124,332876188864
35.5433,28.1347,12.0585,13.2651,83,73,81,2510,2800,0.480118,36,11.041,0,0,4124,332904323016
36.8778,27.1166,12.0585,13.2651,83,73,81,2510,2800,0.480118,36,11.041,0,0,4124,332931441201
29.0703,34.3994,12.0585,13.2651,83,73,81,2510,2800,0.480118,36,11.041,0,0,4124,332965841292
33.477,29.8713,12.0585,13.2651,83,73,81,2510,2800,0.480118,36,11.041,0,0,4124,332995714000
39.0594,25.602,12.0585,13.2651,83,73,81,2510,2800,0.480118,36,11.041,0,0,4124,333021321654
35.4394,28.2172,12.0585,13.2651,83,73,81,2510,2800,0.480118,36,11.041,0,0,4124,333049536166
32.634,30.6429,12.0585,13.2651,83,73,81,2510,2800,0.480118,36,11.041,0,0,4124,333080182559
37.4054,26.7341,12.0585,13.2651,83,73,81,2510,2800,0.480118,36,11.041,0,0,4124,333106916246
37.8337,26.4315,12.0585,13.2651,83,73,81,2510,2800,0.480118,36,11.041,0,0,4124,333133349592
34.1833,29.2541,12.0585,13.2651,83,73,81,2510,2800,0.480118,36,11.041,0,0,4124,333162606951
36.563,27.35,12.0585,13.2651,83,73,81,2510,2800,0.480118,36,11.041,0,0,4124,333189956788
37.4083,26.732,12.0585,13.2651,83,73,81,2510,2800,0.480118,36,11.041,0,0,4124,333216691687
32.8665,30.4261,12.0585,13.2651,83,73,81,2510,2800,0.480118,36,11.041,0,0,4124,333247119331
35.473,28.1904,12.0585,13.2651,83,73,81,2510,2800,0.480118,36,11.041,0,0,4124,333275311591
36.1515,27.6614,12.0585,13.2651,83,73,81,2510,2800,0.480118,36,11.041,0,0,4124,333302975976
33.8535,29.539,12.0585,13.2651,83,73,81,2510,2800,0.480118,36,11.041,0,0,4124,333332518026
33.0951,30.216,8.15085,13.6194,83,76,80,2411,2800,0.480118,37,11.0418,0,0,4624,333362734706
33.5427,29.8128,8.15085,13.6194,83,76,80,2411,2800,0.480118,37,11.0418,0,0,4624,333392548204
38.2776,26.1249,8.15085,13.6194,83,76,80,2411,2800,0.480118,37,11.0418,0,0,4624,333418672803
32.4687,30.7989,8.15085,13.6194,83,76,80,2411,2800,0.480118,37,11.0418,0,0,4624,333449476349
34.9773,28.59,8.15085,13.6194,83,76,80,2411,2800,0.480118,37,11.0418,0,0,4624,333478068166
36.8161,27.162,8.15085,13.6194,83,76,80,2411,2800,0.480118,37,11.0418,0,0,4624,333505230202
33.0831,30.2269,8.15085,13.6194,83,76,80,2411,2800,0.480118,37,11.0418,0,0,4624,333535458534
33.977,29.4317,8.15085,13.6194,83,76,80,2411,2800,0.480118,37,11.0418,0,0,4624,333564891771
34.4078,29.0632,8.15085,13.6194,83,76,80,2411,2800,0.480118,37,11.0418,0,0,4624,333593958645
40.4951,24.6944,8.15085,13.6194,83,76,80,2411,2800,0.480118,37,11.0418,0,0,4624,333618655258
34.1834,29.2539,8.15085,13.6194,83,76,80,2411,2800,0.480118,37,11.0418,0,0,4624,333647908820
32.9108,30.3851,8.15085,13.6194,83,76,80,2411,2800,0.480118,37,11.0418,0,0,4624,333678293574
33.2917,30.0375,8.15085,13.6194,83,76,80,2411,2800,0.480118,37,11.0418,0,0,4624,333708332492
35.1128,28.4797,8.15085,13.6194,83,76,80,2411,2800,0.480118,37,11.0418,0,0,4624,333736816166
33.807,29.5797,8.15085,13.6194,83,76,80,2411,2800,0.480118,37,11.0418,0,0,4624,333766396038
31.912,31.3361,8.15085,13.6194,83,76,80,2411,2800,0.480118,37,11.0418,0,0,4624,333797733220
35.3948,28.2527,8.15085,13.6194,83,76,80,2411,2800,0.480118,37,11.0418,0,0,4624,333825985392
40.6223,24.617,8.15085,13.6194,83,76,80,2411,2800,0.480118,37,11.0418,0,0,4624,333850611283
31.6261,31.6195,8.0292,11.4724,82,77,79,800,2800,0.480118,30,11.0318,0,0,4606,333882228569
33.5134,29.8388,8.0292,11.4724,82,77,79,800,2800,0.480118,30,11.0318,0,0,4606,333912067123
38.7461,25.809,8.0292,11.4724,82,77,79,800,2800,0.480118,30,11.0318,0,0,4606,333937878558
33.5261,29.8275,8.0292,11.4724,82,77,79,800,2800,0.480118,30,11.0318,0,0,4606,333967705069
31.4811,31.7651,8.0292,11.4724,82,77,79,800,2800,0.480118,30,11.0318,0,0,4606,333999471653
36.2445,27.5904,8.0292,11.4724,82,77,79,800,2800,0.480118,30,11.0318,0,0,4606,334027065967
39.1343,25.553,8.0292,11.4724,82,77,79,800,2800,0.480118,30,11.0318,0,0,4606,334052620723
34.0865,29.3372,8.0292,11.4724,82,77,79,800,2800,0.480118,30,11.0318,0,0,4606,334081959754
33.5551,29.8017,8.0292,11.4724,82,77,79,800,2800,0.480118,30,11.0318,0,0,4606,334111762582
36.9385,27.072,8.0292,11.4724,82,77,79,800,2800,0.480118,30,11.0318,0,0,4606,334138833638
32.7841,30.5026,8.0292,11.4724,82,77,79,800,2800,0.480118,30,11.0318,0,0,4606,334169339979
36.0646,27.728,8.0292,11.4724,82,77,79,800,2800,0.480118,30,11.0318,0,0,4606,334197068975
34.8376,28.7046,8.0292,11.4724,82,77,79,800,2800,0.480118,30,11.0318,0,0,4606,334225775204
31.8393,31.4077,8.0292,11.4724,82,77,79,800,2800,0.480118,30,11.0318,0,0,4606,334257185704
35.8795,27.871,8.0292,11.4724,82,77,79,800,2800,0.480118,30,11.0318,0,0,4606,334285056424
33.1359,30.1788,8.0292,11.4724,82,77,79,800,2800,0.480118,30,11.0318,0,0,4606,334315237778
38.2292,26.158,8.0292,11.4724,82,77,79,800,2800,0.480118,30,11.0318,0,0,4606,334341397393
35.5898,28.0979,8.0292,11.4724,82,77,79,800,2800,0.480118,30,11.0318,0,0,4606,334369498062
33.4341,29.9096,8.11138,12.3829,81,74,80,2394,2800,0.480118,29,11.0318,0,0,4594,334399407558
34.2779,29.1733,8.11138,12.3829,81,74,80,2394,2800,0.480118,29,11.0318,0,0,4594,334428579448
38.2051,26.1745,8.11138,12.3829,81,74,80,2394,2800,0.480118,29,11.0318,0,0,4594,334454755023
33.05,30.2572,8.11138,12.3829,81,74,80,2394,2800,0.480118,29,11.0318,0,0,4594,334485015144
32.5545,30.7177,8.11138,12.3829,81,74,80,2394,2800,0.480118,29,11.0318,0,0,4594,334515734843
35.908,27.8489,8.11138,12.3829,81,74,80,2394,2800,0.480118,29,11.0318,0,0,4594,334543583863
35.4464,28.2116,8.11138,12.3829,81,74,80,2394,2800,0.480118,29,11.0318,0,0,4594,334571796721
32.3604,30.902,8.11138,12.3829,81,74,80,2394,2800,0.480118,29,11.0318,0,0,4594,334602702789
34.5677,28.9287,8.11138,12.3829,81,74,80,2394,2800,0.480118,29,11.0318,0,0,4594,334631632806
36.8249,27.1555,8.11138,12.3829,81,74,80,2394,2800,0.480118,29,11.0318,0,0,4594,334658789503
36.7202,27.233,8.11138,12.3829,81,74,80,2394,2800,0.480118,29,11.0318,0,0,4594,334686024215
33.5191,29.8338,8.11138,12.3829,81,74,80,2394,2800,0.480118,29,11.0318,0,0,4594,334715862319
32.0586,31.1929,8.11138,12.3829,81,74,80,2394,2800,0.480118,29,11.0318,0,0,4594,334747056494
33.5883,29.7722,8.11138,12.3829,81,74,80,2394,2800,0.480118,29,11.0318,0,0,4594,334776834675
33.2399,30.0844,8.11138,12.3829,81,74,80,2394,2800,0.480118,29,11.0318,0,0,4594,334806914380
33.103,30.2088,8.11138,12.3829,81,74,80,2394,2800,0.480118,29,11.0318,0,0,4594,334837132673
28.4097,35.1992,8.11138,12.3829,81,74,80,2394,2800,0.480118,29,11.0318,0,0,4594,334872331285
34.516,28.9721,13.4831,13.8319,81,73,80,800,2800,0.480118,34,11.0353,0,0,4573,334901299635
33.08,30.2297,13.4831,13.8319,81,73,80,800,2800,0.480118,34,11.0353,0,0,4573,334931532856
38.4995,25.9744,13.4831,13.8319,81,73,80,800,2800,0.480118,34,11.0353,0,0,4573,334957510150
31.6042,31.6414,13.4831,13.8319,81,73,80,800,2800,0.480118,34,11.0353,0,0,4573,334989151992
33.3678,29.969,13.4831,13.8319,81,73,80,800,2800,0.480118,34,11.0353,0,0,4573,335019123935
28.826,34.6909,13.4831,13.8319,81,73,80,800,2800,0.480118,34,11.0353,0,0,4573,335053811874
31.779,31.4673,13.4831,13.8319,81,73,80,800,2800,0.480118,34,11.0353,0,0,4573,335085281904
33.7789,29.6043,13.4831,13.8319,81,73,80,800,2800,0.480118,34,11.0353,0,0,4573,335114886992
30.7867,32.4815,13.4831,13.8319,81,73,80,800,2800,0.480118,34,11.0353,0,0,4573,335147368281
31.9921,31.2577,13.4831,13.8319,81,73,80,800,2800,0.480118,34,11.0353,0,0,4573,335178626997
32.9823,30.3193,13.4831,13.8319,81,73,80,800,2800,0.480118,34,11.0353,0,0,4573,335208947250
31.8959,31.3519,13.4831,13.8319,81,73,80,800,2800,0.480118,34,11.0353,0,0,4573,335240301445
34.8407,28.7021,13.4831,13.8319,81,73,80,800,2800,0.480118,34,11.0353,0,0,4573,335269005110
33.2306,30.0928,13.4831,13.8319,81,73,80,800,2800,0.480118,34,11.0353,0,0,4573,335299097358
32.4954,30.7736,13.4831,13.8319,81,73,80,800,2800,0.480118,34,11.0353,0,0,4573,335329875015
32.4222,30.843,13.4831,13.8319,81,73,80,800,2800,0.480118,34,11.0353,0,0,4573,335360719518
35.4857,28.1803,13.4831,13.8319,81,73,80,800,2800,0.480118,34,11.0353,0,0,4573,335388906939
34.2804,29.1712,8.36364,13.8778,81,77,78,2291,2800,0.480118,31,11.0358,0,0,4612,335418073097
31.6528,31.5927,8.36364,13.8778,81,77,78,2291,2800,0.480118,31,11.0358,0,0,4612,335449666508
31.303,31.9458,8.36364,13.8778,81,77,78,2291,2800,0.480118,31,11.0358,0,0,4612,335481614391
32.1276,31.1259,8.36364,13.8778,81,77,78,2291,2800,0.480118,31,11.0358,0,0,4612,335512741521
34.799,28.7365,8.36364,13.8778,81,77,78,2291,2800,0.480118,31,11.0358,0,0,4612,335541477917
36.7603,27.2032,8.36364,13.8778,81,77,78,2291,2800,0.480118,31,11.0358,0,0,4612,335568686200
33.858,29.5351,8.36364,13.8778,81,77,78,2291,2800,0.480118,31,11.0358,0,0,4612,335598222119
32.5184,30.7518,8.36364,13.8778,81,77,78,2291,2800,0.480118,31,11.0358,0,0,4612,335628974560
37.5222,26.6509,8.36364,13.8778,81,77,78,2291,2800,0.480118,31,11.0358,0,0,4612,335655626204
35.5046,28.1653,8.36364,13.8778,81,77,78,2291,2800,0.480118,31,11.0358,0,0,4612,335683795511
31.4156,31.8313,8.36364,13.8778,81,77,78,2291,2800,0.480118,31,11.0358,0,0,4612,335715628259
30.8243,32.4419,8.36364,13.8778,81,77,78,2291,2800,0.480118,31,11.0358,0,0,4612,335748071867
33.1782,30.1403,8.36364,13.8778,81,77,78,2291,2800,0.480118,31,11.0358,0,0,4612,335778214609
35.1695,28.4338,8.36364,13.8778,81,77,78,2291,2800,0.480118,31,11.0358,0,0,4612,335806647108
31.9736,31.2758,8.36364,13.8778,81,77,78,2291,2800,0.480118,31,11.0358,0,0,4612,335837924599
32.0024,31.2476,8.36364,13.8778,81,77,78,2291,2800,0.480118,31,11.0358,0,0,4612,335869176462
31.5078,31.7382,8.36364,13.8778,81,77,78,2291,2800,0.480118,31,11.0358,0,0,4612,335900968804
33.0863,30.2239,7.84314,13.5806,81,77,81,2519,2800,0.480118,37,11.0359,0,0,4589,335931138436
33.9772,29.4315,7.84314,13.5806,81,77,81,2519,2800,0.480118,37,11.0359,0,0,4589,335960570211
30.972,32.2872,7.84314,13.5806,81,77,81,2519,2800,0.480118,37,11.0359,0,0,4589,335992859341
34.2843,29.1679,7.84314,13.5806,81,77,81,2519,2800,0.480118,37,11.0359,0,0,4589,336022029747
33.5828,29.7771,7.84314,13.5806,81,77,81,2519,2800,0.480118,37,11.0359,0,0,4589,336051807077
26.2742,38.0602,7.84314,13.5806,81,77,81,2519,2800,0.480118,37,11.0359,0,0,4589,336089872062
30.2312,33.0784,7.84314,13.5806,81,77,81,2519,2800,0.480118,37,11.0359,0,0,4589,336122952118
29.6455,33.732,7.84314,13.5806,81,77,81,2519,2800,0.480118,37,11.0359,0,0,4589,336156682479
26.9762,37.0696,7.84314,13.5806,81,77,81,2519,2800,0.480118,37,11.0359,0,0,4589,336193756503
31.6646,31.581,7.84314,13.5806,81,77,81,2519,2800,0.480118,37,11.0359,0,0,4589,336225339435
30.6817,32.5927,7.84314,13.5806,81,77,81,2519,2800,0.480118,37,11.0359,0,0,4589,336257933975
35.5568,28.124,7.84314,13.5806,81,77,81,2519,2800,0.480118,37,11.0359,0,0,4589,336286059671
32.56,30.7126,7.84314,13.5806,81,77,81,2519,2800,0.480118,37,11.0359,0,0,4589,336316774150
32.3053,30.9547,7.84314,13.5806,81,77,81,2519,2800,0.480118,37,11.0359,0,0,4589,336347728929
30.8292,32.4367,7.84314,13.5806,81,77,81,2519,2800,0.480118,37,11.0359,0,0,4589,336380166816
33.8396,29.5512,7.84314,13.5806,81,77,81,2519,2800,0.480118,37,11.0359,0,0,4589,336409721120
36.2021,27.6227,11.8227,10.3164,82,72,80,2313,2800,0.480118,31,11.0328,0,0,4618,336437342524
32.6718,30.6074,11.8227,10.3164,82,72,80,2313,2800,0.480118,31,11.0328,0,0,4618,336467952408
30.0016,33.3316,11.8227,10.3164,82,72,80,2313,2800,0.480118,31,11.0328,0,0,4618,336501284826
29.8171,33.5378,11.8227,10.3164,82,72,80,2313,2800,0.480118,31,11.0328,0,0,4618,336534823479
32.1716,31.0833,11.8227,10.3164,82,72,80,2313,2800,0.480118,31,11.0328,0,0,4618,336565909132
33.547,29.8089,11.8227,10.3164,82,72,80,2313,2800,0.480118,31,11.0328,0,0,4618,336595721417
29.4742,33.9279,11.8227,10.3164,82,72,80,2313,2800,0.480118,31,11.0328,0,0,4618,336629651471
29.1701,34.2817,11.8227,10.3164,82,72,80,2313,2800,0.480118,31,11.0328,0,0,4618,336663933672
29.4504,33.9554,11.8227,10.3164,82,72,80,2313,2800,0.480118,31,11.0328,0,0,4618,336697888672
31.7564,31.4897,11.8227,10.3164,82,72,80,2313,2800,0.480118,31,11.0328,0,0,4618,336729380073
31.6015,31.6441,11.8227,10.3164,82,72,80,2313,2800,0.480118,31,11.0328,0,0,4618,336761025080
32.3383,30.9231,11.8227,10.3164,82,72,80,2313,2800,0.480118,31,11.0328,0,0,4618,336791952517
32.4909,30.7778,11.8227,10.3164,82,72,80,2313,2800,0.480118,31,11.0328,0,0,4618,336822730656
34.8515,28.6932,11.8227,10.3164,82,72,80,2313,2800,0.480118,31,11.0328,0,0,4618,336851424202
32.6367,30.6404,11.8227,10.3164,82,72,80,2313,2800,0.480118,31,11.0328,0,0,4618,336882065104
30.3052,32.9976,11.8227,10.3164,82,72,80,2313,2800,0.480118,31,11.0328,0,0,4618,336915070081
34.0066,29.4061,13.2754,14.21,82,72,80,2418,2800,0.480118,29,11.0261,0,0,4605,336944471749
34.9304,28.6283,13.2754,14.21,82,72,80,2418,2800,0.480118,29,11.0261,0,0,4605,336973105534
32.6203,30.6558,13.2754,14.21,82,72,80,2418,2800,0.480118,29,11.0261,0,0,4605,337003758088
32.4038,30.8606,13.2754,14.21,82,72,80,2418,2800,0.480118,29,11.0261,0,0,4605,337034619692
33.4083,29.9327,13.2754,14.21,82,72,80,2418,2800,0.480118,29,11.0261,0,0,4605,337064554967
36.0186,27.7634,13.2754,14.21,82,72,80,2418,2800,0.480118,29,11.0261,0,0,4605,337092318056
35.1138,28.4788,13.2754,14.21,82,72,80,2418,2800,0.480118,29,11.0261,0,0,4605,337120797562
34.5996,28.9021,13.2754,14.21,82,72,80,2418,2800,0.480118,29,11.0261,0,0,4605,337149702724
34.4693,29.0114,13.2754,14.21,82,72,80,2418,2800,0.480118,29,11.0261,0,0,4605,337178714875
35.1019,28.4885,13.2754,14.21,82,72,80,2418,2800,0.480118,29,11.0261,0,0,4605,337207214930
35.8221,27.9157,13.2754,14.21,82,72,80,2418,2800,0.480118,29,11.0261,0,0,4605,337235123380
34.8199,28.7192,13.2754,14.21,82,72,80,2418,2800,0.480118,29,11.0261,0,0,4605,337263844678
37.2901,26.8168,13.2754,14.21,82,72,80,2418,2800,0.480118,29,11.0261,0,0,4605,337290661490
38.2869,26.1186,13.2754,14.21,82,72,80,2418,2800,0.480118,29,11.0261,0,0,4605,337316781551
33.4184,29.9236,13.2754,14.21,82,72,80,2418,2800,0.480118,29,11.0261,0,0,4605,337346707118
37.7608,26.4825,13.2754,14.21,82,72,80,2418,2800,0.480118,29,11.0261,0,0,4605,337373189846
35.6361,28.0614,13.2754,14.21,82,72,80,2418,2800,0.480118,29,11.0261,0,0,4605,337401253045
34.4611,29.0183,13.2754,14.21,82,72,80,2418,2800,0.480118,29,11.0261,0,0,4605,337430276688
38.4827,25.9857,7.57946,12.7041,82,78,79,2600,2800,0.480118,34,11.0257,0,0,4596,337456261206
37.286,26.8197,7.57946,12.7041,82,78,79,2600,2800,0.480118,34,11.0257,0,0,4596,337483080102
34.1341,29.2962,7.57946,12.7041,82,78,79,2600,2800,0.480118,34,11.0257,0,0,4596,337512378597
39.4605,25.3418,7.57946,12.7041,82,78,79,2600,2800,0.480118,34,11.0257,0,0,4596,337537720155
33.9774,29.4313,7.57946,12.7041,82,78,79,2600,2800,0.480118,34,11.0257,0,0,4596,337567154274
32.7854,30.5014,7.57946,12.7041,82,78,79,2600,2800,0.480118,34,11.0257,0,0,4596,337597655265
39.5568,25.2801,7.57946,12.7041,82,78,79,2600,2800,0.480118,34,11.0257,0,0,4596,337622939094
36.7888,27.1822,7.57946,12.7041,82,78,79,2600,2800,0.480118,34,11.0257,0,0,4596,337650121108
35.0076,28.5653,7.57946,12.7041,82,78,79,2600,2800,0.480118,34,11.0257,0,0,4596,337678688068
38.9423,25.679,7.57946,12.7041,82,78,79,2600,2800,0.480118,34,11.0257,0,0,4596,337704368709
35.9456,27.8198,7.57946,12.7041,82,78,79,2600,2800,0.480118,34,11.0257,0,0,4596,337732189656
34.9444,28.6169,7.57946,12.7041,82,78,79,2600,2800,0.480118,34,11.0257,0,0,4596,337760806038
35.8502,27.8938,7.57946,12.7041,82,78,79,2600,2800,0.480118,34,11.0257,0,0,4596,337788702927
35.5582,28.1229,7.57946,12.7041,82,78,79,2600,2800,0.480118,34,11.0257,0,0,4596,337816826719
33.7298,29.6473,7.57946,12.7041,82,78,79,2600,2800,0.480118,34,11.0257,0,0,4596,337846476761
35.9874,27.7875,7.57946,12.7041,82,78,79,2600,2800,0.480118,34,11.0257,0,0,4596,337874266610
34.3215,29.1362,7.57946,12.7041,82,78,79,2600,2800,0.480118,34,11.0257,0,0,4596,337903402532
31.5542,31.6915,7.57946,12.7041,82,78,79,2600,2800,0.480118,34,11.0257,0,0,4596,337935098745
35.5311,28.1444,7.60598,15.0036,82,77,81,2600,2800,0.480118,32,11.0281,0,0,4590,337963241783
39.2124,25.5021,7.60598,15.0036,82,77,81,2600,2800,0.480118,32,11.0281,0,0,4590,337988743961
37.4579,26.6967,7.60598,15.0036,82,77,81,2600,2800,0.480118,32,11.0281,0,0,4590,338015443143
32.0441,31.207,7.60598,15.0036,82,77,81,2600,2800,0.480118,32,11.0281,0,0,4590,338046650763
38.4232,26.0259,7.60598,15.0036,82,77,81,2600,2800,0.480118,32,11.0281,0,0,4590,338072678312
35.9331,27.8295,7.60598,15.0036,82,77,81,2600,2800,0.480118,32,11.0281,0,0,4590,338100509748
33.8462,29.5454,7.60598,15.0036,82,77,81,2600,2800,0.480118,32,11.0281,0,0,4590,338130055526
38.1307,26.2256,7.60598,15.0036,82,77,81,2600,2800,0.480118,32,11.0281,0,0,4590,338156284220
36.9647,27.0528,7.60598,15.0036,82,77,81,2600,2800,0.480118,32,11.0281,0,0,4590,338183337734
32.8524,30.4392,7.60598,15.0036,82,77,81,2600,2800,0.480118,32,11.0281,0,0,4590,338213777510
37.3592,26.7672,7.60598,15.0036,82,77,81,2600,2800,0.480118,32,11.0281,0,0,4590,338240546072
34.6535,28.8571,7.60598,15.0036,82,77,81,2600,2800,0.480118,32,11.0281,0,0,4590,338269403915
33.959,29.4473,7.60598,15.0036,82,77,81,2600,2800,0.480118,32,11.0281,0,0,4590,338298853243
36.1614,27.6538,7.60598,15.0036,82,77,81,2600,2800,0.480118,32,11.0281,0,0,4590,338326509342
35.1524,28.4475,7.60598,15.0036,82,77,81,2600,2800,0.480118,32,11.0281,0,0,4590,338354958872
33.9374,29.466,7.60598,15.0036,82,77,81,2600,2800,0.480118,32,11.0281,0,0,4590,338384424640
34.5956,28.9054,7.60598,15.0036,82,77,81,2600,2800,0.480118,32,11.0281,0,0,4590,338413330323
36.6304,27.2997,7.60598,15.0036,82,77,81,2600,2800,0.480118,32,11.0281,0,0,4590,338440634234
34.2692,29.1807,7.24095,11.4079,84,72,81,800,2800,0.480118,29,11.0292,0,0,4627,338469814960
32.5181,30.7521,7.24095,11.4079,84,72,81,800,2800,0.480118,29,11.0292,0,0,4627,338500568242
33.7503,29.6294,7.24095,11.4079,84,72,81,800,2800,0.480118,29,11.0292,0,0,4627,338530197425
36.0265,27.7574,7.24095,11.4079,84,72,81,800,2800,0.480118,29,11.0292,0,0,4627,338557958671
33.9415,29.4625,7.24095,11.4079,84,72,81,800,2800,0.480118,29,11.0292,0,0,4627,338587426693
32.6634,30.6153,7.24095,11.4079,84,72,81,800,2800,0.480118,29,11.0292,0,0,4627,338618040876
34.7396,28.7856,7.24095,11.4079,84,72,81,800,2800,0.480118,29,11.0292,0,0,4627,338646827175
33.5096,29.8422,7.24095,11.4079,84,72,81,800,2800,0.480118,29,11.0292,0,0,4627,338676671390
34.5928,28.9077,7.24095,11.4079,84,72,81,800,2800,0.480118,29,11.0292,0,0,4627,338705579537
37.8984,26.3864,7.24095,11.4079,84,72,81,800,2800,0.480118,29,11.0292,0,0,4627,338731965745
33.3173,30.0144,7.24095,11.4079,84,72,81,800,2800,0.480118,29,11.0292,0,0,4627,338761981339
32.2888,30.9705,7.24095,11.4079,84,72,81,800,2800,0.480118,29,11.0292,0,0,4627,338792952017
40.3537,24.7809,7.24095,11.4079,84,72,81,800,2800,0.480118,29,11.0292,0,0,4627,338817737266
34.7658,28.7639,7.24095,11.4079,84,72,81,800,2800,0.480118,29,11.0292,0,0,4627,338846499611
34.1462,29.2859,7.24095,11.4079,84,72,81,800,2800,0.480118,29,11.0292,0,0,4627,338875787386
37.1236,26.937,7.24095,11.4079,84,72,81,800,2800,0.480118,29,11.0292,0,0,4627,338902725806
34.6212,28.884,7.24095,11.4079,84,72,81,800,2800,0.480118,29,11.0292,0,0,4627,338931613093
36.52,27.3823,7.24095,11.4079,84,72,81,800,2800,0.480118,29,11.0292,0,0,4627,338958997585
35.9034,27.8525,12.3636,11.0822,84,72,81,2438,2800,0.480362,33,11.0348,0,0,4604,338986850161
34.8863,28.6646,12.3636,11.0822,84,72,81,2438,2800,0.480362,33,11.0348,0,0,4604,339015515605
13.8616,72.142,12.3636,11.0822,84,72,81,2438,2800,0.480362,33,11.0348,0,0,4604,339087661495
16.8976,59.1799,12.3636,11.0822,84,72,81,2438,2800,0.480362,33,11.0348,0,0,4604,339146841766
15.7029,63.6824,12.3636,11.0822,84,72,81,2438,2800,0.480362,33,11.0348,0,0,4604,339210528841
19.1973,52.0906,12.3636,11.0822,84,72,81,2438,2800,0.480362,33,11.0348,0,0,4604,339262616879
21.682,46.1212,12.3636,11.0822,84,72,81,2438,2800,0.480362,33,11.0348,0,0,4604,339308741423
23.3169,42.8873,12.3636,11.0822,84,72,81,2438,2800,0.480362,33,11.0348,0,0,4604,339351631947
6.17199,162.022,12.3636,11.0822,84,72,81,2438,2800,0.480362,33,11.0348,0,0,4604,339513654544
21.208,47.152,7.97267,12.7732,83,76,78,1257,2800,0.480362,33,11.0336,0,0,4590,339560804491
22.9117,43.6459,7.97267,12.7732,83,76,78,1257,2800,0.480362,33,11.0336,0,0,4590,339604451649
27.8437,35.9148,7.97267,12.7732,83,76,78,1257,2800,0.480362,33,11.0336,0,0,4590,339640368302
30.1717,33.1437,7.97267,12.7732,83,76,78,1257,2800,0.480362,33,11.0336,0,0,4590,339673516947
33.2729,30.0545,7.97267,12.7732,83,76,78,1257,2800,0.480362,33,11.0336,0,0,4590,339703572797
38.3551,26.0722,7.97267,12.7732,83,76,78,1257,2800,0.480362,33,11.0336,0,0,4590,339729645379
36.0946,27.7049,7.97267,12.7732,83,76,78,1257,2800,0.480362,33,11.0336,0,0,4590,339757351902
36.9949,27.0308,7.97267,12.7732,83,76,78,1257,2800,0.480362,33,11.0336,0,0,4590,339784386020
37.1867,26.8913,7.97267,12.7732,83,76,78,1257,2800,0.480362,33,11.0336,0,0,4590,339811276560
34.3828,29.0843,7.97267,12.7732,83,76,78,1257,2800,0.480362,33,11.0336,0,0,4590,339840361196
33.2568,30.0691,7.97267,12.7732,83,76,78,1257,2800,0.480362,33,11.0336,0,0,4590,339870431693
39.2052,25.5068,7.97267,12.7732,83,76,78,1257,2800,0.480362,33,11.0336,0,0,4590,339895941375
36.2835,27.5607,7.97267,12.7732,83,76,78,1257,2800,0.480362,33,11.0336,0,0,4590,339923502637
37.5177,26.6541,7.97267,12.7732,83,76,78,1257,2800,0.480362,33,11.0336,0,0,4590,339950160833
34.6901,28.8266,7.97267,12.7732,83,76,78,1257,2800,0.480362,33,11.0336,0,0,4590,339978986706
34.5381,28.9535,7.97267,12.7732,83,76,78,1257,2800,0.480362,33,11.0336,0,0,4590,340007940678
35.5741,28.1104,7.97267,12.7732,83,76,78,1257,2800,0.480362,33,11.0336,0,0,4590,340036057327
38.4713,25.9934,6.97954,13.8461,76,77,69,1906,2800,0.480362,23,11.0349,0,0,4578,340062047275
36.1993,27.6248,6.97954,13.8461,76,77,69,1906,2800,0.480362,23,11.0349,0,0,4578,340089675392
38.7019,25.8385,6.97954,13.8461,76,77,69,1906,2800,0.480362,23,11.0349,0,0,4578,340115519318
35.3942,28.2532,6.97954,13.8461,76,77,69,1906,2800,0.480362,23,11.0349,0,0,4578,340143769135
34.0353,29.3812,6.97954,13.8461,76,77,69,1906,2800,0.480362,23,11.0349,0,0,4578,340173155034
38.8091,25.7671,6.97954,13.8461,76,77,69,1906,2800,0.480362,23,11.0349,0,0,4578,340198922076
36.2029,27.6221,6.97954,13.8461,76,77,69,1906,2800,0.480362,23,11.0349,0,0,4578,340226543921
34.9355,28.6242,6.97954,13.8461,76,77,69,1906,2800,0.480362,23,11.0349,0,0,4578,340255168910
41.9306,23.8489,6.97954,13.8461,76,77,69,1906,2800,0.480362,23,11.0349,0,0,4578,340279021948
34.6327,28.8744,6.97954,13.8461,76,77,69,1906,2800,0.480362,23,11.0349,0,0,4578,340307896682
33.5792,29.7803,6.97954,13.8461,76,77,69,1906,2800,0.480362,23,11.0349,0,0,4578,340337677489
36.4404,27.4421,6.97954,13.8461,76,77,69,1906,2800,0.480362,23,11.0349,0,0,4578,340365123796
36.0366,27.7495,6.97954,13.8461,76,77,69,1906,2800,0.480362,23,11.0349,0,0,4578,340392872718
35.5931,28.0953,6.97954,13.8461,76,77,69,1906,2800,0.480362,23,11.0349,0,0,4578,340420972045
28.5636,35.0096,6.97954,13.8461,76,77,69,1906,2800,0.480362,23,11.0349,0,0,4578,340455982025
26.6665,37.5002,6.97954,13.8461,76,77,69,1906,2800,0.480362,23,11.0349,0,0,4578,340493482786
33.0059,30.2976,6.97954,13.8461,76,77,69,1906,2800,0.480362,23,11.0349,0,0,4578,340523781139
39.0686,25.596,6.97954,13.8461,76,77,69,1906,2800,0.480362,23,11.0349,0,0,4578,340549385437
33.9073,29.4921,8.84521,14.639,76,75,79,800,2800,0.480118,29,11.0273,0,0,4149,340578873577
31.7302,31.5157,8.84521,14.639,76,75,79,800,2800,0.480118,29,11.0273,0,0,4149,340610390014
33.5028,29.8482,8.84521,14.639,76,75,79,800,2800,0.480118,29,11.0273,0,0,4149,340640240240
32.3818,30.8816,8.84521,14.639,76,75,79,800,2800,0.480118,29,11.0273,0,0,4149,340671124186
32.4373,30.8287,8.84521,14.639,76,75,79,800,2800,0.480118,29,11.0273,0,0,4149,340701952939
35.4396,28.217,8.84521,14.639,76,75,79,800,2800,0.480118,29,11.0273,0,0,4149,340730171388
31.2959,31.953,8.84521,14.639,76,75,79,800,2800,0.480118,29,11.0273,0,0,4149,340762127336
30.2244,33.0859,8.84521,14.639,76,75,79,800,2800,0.480118,29,11.0273,0,0,4149,340795214866
31.9889,31.2608,8.84521,14.639,76,75,79,800,2800,0.480118,29,11.0273,0,0,4149,340826475586
32.5204,30.7499,8.84521,14.639,76,75,79,800,2800,0.480118,29,11.0273,0,0,4149,340857225772
35.2468,28.3713,8.84521,14.639,76,75,79,800,2800,0.480118,29,11.0273,0,0,4149,340885598810
34.2963,29.1576,8.84521,14.639,76,75,79,800,2800,0.480118,29,11.0273,0,0,4149,340914757966
31.8808,31.3668,8.84521,14.639,76,75,79,800,2800,0.480118,29,11.0273,0,0,4149,340946124463
32.4351,30.8308,8.84521,14.639,76,75,79,800,2800,0.480118,29,11.0273,0,0,4149,340976956752
31.3064,31.9423,8.84521,14.639,76,75,79,800,2800,0.480118,29,11.0273,0,0,4149,341008899766
34.0228,29.392,8.84521,14.639,76,75,79,800,2800,0.480118,29,11.0273,0,0,4149,341038293850
32.5713,30.7019,8.84521,14.639,76,75,79,800,2800,0.480118,29,11.0273,0,0,4149,341068999493
35.3958,28.2519,11.6788,10.4667,79,71,80,2568,2800,0.480118,37,11.025,0,0,4578,341097249512
33.6316,29.7339,11.6788,10.4667,79,71,80,2568,2800,0.480118,37,11.025,0,0,4578,341126984051
32.7891,30.4979,11.6788,10.4667,79,71,80,2568,2800,0.480118,37,11.025,0,0,4578,341157483510
36.4204,27.4571,11.6788,10.4667,79,71,80,2568,2800,0.480118,37,11.025,0,0,4578,341184945897
34.0169,29.3971,11.6788,10.4667,79,71,80,2568,2800,0.480118,37,11.025,0,0,4578,341214341895
32.5332,30.7378,11.6788,10.4667,79,71,80,2568,2800,0.480118,37,11.025,0,0,4578,341245080079
32.6268,30.6496,11.6788,10.4667,79,71,80,2568,2800,0.480118,37,11.025,0,0,4578,341275729888
33.9162,29.4844,11.6788,10.4667,79,71,80,2568,2800,0.480118,37,11.025,0,0,4578,341305215122
34.0065,29.4062,11.6788,10.4667,79,71,80,2568,2800,0.480118,37,11.025,0,0,4578,341334622491
33.9817,29.4276,11.6788,10.4667,79,71,80,2568,2800,0.480118,37,11.025,0,0,4578,341364051501
33.8628,29.531,11.6788,10.4667,79,71,80,2568,2800,0.480118,37,11.025,0,0,4578,341393582631
33.7151,29.6603,11.6788,10.4667,79,71,80,2568,2800,0.480118,37,11.025,0,0,4578,341423244565
37.8459,26.4229,11.6788,10.4667,79,71,80,2568,2800,0.480118,37,11.025,0,0,4578,341449668554
32.435,30.8309,11.6788,10.4667,79,71,80,2568,2800,0.480118,37,11.025,0,0,4578,341480499571
33.1166,30.1964,11.6788,10.4667,79,71,80,2568,2800,0.480118,37,11.025,0,0,4578,341510698458
33.3545,29.981,11.6788,10.4667,79,71,80,2568,2800,0.480118,37,11.025,0,0,4578,341540680390
32.8767,30.4167,11.6788,10.4667,79,71,80,2568,2800,0.480118,37,11.025,0,0,4578,341571101382
35.7635,27.9614,8.13517,15.3238,80,77,80,2563,2800,0.479626,33,11.0239,0,0,4588,341599060727
34.8489,28.6953,8.13517,15.3238,80,77,80,2563,2800,0.479626,33,11.0239,0,0,4588,341627756898
32.3383,30.9231,8.13517,15.3238,80,77,80,2563,2800,0.479626,33,11.0239,0,0,4588,341658682181
36.5139,27.3868,8.13517,15.3238,80,77,80,2563,2800,0.479626,33,11.0239,0,0,4588,341686072644
34.5285,28.9616,8.13517,15.3238,80,77,80,2563,2800,0.479626,33,11.0239,0,0,4588,341715033650
33.8075,29.5792,8.13517,15.3238,80,77,80,2563,2800,0.479626,33,11.0239,0,0,4588,341744612700
33.0394,30.2669,8.13517,15.3238,80,77,80,2563,2800,0.479626,33,11.0239,0,0,4588,341774881497
34.1286,29.301,8.13517,15.3238,80,77,80,2563,2800,0.479626,33,11.0239,0,0,4588,341804183479
32.9988,30.3041,8.13517,15.3238,80,77,80,2563,2800,0.479626,33,11.0239,0,0,4588,341834488254
5.22261,191.475,8.13517,15.3238,80,77,80,2563,2800,0.479626,33,11.0239,0,0,4588,342025964426
22.5681,44.3102,8.13517,15.3238,80,77,80,2563,2800,0.479626,33,11.0239,0,0,4588,342070276916
21.0104,47.5954,8.13517,15.3238,80,77,80,2563,2800,0.479626,33,11.0239,0,0,4588,342117874008
24.053,41.5748,7.68349,11.8111,81,75,82,2562,2800,0.480362,32,11.0161,0,0,4634,342159448395
30.827,32.4391,7.68349,11.8111,81,75,82,2562,2800,0.480362,32,11.0161,0,0,4634,342191888577
16.9862,58.8714,7.68349,11.8111,81,75,82,2562,2800,0.480362,32,11.0161,0,0,4634,342250760763
31.7839,31.4625,7.68349,11.8111,81,75,82,2562,2800,0.480362,32,11.0161,0,0,4634,342282224852
29.2858,34.1462,7.68349,11.8111,81,75,82,2562,2800,0.480362,32,11.0161,0,0,4634,342316374275
30.6148,32.6639,7.68349,11.8111,81,75,82,2562,2800,0.480362,32,11.0161,0,0,4634,342349039407
31.6427,31.6028,7.68349,11.8111,81,75,82,2562,2800,0.480362,32,11.0161,0,0,4634,342380641524
33.3869,29.9519,7.68349,11.8111,81,75,82,2562,2800,0.480362,32,11.0161,0,0,4634,342410596576
37.0102,27.0196,7.68349,11.8111,81,75,82,2562,2800,0.480362,32,11.0161,0,0,4634,342437618190
35.1561,28.4446,7.68349,11.8111,81,75,82,2562,2800,0.480362,32,11.0161,0,0,4634,342466062782
32.6896,30.5907,7.68349,11.8111,81,75,82,2562,2800,0.480362,32,11.0161,0,0,4634,342496654382
34.454,29.0242,7.68349,11.8111,81,75,82,2562,2800,0.480362,32,11.0161,0,0,4634,342525679848
28.0638,35.6331,7.68349,11.8111,81,75,82,2562,2800,0.480362,32,11.0161,0,0,4634,342561314194
34.44,29.036,7.68349,11.8111,81,75,82,2562,2800,0.480362,32,11.0161,0,0,4634,342590351242
34.2887,29.1641,7.68349,11.8111,81,75,82,2562,2800,0.480362,32,11.0161,0,0,4634,342619519464
31.7489,31.4971,9.98752,13.007,78,73,74,1944,2800,0.480362,25,11.0206,0,0,4241,342651014912
34.2517,29.1957,9.98752,13.007,78,73,74,1944,2800,0.480362,25,11.0206,0,0,4241,342680212149
32.6611,30.6175,9.98752,13.007,78,73,74,1944,2800,0.480362,25,11.0206,0,0,4241,342710830840
34.1318,29.2982,9.98752,13.007,78,73,74,1944,2800,0.480362,25,11.0206,0,0,4241,342740130307
35.5086,28.1622,9.98752,13.007,78,73,74,1944,2800,0.480362,25,11.0206,0,0,4241,342768293733
33.7415,29.6371,9.98752,13.007,78,73,74,1944,2800,0.480362,25,11.0206,0,0,4241,342797931122
32.5297,30.7412,9.98752,13.007,78,73,74,1944,2800,0.480362,25,11.0206,0,0,4241,342828673794
38.838,25.748,9.98752,13.007,78,73,74,1944,2800,0.480362,25,11.0206,0,0,4241,342854422793
28.3423,35.283,9.98752,13.007,78,73,74,1944,2800,0.480362,25,11.0206,0,0,4241,342889705762
36.1678,27.6489,9.98752,13.007,78,73,74,1944,2800,0.480362,25,11.0206,0,0,4241,342917356091
32.9589,30.3408,9.98752,13.007,78,73,74,1944,2800,0.480362,25,11.0206,0,0,4241,342947698005
33.3405,29.9936,9.98752,13.007,78,73,74,1944,2800,0.480362,25,11.0206,0,0,4241,342977693762
37.695,26.5287,9.98752,13.007,78,73,74,1944,2800,0.480362,25,11.0206,0,0,4241,343004223549
34.4807,29.0017,9.98752,13.007,78,73,74,1944,2800,0.480362,25,11.0206,0,0,4241,343033226613
30.3547,32.9439,9.98752,13.007,78,73,74,1944,2800,0.480362,25,11.0206,0,0,4241,343066170836
36.3109,27.54,9.98752,13.007,78,73,74,1944,2800,0.480362,25,11.0206,0,0,4241,343093712251
39.3462,25.4154,9.98752,13.007,78,73,74,1944,2800,0.480362,25,11.0206,0,0,4241,343119128247
32.7998,30.488,9.98752,13.007,78,73,74,1944,2800,0.480362,25,11.0206,0,0,4241,343149619450
33.7391,29.6392,10.5077,15.3297,75,75,76,2442,2800,0.480362,31,11.021,0,0,4587,343179256909
37.1539,26.9151,10.5077,15.3297,75,75,76,2442,2800,0.480362,31,11.021,0,0,4587,343206173627
14.0545,71.1516,10.5077,15.3297,75,75,76,2442,2800,0.480362,31,11.021,0,0,4587,343277325401
36.0495,27.7397,10.5077,15.3297,75,75,76,2442,2800,0.480362,31,11.021,0,0,4587,343305067651
31.6392,31.6063,10.5077,15.3297,75,75,76,2442,2800,0.480362,31,11.021,0,0,4587,343336674136
32.4076,30.857,10.5077,15.3297,75,75,76,2442,2800,0.480362,31,11.021,0,0,4587,343367533797
34.4409,29.0352,10.5077,15.3297,75,75,76,2442,2800,0.480362,31,11.021,0,0,4587,343396570323
30.8228,32.4436,10.5077,15.3297,75,75,76,2442,2800,0.480362,31,11.021,0,0,4587,343429014653
37.9438,26.3548,10.5077,15.3297,75,75,76,2442,2800,0.480362,31,11.021,0,0,4587,343455369913
35.0501,28.5306,10.5077,15.3297,75,75,76,2442,2800,0.480362,31,11.021,0,0,4587,343483901757
24.9928,40.0115,10.5077,15.3297,75,75,76,2442,2800,0.480362,31,11.021,0,0,4587,343523913807
28.4113,35.1973,10.5077,15.3297,75,75,76,2442,2800,0.480362,31,11.021,0,0,4587,343559112350
34.4134,29.0585,10.5077,15.3297,75,75,76,2442,2800,0.480362,31,11.021,0,0,4587,343588172010
35.6511,28.0496,10.5077,15.3297,75,75,76,2442,2800,0.480362,31,11.021,0,0,4587,343616223076
33.1394,30.1756,10.5077,15.3297,75,75,76,2442,2800,0.480362,31,11.021,0,0,4587,343646399401
37.7591,26.4837,10.5077,15.3297,75,75,76,2442,2800,0.480362,31,11.021,0,0,4587,343672887329
33.2781,30.0498,7.67386,13.1991,78,78,81,2424,2800,0.480362,32,11.0203,0,0,4611,343702936406
33.0544,30.2532,7.67386,13.1991,78,78,81,2424,2800,0.480362,32,11.0203,0,0,4611,343733189645
36.7372,27.2204,7.67386,13.1991,78,78,81,2424,2800,0.480362,32,11.0203,0,0,4611,343760412765
34.8908,28.6609,7.67386,13.1991,78,78,81,2424,2800,0.480362,32,11.0203,0,0,4611,343789076386
33.0222,30.2826,7.67386,13.1991,78,78,81,2424,2800,0.480362,32,11.0203,0,0,4611,343819359079
32.6797,30.6,7.67386,13.1991,78,78,81,2424,2800,0.480362,32,11.0203,0,0,4611,343849958554
31.3466,31.9013,7.67386,13.1991,78,78,81,2424,2800,0.480362,32,11.0203,0,0,4611,343881863316
34.6623,28.8498,7.67386,13.1991,78,78,81,2424,2800,0.480362,32,11.0203,0,0,4611,343910718604
33.4313,29.9121,7.67386,13.1991,78,78,81,2424,2800,0.480362,32,11.0203,0,0,4611,343940626227
32.5046,30.7649,7.67386,13.1991,78,78,81,2424,2800,0.480362,32,11.0203,0,0,4611,343971392253
32.6683,30.6107,7.67386,13.1991,78,78,81,2424,2800,0.480362,32,11.0203,0,0,4611,344002004021
32.285,30.9741,7.67386,13.1991,78,78,81,2424,2800,0.480362,32,11.0203,0,0,4611,344032980139
34.9725,28.5939,7.67386,13.1991,78,78,81,2424,2800,0.480362,32,11.0203,0,0,4611,344061575082
33.4055,29.9352,7.67386,13.1991,78,78,81,2424,2800,0.480362,32,11.0203,0,0,4611,344091510667
31.8257,31.4211,7.67386,13.1991,78,78,81,2424,2800,0.480362,32,11.0203,0,0,4611,344122933209
31.1306,32.1227,7.67386,13.1991,78,78,81,2424,2800,0.480362,32,11.0203,0,0,4611,344155057711
34.7137,28.8071,7.67386,13.1991,78,78,81,2424,2800,0.480362,32,11.0203,0,0,4611,344183868156
32.2029,31.0531,7.39827,14.4407,78,75,79,2600,2800,0.480362,32,11.0213,0,0,4597,344214920977
35.7797,27.9488,7.39827,14.4407,78,75,79,2600,2800,0.480362,32,11.0213,0,0,4597,344242868761
33.0952,30.2159,7.39827,14.4407,78,75,79,2600,2800,0.480362,32,11.0213,0,0,4597,344273086874
33.6797,29.6915,7.39827,14.4407,78,75,79,2600,2800,0.480362,32,11.0213,0,0,4597,344302779295
31.6785,31.5671,7.39827,14.4407,78,75,79,2600,2800,0.480362,32,11.0213,0,0,4597,344334347348
33.2957,30.0339,7.39827,14.4407,78,75,79,2600,2800,0.480362,32,11.0213,0,0,4597,344364382369
33.8,29.5858,7.39827,14.4407,78,75,79,2600,2800,0.480362,32,11.0213,0,0,4597,344393968993
33.5942,29.7671,7.39827,14.4407,78,75,79,2600,2800,0.480362,32,11.0213,0,0,4597,344423737336
31.6215,31.6241,7.39827,14.4407,78,75,79,2600,2800,0.480362,32,11.0213,0,0,4597,344455362737
31.8843,31.3634,7.39827,14.4407,78,75,79,2600,2800,0.480362,32,11.0213,0,0,4597,344486730677
30.7655,32.504,7.39827,14.4407,78,75,79,2600,2800,0.480362,32,11.0213,0,0,4597,344519233726
24.9684,40.0506,7.39827,14.4407,78,75,79,2600,2800,0.480362,32,11.0213,0,0,4597,344559285059
33.1134,30.1992,7.39827,14.4407,78,75,79,2600,2800,0.480362,32,11.0213,0,0,4597,344589486801
30.5945,32.6856,7.39827,14.4407,78,75,79,2600,2800,0.480362,32,11.0213,0,0,4597,344622173504
30.0702,33.2556,7.39827,14.4407,78,75,79,2600,2800,0.480362,32,11.0213,0,0,4597,344655430551
34.7647,28.7648,7.39827,14.4407,78,75,79,2600,2800,0.480362,32,11.0213,0,0,4597,344684197895
32.565,30.7078,11.5,14.2455,80,73,82,2509,2800,0.480362,28,11.0199,0,0,4108,344714904991
33.3388,29.9951,11.5,14.2455,80,73,82,2509,2800,0.480362,28,11.0199,0,0,4108,344744901129
31.0137,32.2438,11.5,14.2455,80,73,82,2509,2800,0.480362,28,11.0199,0,0,4108,344777145716
30.3232,32.978,11.5,14.2455,80,73,82,2509,2800,0.480362,28,11.0199,0,0,4108,344810124143
32.197,31.0588,11.5,14.2455,80,73,82,2509,2800,0.480362,28,11.0199,0,0,4108,344841184919
33.535,29.8196,11.5,14.2455,80,73,82,2509,2800,0.480362,28,11.0199,0,0,4108,344871004638
33.0107,30.2932,11.5,14.2455,80,73,82,2509,2800,0.480362,28,11.0199,0,0,4108,344901299905
35.8396,27.9021,11.5,14.2455,80,73,82,2509,2800,0.480362,28,11.0199,0,0,4108,344929202925
32.9512,30.3479,11.5,14.2455,80,73,82,2509,2800,0.480362,28,11.0199,0,0,4108,344959551081
32.1909,31.0647,11.5,14.2455,80,73,82,2509,2800,0.480362,28,11.0199,0,0,4108,344990618159
31.5607,31.6849,11.5,14.2455,80,73,82,2509,2800,0.480362,28,11.0199,0,0,4108,345022302970
32.5304,30.7405,11.5,14.2455,80,73,82,2509,2800,0.480362,28,11.0199,0,0,4108,345053046143
31.2844,31.9648,11.5,14.2455,80,73,82,2509,2800,0.480362,28,11.0199,0,0,4108,345085012991
32.9643,30.3358,11.5,14.2455,80,73,82,2509,2800,0.480362,28,11.0199,0,0,4108,345115348624
34.3346,29.1251,11.5,14.2455,80,73,82,2509,2800,0.480362,28,11.0199,0,0,4108,345144475519
32.748,30.5362,11.5,14.2455,80,73,82,2509,2800,0.480362,28,11.0199,0,0,4108,345175012397
32.3425,30.9191,11.5,14.2455,80,73,82,2509,2800,0.480362,28,11.0199,0,0,4108,345205934955
34.1663,29.2686,9.51807,12.1116,81,72,81,2600,2800,0.480362,33,11.0198,0,0,4595,345235201632
36.1899,27.632,9.51807,12.1116,81,72,81,2600,2800,0.480362,33,11.0198,0,0,4595,345262835119
34.0603,29.3597,9.51807,12.1116,81,72,81,2600,2800,0.480362,33,11.0198,0,0,4595,345292195630
32.4198,30.8453,9.51807,12.1116,81,72,81,2600,2800,0.480362,33,11.0198,0,0,4595,345323042527
34.5964,28.9048,9.51807,12.1116,81,72,81,2600,2800,0.480362,33,11.0198,0,0,4595,345351948540
35.1485,28.4507,9.51807,12.1116,81,72,81,2600,2800,0.480362,33,11.0198,0,0,4595,345380400635
33.8555,29.5373,9.51807,12.1116,81,72,81,2600,2800,0.480362,33,11.0198,0,0,4595,345409938909
32.159,31.0955,9.51807,12.1116,81,72,81,2600,2800,0.480362,33,11.0198,0,0,4595,345441035552
33.7095,29.6653,9.51807,12.1116,81,72,81,2600,2800,0.480362,33,11.0198,0,0,4595,345470701754
33.3877,29.9512,9.51807,12.1116,81,72,81,2600,2800,0.480362,33,11.0198,0,0,4595,345500654031
34.9898,28.5798,9.51807,12.1116,81,72,81,2600,2800,0.480362,33,11.0198,0,0,4595,345529235628
33.9052,29.494,9.51807,12.1116,81,72,81,2600,2800,0.480362,33,11.0198,0,0,4595,345558730981
32.4631,30.8042,9.51807,12.1116,81,72,81,2600,2800,0.480362,33,11.0198,0,0,4595,345589536221
35.9725,27.799,9.51807,12.1116,81,72,81,2600,2800,0.480362,33,11.0198,0,0,4595,345617334896
34.854,28.6911,9.51807,12.1116,81,72,81,2600,2800,0.480362,33,11.0198,0,0,4595,345646027320
33.3053,30.0253,9.51807,12.1116,81,72,81,2600,2800,0.480362,33,11.0198,0,0,4595,345676053034
31.3087,31.94,9.51807,12.1116,81,72,81,2600,2800,0.480362,33,11.0198,0,0,4595,345707997360
34.1934,29.2454,7.76942,11.7815,82,78,82,2556,2800,0.480362,34,11.0193,0,0,4615,345737240993
35.1199,28.4739,7.76942,11.7815,82,78,82,2556,2800,0.480362,34,11.0193,0,0,4615,345765716392
34.8251,28.7149,7.76942,11.7815,82,78,82,2556,2800,0.480362,34,11.0193,0,0,4615,345794432310
32.8,30.4878,7.76942,11.7815,82,78,82,2556,2800,0.480362,34,11.0193,0,0,4615,345824921429
36.0804,27.7159,7.76942,11.7815,82,78,82,2556,2800,0.480362,34,11.0193,0,0,4615,345852637911
35.1913,28.4161,7.76942,11.7815,82,78,82,2556,2800,0.480362,34,11.0193,0,0,4615,345881054690
34.4848,28.9982,7.76942,11.7815,82,78,82,2556,2800,0.480362,34,11.0193,0,0,4615,345910055039
33.1352,30.1794,7.76942,11.7815,82,78,82,2556,2800,0.480362,34,11.0193,0,0,4615,345940234660
34.0272,29.3883,7.76942,11.7815,82,78,82,2556,2800,0.480362,34,11.0193,0,0,4615,345969624607
37.5381,26.6396,7.76942,11.7815,82,78,82,2556,2800,0.480362,34,11.0193,0,0,4615,345996265340
33.4214,29.921,7.76942,11.7815,82,78,82,2556,2800,0.480362,34,11.0193,0,0,4615,346026186548
30.7238,32.5481,7.76942,11.7815,82,78,82,2556,2800,0.480362,34,11.0193,0,0,4615,346058736475
36.8784,27.1162,7.76942,11.7815,82,78,82,2556,2800,0.480362,34,11.0193,0,0,4615,346085854409
34.336,29.1239,7.76942,11.7815,82,78,82,2556,2800,0.480362,34,11.0193,0,0,4615,346114978930
33.6384,29.7279,7.76942,11.7815,82,78,82,2556,2800,0.480362,34,11.0193,0,0,4615,346144707179
31.9655,31.2838,7.76942,11.7815,82,78,82,2556,2800,0.480362,34,11.0193,0,0,4615,346175992534
34.5346,28.9564,7.76942,11.7815,82,78,82,2556,2800,0.480362,34,11.0193,0,0,4615,346204949452
35.0776,28.5082,7.76942,11.7815,82,78,82,2556,2800,0.480362,34,11.0193,0,0,4615,346233461449
28.0403,35.6629,8.00478,13.0936,83,75,83,2450,2800,0.480362,36,11.0139,0,0,4585,346269122014
28.2141,35.4432,8.00478,13.0936,83,75,83,2450,2800,0.480362,36,11.0139,0,0,4585,346304565835
32.8692,30.4236,8.00478,13.0936,83,75,83,2450,2800,0.480362,36,11.0139,0,0,4585,346334992807
34.796,28.7389,8.00478,13.0936,83,75,83,2450,2800,0.480362,36,11.0139,0,0,4585,346363730656
35.1212,28.4728,8.00478,13.0936,83,75,83,2450,2800,0.480362,36,11.0139,0,0,4585,346392205604
35.7942,27.9375,8.00478,13.0936,83,75,83,2450,2800,0.480362,36,11.0139,0,0,4585,346420144892
35.839,27.9026,8.00478,13.0936,83,75,83,2450,2800,0.480362,36,11.0139,0,0,4585,346448048083
29.9847,33.3504,8.00478,13.0936,83,75,83,2450,2800,0.480362,36,11.0139,0,0,4585,346481400147
35.9206,27.8392,8.00478,13.0936,83,75,83,2450,2800,0.480362,36,11.0139,0,0,4585,346509240651
27.543,36.3069,8.00478,13.0936,83,75,83,2450,2800,0.480362,36,11.0139,0,0,4585,346545548444
31.888,31.3598,8.00478,13.0936,83,75,83,2450,2800,0.480362,36,11.0139,0,0,4585,346576909481
30.5856,32.6951,8.00478,13.0936,83,75,83,2450,2800,0.480362,36,11.0139,0,0,4585,346609604900
32.6759,30.6036,8.00478,13.0936,83,75,83,2450,2800,0.480362,36,11.0139,0,0,4585,346640209324
32.7998,30.488,8.00478,13.0936,83,75,83,2450,2800,0.480362,36,11.0139,0,0,4585,346670699705
34.9838,28.5846,8.00478,13.0936,83,75,83,2450,2800,0.480362,36,11.0139,0,0,4585,346699285370
34.8027,28.7334,8.00478,13.0936,83,75,83,2450,2800,0.480362,36,11.0139,0,0,4585,346728021385
32.6024,30.6726,8.00478,13.0936,83,75,83,2450,2800,0.480362,36,11.0139,0,0,4585,346758695870
35.9338,27.8289,11.9617,12.284,83,73,81,2575,2800,0.480362,33,11.0225,0,0,4195,346786522708
31.4489,31.7976,11.9617,12.284,83,73,81,2575,2800,0.480362,33,11.0225,0,0,4195,346818321272
34.8665,28.6808,11.9617,12.284,83,73,81,2575,2800,0.480362,33,11.0225,0,0,4195,346847003167
33.3617,29.9745,11.9617,12.284,83,73,81,2575,2800,0.480362,33,11.0225,0,0,4195,346876978676
31.5725,31.6731,11.9617,12.284,83,73,81,2575,2800,0.480362,33,11.0225,0,0,4195,346908653129
33.7642,29.6172,11.9617,12.284,83,73,81,2575,2800,0.480362,33,11.0225,0,0,4195,346938270249
33.4863,29.863,11.9617,12.284,83,73,81,2575,2800,0.480362,33,11.0225,0,0,4195,346968136575
33.0001,30.3029,11.9617,12.284,83,73,81,2575,2800,0.480362,33,11.0225,0,0,4195,346998439156
34.1797,29.2571,11.9617,12.284,83,73,81,2575,2800,0.480362,33,11.0225,0,0,4195,347027697947
32.3892,30.8744,11.9617,12.284,83,73,81,2575,2800,0.480362,33,11.0225,0,0,4195,347058574941
33.9689,29.4387,11.9617,12.284,83,73,81,2575,2800,0.480362,33,11.0225,0,0,4195,347088013869
33.7155,29.6599,11.9617,12.284,83,73,81,2575,2800,0.480362,33,11.0225,0,0,4195,347117676214
32.9505,30.3486,11.9617,12.284,83,73,81,2575,2800,0.480362,33,11.0225,0,0,4195,347148024470
33.6902,29.6822,11.9617,12.284,83,73,81,2575,2800,0.480362,33,11.0225,0,0,4195,347177708676
31.9085,31.3396,11.9617,12.284,83,73,81,2575,2800,0.480362,33,11.0225,0,0,4195,347209048984
33.2154,30.1065,11.9617,12.284,83,73,81,2575,2800,0.480362,33,11.0225,0,0,4195,347239157292
35.0273,28.5491,11.9617,12.284,83,73,81,2575,2800,0.480362,33,11.0225,0,0,4195,347267713471
35.2863,28.3396,8.40544,13.7195,83,78,82,2510,2800,0.480362,27,11.0226,0,0,4598,347296050532
33.6595,29.7093,8.40544,13.7195,83,78,82,2510,2800,0.480362,27,11.0226,0,0,4598,347325759394
33.3238,30.0086,8.40544,13.7195,83,78,82,2510,2800,0.480362,27,11.0226,0,0,4598,347355769629
25.2954,39.5328,8.40544,13.7195,83,78,82,2510,2800,0.480362,27,11.0226,0,0,4598,347395304257
33.7614,29.6196,8.40544,13.7195,83,78,82,2510,2800,0.480362,27,11.0226,0,0,4598,347424923632
36.148,27.6641,8.40544,13.7195,83,78,82,2510,2800,0.480362,27,11.0226,0,0,4598,347452589720
33.5559,29.801,8.40544,13.7195,83,78,82,2510,2800,0.480362,27,11.0226,0,0,4598,347482392337
33.1633,30.1538,8.40544,13.7195,83,78,82,2510,2800,0.480362,27,11.0226,0,0,4598,347512547142
32.8538,30.4379,8.40544,13.7195,83,78,82,2510,2800,0.480362,27,11.0226,0,0,4598,347542985205
34.0698,29.3515,8.40544,13.7195,83,78,82,2510,2800,0.480362,27,11.0226,0,0,4598,347572338143
36.6114,27.3139,8.40544,13.7195,83,78,82,2510,2800,0.480362,27,11.0226,0,0,4598,347599654187
33.9415,29.4625,8.40544,13.7195,83,78,82,2510,2800,0.480362,27,11.0226,0,0,4598,347629118061
33.4184,29.9237,8.40544,13.7195,83,78,82,2510,2800,0.480362,27,11.0226,0,0,4598,347659041885
32.2986,30.9611,8.40544,13.7195,83,78,82,2510,2800,0.480362,27,11.0226,0,0,4598,347690004588
36.4148,27.4614,8.40544,13.7195,83,78,82,2510,2800,0.480362,27,11.0226,0,0,4598,347717471303
35.0122,28.5615,8.40544,13.7195,83,78,82,2510,2800,0.480362,27,11.0226,0,0,4598,347746030539
32.7848,30.502,8.40544,13.7195,83,78,82,2510,2800,0.480362,27,11.0226,0,0,4598,347776535607
31.6199,31.6257,7.31103,12.8946,84,74,82,2260,2800,0.480362,32,11.0221,0,0,4577,347808160297
35.0253,28.5508,7.31103,12.8946,84,74,82,2260,2800,0.480362,32,11.0221,0,0,4577,347836711878
36.1747,27.6436,7.31103,12.8946,84,74,82,2260,2800,0.480362,32,11.0221,0,0,4577,347864356465
34.3774,29.0889,7.31103,12.8946,84,74,82,2260,2800,0.480362,32,11.0221,0,0,4577,347893447033
33.2944,30.0351,7.31103,12.8946,84,74,82,2260,2800,0.480362,32,11.0221,0,0,4577,347923483817
38.6308,25.8861,7.31103,12.8946,84,74,82,2260,2800,0.480362,32,11.0221,0,0,4577,347949369661
34.0942,29.3305,7.31103,12.8946,84,74,82,2260,2800,0.480362,32,11.0221,0,0,4577,347978702330
33.3802,29.9578,7.31103,12.8946,84,74,82,2260,2800,0.480362,32,11.0221,0,0,4577,348008660318
34.6238,28.8819,7.31103,12.8946,84,74,82,2260,2800,0.480362,32,11.0221,0,0,4577,348037543648
36.2439,27.5908,7.31103,12.8946,84,74,82,2260,2800,0.480362,32,11.0221,0,0,4577,348065135547
35.5063,28.164,7.31103,12.8946,84,74,82,2260,2800,0.480362,32,11.0221,0,0,4577,348093300106
32.9787,30.3226,7.31103,12.8946,84,74,82,2260,2800,0.480362,32,11.0221,0,0,4577,348123623886
39.9783,25.0136,7.31103,12.8946,84,74,82,2260,2800,0.480362,32,11.0221,0,0,4577,348148638653
34.3704,29.0948,7.31103,12.8946,84,74,82,2260,2800,0.480362,32,11.0221,0,0,4577,348177735342
34.0332,29.3831,7.31103,12.8946,84,74,82,2260,2800,0.480362,32,11.0221,0,0,4577,348207120009
35.2493,28.3694,7.31103,12.8946,84,74,82,2260,2800,0.480362,32,11.0221,0,0,4577,348235489390
35.9368,27.8266,7.31103,12.8946,84,74,82,2260,2800,0.480362,32,11.0221,0,0,4577,348263317781
34.7735,28.7575,7.31103,12.8946,84,74,82,2260,2800,0.480362,32,11.0221,0,0,4577,348292079184
36.1369,27.6726,7.56098,11.1733,84,72,83,2598,2800,0.480362,31,11.0252,0,0,4611,348319750401
36.1517,27.6612,7.56098,11.1733,84,72,83,2598,2800,0.480362,31,11.0252,0,0,4611,348347412341
33.0815,30.2283,7.56098,11.1733,84,72,83,2598,2800,0.480362,31,11.0252,0,0,4611,348377641985
33.3425,29.9918,7.56098,11.1733,84,72,83,2598,2800,0.480362,31,11.0252,0,0,4611,348407635629
35.0234,28.5523,7.56098,11.1733,84,72,83,2598,2800,0.480362,31,11.0252,0,0,4611,348436188763
35.813,27.9228,7.56098,11.1733,84,72,83,2598,2800,0.480362,31,11.0252,0,0,4611,348464113073
33.1524,30.1637,7.56098,11.1733,84,72,83,2598,2800,0.480362,31,11.0252,0,0,4611,348494277395
33.3264,30.0062,7.56098,11.1733,84,72,83,2598,2800,0.480362,31,11.0252,0,0,4611,348524285466
38.3904,26.0482,7.56098,11.1733,84,72,83,2598,2800,0.480362,31,11.0252,0,0,4611,348550333473
32.3142,30.9461,7.56098,11.1733,84,72,83,2598,2800,0.480362,31,11.0252,0,0,4611,348581281027
31.9368,31.3119,7.56098,11.1733,84,72,83,2598,2800,0.480362,31,11.0252,0,0,4611,348612596309
31.6945,31.5512,7.56098,11.1733,84,72,83,2598,2800,0.480362,31,11.0252,0,0,4611,348644145507
33.1881,30.1313,7.56098,11.1733,84,72,83,2598,2800,0.480362,31,11.0252,0,0,4611,348674278120
32.1645,31.0902,7.56098,11.1733,84,72,83,2598,2800,0.480362,31,11.0252,0,0,4611,348705369344
31.3868,31.8606,7.56098,11.1733,84,72,83,2598,2800,0.480362,31,11.0252,0,0,4611,348737230645
34.1446,29.2872,7.56098,11.1733,84,72,83,2598,2800,0.480362,31,11.0252,0,0,4611,348766518531
32.3654,30.8972,7.56098,11.1733,84,72,83,2598,2800,0.480362,31,11.0252,0,0,4611,348797420420
32.8539,30.4378,12.3441,10.5509,85,73,82,2566,2800,0.480362,31,11.0417,0,0,4302,348827854977
32.306,30.954,12.3441,10.5509,85,73,82,2566,2800,0.480362,31,11.0417,0,0,4302,348858813152
36.938,27.0724,12.3441,10.5509,85,73,82,2566,2800,0.480362,31,11.0417,0,0,4302,348885884790
31.7659,31.4803,12.3441,10.5509,85,73,82,2566,2800,0.480362,31,11.0417,0,0,4302,348917364859
30.8486,32.4163,12.3441,10.5509,85,73,82,2566,2800,0.480362,31,11.0417,0,0,4302,348949782278
31.2389,32.0113,12.3441,10.5509,85,73,82,2566,2800,0.480362,31,11.0417,0,0,4302,348981796996
30.2694,33.0367,12.3441,10.5509,85,73,82,2566,2800,0.480362,31,11.0417,0,0,4302,349014834473
30.8879,32.3751,12.3441,10.5509,85,73,82,2566,2800,0.480362,31,11.0417,0,0,4302,349047210725
30.0839,33.2404,12.3441,10.5509,85,73,82,2566,2800,0.480362,31,11.0417,0,0,4302,349080451863
30.3955,32.8996,12.3441,10.5509,85,73,82,2566,2800,0.480362,31,11.0417,0,0,4302,349113352554
29.8749,33.473,12.3441,10.5509,85,73,82,2566,2800,0.480362,31,11.0417,0,0,4302,349146826767
28.5636,35.0096,12.3441,10.5509,85,73,82,2566,2800,0.480362,31,11.0417,0,0,4302,349181838140
30.0257,33.3048,12.3441,10.5509,85,73,82,2566,2800,0.480362,31,11.0417,0,0,4302,349215147465
30.3638,32.9339,12.3441,10.5509,85,73,82,2566,2800,0.480362,31,11.0417,0,0,4302,349248079966
28.5844,34.9841,12.3441,10.5509,85,73,82,2566,2800,0.480362,31,11.0417,0,0,4302,349283066432
29.7001,33.6699,12.3441,10.5509,85,73,82,2566,2800,0.480362,31,11.0417,0,0,4302,349316740919
27.8815,35.8661,7.15152,12.6598,84,78,82,2514,2800,0.480362,33,11.0421,0,0,4592,349352605515
30.0041,33.3287,7.15152,12.6598,84,78,82,2514,2800,0.480362,33,11.0421,0,0,4592,349385935057
24.73,40.4367,7.15152,12.6598,84,78,82,2514,2800,0.480362,33,11.0421,0,0,4592,349426371419
30.4674,32.822,7.15152,12.6598,84,78,82,2514,2800,0.480362,33,11.0421,0,0,4592,349459195167
30.6057,32.6736,7.15152,12.6598,84,78,82,2514,2800,0.480362,33,11.0421,0,0,4592,349491869657
29.9179,33.4248,7.15152,12.6598,84,78,82,2514,2800,0.480362,33,11.0421,0,0,4592,349525295769
31.2961,31.9529,7.15152,12.6598,84,78,82,2514,2800,0.480362,33,11.0421,0,0,4592,349557249834
30.9778,32.2811,7.15152,12.6598,84,78,82,2514,2800,0.480362,33,11.0421,0,0,4592,349589533123
33.0292,30.2763,7.15152,12.6598,84,78,82,2514,2800,0.480362,33,11.0421,0,0,4592,349619809043
30.6835,32.5908,7.15152,12.6598,84,78,82,2514,2800,0.480362,33,11.0421,0,0,4592,349652400808
30.2292,33.0806,7.15152,12.6598,84,78,82,2514,2800,0.480362,33,11.0421,0,0,4592,349685482728
29.381,34.0356,7.15152,12.6598,84,78,82,2514,2800,0.480362,33,11.0421,0,0,4592,349719522577
33.5716,29.7871,7.15152,12.6598,84,78,82,2514,2800,0.480362,33,11.0421,0,0,4592,349749308774
30.192,33.1214,7.15152,12.6598,84,78,82,2514,2800,0.480362,33,11.0421,0,0,4592,349782430668
31.5219,31.724,7.15152,12.6598,84,78,82,2514,2800,0.480362,33,11.0421,0,0,4592,349814155565
24.1423,41.4211,7.15152,12.6598,84,78,82,2514,2800,0.480362,33,11.0421,0,0,4592,349855580232
32.5756,30.6978,7.83626,11.1544,84,73,82,2550,2800,0.480362,32,11.029,0,0,4627,349886277450
31.5545,31.6912,7.83626,11.1544,84,73,82,2550,2800,0.480362,32,11.029,0,0,4627,349917969004
29.9575,33.3806,7.83626,11.1544,84,73,82,2550,2800,0.480362,32,11.029,0,0,4627,349951350684
31.136,32.1172,7.83626,11.1544,84,73,82,2550,2800,0.480362,32,11.029,0,0,4627,349983472461
32.6124,30.6632,7.83626,11.1544,84,73,82,2550,2800,0.480362,32,11.029,0,0,4627,350014134433
30.2158,33.0952,7.83626,11.1544,84,73,82,2550,2800,0.480362,32,11.029,0,0,4627,350047232082
30.328,32.9728,7.83626,11.1544,84,73,82,2550,2800,0.480362,32,11.029,0,0,4627,350080205119
28.3083,35.3254,7.83626,11.1544,84,73,82,2550,2800,0.480362,32,11.029,0,0,4627,350115538433
31.9831,31.2665,7.83626,11.1544,84,73,82,2550,2800,0.480362,32,11.029,0,0,4627,350146801216
31.2189,32.0319,7.83626,11.1544,84,73,82,2550,2800,0.480362,32,11.029,0,0,4627,350178833577
31.3575,31.8903,7.83626,11.1544,84,73,82,2550,2800,0.480362,32,11.029,0,0,4627,350210724784
30.5248,32.7603,7.83626,11.1544,84,73,82,2550,2800,0.480362,32,11.029,0,0,4627,350243486396
31.416,31.8309,7.83626,11.1544,84,73,82,2550,2800,0.480362,32,11.029,0,0,4627,350275318612
31.0793,32.1758,7.83626,11.1544,84,73,82,2550,2800,0.480362,32,11.029,0,0,4627,350307495873
28.983,34.503,7.83626,11.1544,84,73,82,2550,2800,0.480362,32,11.029,0,0,4627,350341999137
30.136,33.1829,7.83626,11.1544,84,73,82,2550,2800,0.480362,32,11.029,0,0,4627,350375187366
30.0695,33.2562,7.93269,10.9499,84,72,83,2590,2800,0.480362,32,11.0296,0,0,4598,350408439153
32.6714,30.6078,7.93269,10.9499,84,72,83,2590,2800,0.480362,32,11.0296,0,0,4598,350439049188
32.5098,30.7599,7.93269,10.9499,84,72,83,2590,2800,0.480362,32,11.0296,0,0,4598,350469811467
31.241,32.0092,7.93269,10.9499,84,72,83,2590,2800,0.480362,32,11.0296,0,0,4598,350501821105
32.8686,30.4242,7.93269,10.9499,84,72,83,2590,2800,0.480362,32,11.0296,0,0,4598,350532247366
30.758,32.5118,7.93269,10.9499,84,72,83,2590,2800,0.480362,32,11.0296,0,0,4598,350564761857
31.1384,32.1147,7.93269,10.9499,84,72,83,2590,2800,0.480362,32,11.0296,0,0,4598,350596875960
30.433,32.8591,7.93269,10.9499,84,72,83,2590,2800,0.480362,32,11.0296,0,0,4598,350629735946
32.3484,30.9135,7.93269,10.9499,84,72,83,2590,2800,0.480362,32,11.0296,0,0,4598,350660650669
31.0203,32.237,7.93269,10.9499,84,72,83,2590,2800,0.480362,32,11.0296,0,0,4598,350692888774
30.9001,32.3624,7.93269,10.9499,84,72,83,2590,2800,0.480362,32,11.0296,0,0,4598,350725252613
30.5733,32.7083,7.93269,10.9499,84,72,83,2590,2800,0.480362,32,11.0296,0,0,4598,350757962308
30.0767,33.2483,7.93269,10.9499,84,72,83,2590,2800,0.480362,32,11.0296,0,0,4598,350791212994
31.4185,31.8284,7.93269,10.9499,84,72,83,2590,2800,0.480362,32,11.0296,0,0,4598,350823041654
36.0858,27.7117,7.93269,10.9499,84,72,83,2590,2800,0.480362,32,11.0296,0,0,4598,350850754118
33.6216,29.7428,7.93269,10.9499,84,72,83,2590,2800,0.480362,32,11.0296,0,0,4598,350880501602
31.3305,31.9178,12.9193,9.83865,84,71,82,800,2800,0.480362,38,11.0428,0,0,4116,350912417555
33.002,30.3012,12.9193,9.83865,84,71,82,800,2800,0.480362,38,11.0428,0,0,4116,350942719565
31.8541,31.3931,12.9193,9.83865,84,71,82,800,2800,0.480362,38,11.0428,0,0,4116,350974114675
33.0592,30.2488,12.9193,9.83865,84,71,82,800,2800,0.480362,38,11.0428,0,0,4116,351004364708
36.4049,27.4688,12.9193,9.83865,84,71,82,800,2800,0.480362,38,11.0428,0,0,4116,351031833096
31.7991,31.4475,12.9193,9.83865,84,71,82,800,2800,0.480362,38,11.0428,0,0,4116,351063281587
32.8509,30.4406,12.9193,9.83865,84,71,82,800,2800,0.480362,38,11.0428,0,0,4116,351093723507
31.7451,31.5009,12.9193,9.83865,84,71,82,800,2800,0.480362,38,11.0428,0,0,4116,351125225377
31.9376,31.3111,12.9193,9.83865,84,71,82,800,2800,0.480362,38,11.0428,0,0,4116,351156539136
36.242,27.5923,12.9193,9.83865,84,71,82,800,2800,0.480362,38,11.0428,0,0,4116,351184135604
32.172,31.0829,12.9193,9.83865,84,71,82,800,2800,0.480362,38,11.0428,0,0,4116,351215218932
32.8583,30.4337,12.9193,9.83865,84,71,82,800,2800,0.480362,38,11.0428,0,0,4116,351245654831
32.1504,31.1038,12.9193,9.83865,84,71,82,800,2800,0.480362,38,11.0428,0,0,4116,351276757486
32.3665,30.8961,12.9193,9.83865,84,71,82,800,2800,0.480362,38,11.0428,0,0,4116,351307654767
33.2769,30.0508,12.9193,9.83865,84,71,82,800,2800,0.480362,38,11.0428,0,0,4116,351337706479
33.6542,29.714,12.9193,9.83865,84,71,82,800,2800,0.480362,38,11.0428,0,0,4116,351367421663
33.7839,29.5999,12.9193,9.83865,84,71,82,800,2800,0.480362,38,11.0428,0,0,4116,351397026240
33.1614,30.1555,8.11138,13.0513,85,78,82,2105,2800,0.480362,34,11.0434,0,0,4602,351427180113
32.0515,31.1998,8.11138,13.0513,85,78,82,2105,2800,0.480362,34,11.0434,0,0,4602,351458381682
32.9966,30.3061,8.11138,13.0513,85,78,82,2105,2800,0.480362,34,11.0434,0,0,4602,351488687930
32.0972,31.1553,8.11138,13.0513,85,78,82,2105,2800,0.480362,34,11.0434,0,0,4602,351519844264
33.8877,29.5092,8.11138,13.0513,85,78,82,2105,2800,0.480362,34,11.0434,0,0,4602,351549355668
32.8889,30.4054,8.11138,13.0513,85,78,82,2105,2800,0.480362,34,11.0434,0,0,4602,351579763495
33.1032,30.2086,8.11138,13.0513,85,78,82,2105,2800,0.480362,34,11.0434,0,0,4602,351609971038
32.1423,31.1117,8.11138,13.0513,85,78,82,2105,2800,0.480362,34,11.0434,0,0,4602,351641084803
32.9323,30.3653,8.11138,13.0513,85,78,82,2105,2800,0.480362,34,11.0434,0,0,4602,351671455020
33.4721,29.8756,8.11138,13.0513,85,78,82,2105,2800,0.480362,34,11.0434,0,0,4602,351701329060
33.1407,30.1744,8.11138,13.0513,85,78,82,2105,2800,0.480362,34,11.0434,0,0,4602,351731506848
34.1464,29.2857,8.11138,13.0513,85,78,82,2105,2800,0.480362,34,11.0434,0,0,4602,351760791798
29.8112,33.5444,8.11138,13.0513,85,78,82,2105,2800,0.480362,34,11.0434,0,0,4602,351794338106
31.7596,31.4866,8.11138,13.0513,85,78,82,2105,2800,0.480362,34,11.0434,0,0,4602,351825826520
31.9143,31.3339,8.11138,13.0513,85,78,82,2105,2800,0.480362,34,11.0434,0,0,4602,351857159505
34.8949,28.6574,8.11138,13.0513,85,78,82,2105,2800,0.480362,34,11.0434,0,0,4602,351885818356
33.0664,30.2422,8.11138,13.0513,85,78,82,2105,2800,0.480362,34,11.0434,0,0,4602,351916065944
32.6089,30.6665,7.98065,10.2743,85,72,83,800,2800,0.480362,32,11.0448,0,0,4595,351946729880
32.3854,30.8781,7.98065,10.2743,85,72,83,800,2800,0.480362,32,11.0448,0,0,4595,351977609688
32.2448,31.0127,7.98065,10.2743,85,72,83,800,2800,0.480362,32,11.0448,0,0,4595,352008622956
32.8532,30.4385,7.98065,10.2743,85,72,83,800,2800,0.480362,32,11.0448,0,0,4595,352039063824
35.331,28.3038,7.98065,10.2743,85,72,83,800,2800,0.480362,32,11.0448,0,0,4595,352067368535
32.7879,30.499,7.98065,10.2743,85,72,83,800,2800,0.480362,32,11.0448,0,0,4595,352097869265
32.965,30.3352,7.98065,10.2743,85,72,83,800,2800,0.480362,32,11.0448,0,0,4595,352128205398
33.3763,29.9614,7.98065,10.2743,85,72,83,800,2800,0.480362,32,11.0448,0,0,4595,352158167684
32.9901,30.3121,7.98065,10.2743,85,72,83,800,2800,0.480362,32,11.0448,0,0,4595,352188482988
34.7824,28.7502,7.98065,10.2743,85,72,83,800,2800,0.480362,32,11.0448,0,0,4595,352217235975
31.7142,31.5317,7.98065,10.2743,85,72,83,800,2800,0.480362,32,11.0448,0,0,4595,352248767971
34.0832,29.34,7.98065,10.2743,85,72,83,800,2800,0.480362,32,11.0448,0,0,4595,352278108726
32.0085,31.2417,7.98065,10.2743,85,72,83,800,2800,0.480362,32,11.0448,0,0,4595,352309351232
32.165,31.0897,7.98065,10.2743,85,72,83,800,2800,0.480362,32,11.0448,0,0,4595,352340441062
33.1527,30.1634,7.98065,10.2743,85,72,83,800,2800,0.480362,32,11.0448,0,0,4595,352370605314
36.5728,27.3427,7.98065,10.2743,85,72,83,800,2800,0.480362,32,11.0448,0,0,4595,352397950002
32.0766,31.1754,7.98065,10.2743,85,72,83,800,2800,0.480362,32,11.0448,0,0,4595,352429130612
31.703,31.5427,7.46634,10.7936,84,71,82,2515,2800,0.480362,31,11.0447,0,0,4593,352460671405
30.8405,32.4249,7.46634,10.7936,84,71,82,2515,2800,0.480362,31,11.0447,0,0,4593,352493097220
30.7213,32.5507,7.46634,10.7936,84,71,82,2515,2800,0.480362,31,11.0447,0,0,4593,352525648779
34.4939,28.9907,7.46634,10.7936,84,71,82,2515,2800,0.480362,31,11.0447,0,0,4593,352554640512
31.8207,31.4261,7.46634,10.7936,84,71,82,2515,2800,0.480362,31,11.0447,0,0,4593,352586068234
32.172,31.0829,7.46634,10.7936,84,71,82,2515,2800,0.480362,31,11.0447,0,0,4593,352617152224
29.9986,33.3349,7.46634,10.7936,84,71,82,2515,2800,0.480362,31,11.0447,0,0,4593,352650487797
33.077,30.2325,7.46634,10.7936,84,71,82,2515,2800,0.480362,31,11.0447,0,0,4593,352680721730
30.442,32.8494,7.46634,10.7936,84,71,82,2515,2800,0.480362,31,11.0447,0,0,4593,352713572769
31.1784,32.0734,7.46634,10.7936,84,71,82,2515,2800,0.480362,31,11.0447,0,0,4593,352745647829
31.9757,31.2737,7.46634,10.7936,84,71,82,2515,2800,0.480362,31,11.0447,0,0,4593,352776923296
30.8884,32.3746,7.46634,10.7936,84,71,82,2515,2800,0.480362,31,11.0447,0,0,4593,352809297945
33.8781,29.5176,7.46634,10.7936,84,71,82,2515,2800,0.480362,31,11.0447,0,0,4593,352838818115
35.8479,27.8957,7.46634,10.7936,84,71,82,2515,2800,0.480362,31,11.0447,0,0,4593,352866717629
31.9875,31.2622,7.46634,10.7936,84,71,82,2515,2800,0.480362,31,11.0447,0,0,4593,352897979681
31.7843,31.4621,7.46634,10.7936,84,71,82,2515,2800,0.480362,31,11.0447,0,0,4593,352929447157
32.1208,31.1325,12.9723,11.8637,85,72,82,2409,2800,0.480362,33,11.0439,0,0,3631,352960577934
32.0678,31.184,12.9723,11.8637,85,72,82,2409,2800,0.480362,33,11.0439,0,0,3631,352991761719
36.7854,27.1847,12.9723,11.8637,85,72,82,2409,2800,0.480362,33,11.0439,0,0,3631,353018947460
32.4738,30.7941,12.9723,11.8637,85,72,82,2409,2800,0.480362,33,11.0439,0,0,3631,353049747901
33.3768,29.9609,12.9723,11.8637,85,72,82,2409,2800,0.480362,33,11.0439,0,0,3631,353079705998
31.5537,31.692,12.9723,11.8637,85,72,82,2409,2800,0.480362,33,11.0439,0,0,3631,353111397893
32.7969,30.4907,12.9723,11.8637,85,72,82,2409,2800,0.480362,33,11.0439,0,0,3631,353141890318
32.5812,30.6926,12.9723,11.8637,85,72,82,2409,2800,0.480362,33,11.0439,0,0,3631,353172584720
29.298,34.132,12.9723,11.8637,85,72,82,2409,2800,0.480362,33,11.0439,0,0,3631,353206717562
26.6179,37.5687,12.9723,11.8637,85,72,82,2409,2800,0.480362,33,11.0439,0,0,3631,353244288554
33.2279,30.0952,12.9723,11.8637,85,72,82,2409,2800,0.480362,33,11.0439,0,0,3631,353274383888
33.9326,29.4702,12.9723,11.8637,85,72,82,2409,2800,0.480362,33,11.0439,0,0,3631,353303855126
34.2986,29.1557,12.9723,11.8637,85,72,82,2409,2800,0.480362,33,11.0439,0,0,3631,353333012068
33.2427,30.0818,12.9723,11.8637,85,72,82,2409,2800,0.480362,33,11.0439,0,0,3631,353363094858
32.6997,30.5814,12.9723,11.8637,85,72,82,2409,2800,0.480362,33,11.0439,0,0,3631,353393677041
36.4657,27.4231,12.9723,11.8637,85,72,82,2409,2800,0.480362,33,11.0439,0,0,3631,353421109622
33.1299,30.1842,12.9723,11.8637,85,72,82,2409,2800,0.480362,33,11.0439,0,0,3631,353451294002
28.5448,35.0327,7.59036,13.5252,84,79,82,2592,2800,0.480362,31,11.0452,0,0,4550,353486322457
32.3466,30.9152,7.59036,13.5252,84,79,82,2592,2800,0.480362,31,11.0452,0,0,4550,353517239545
32.4757,30.7922,7.59036,13.5252,84,79,82,2592,2800,0.480362,31,11.0452,0,0,4550,353548032761
32.0115,31.2387,7.59036,13.5252,84,79,82,2592,2800,0.480362,31,11.0452,0,0,4550,353579271781
30.8524,32.4124,7.59036,13.5252,84,79,82,2592,2800,0.480362,31,11.0452,0,0,4550,353611685673
33.7967,29.5886,7.59036,13.5252,84,79,82,2592,2800,0.480362,31,11.0452,0,0,4550,353641275764
36.8358,27.1475,7.59036,13.5252,84,79,82,2592,2800,0.480362,31,11.0452,0,0,4550,353668423083
32.5301,30.7407,7.59036,13.5252,84,79,82,2592,2800,0.480362,31,11.0452,0,0,4550,353699165605
33.6099,29.7531,7.59036,13.5252,84,79,82,2592,2800,0.480362,31,11.0452,0,0,4550,353728920703
32.686,30.5942,7.59036,13.5252,84,79,82,2592,2800,0.480362,31,11.0452,0,0,4550,353759515990
33.409,29.932,7.59036,13.5252,84,79,82,2592,2800,0.480362,31,11.0452,0,0,4550,353789450594
35.0399,28.5389,7.59036,13.5252,84,79,82,2592,2800,0.480362,31,11.0452,0,0,4550,353817989511
32.031,31.2198,7.59036,13.5252,84,79,82,2592,2800,0.480362,31,11.0452,0,0,4550,353849212310
32.261,30.9972,7.59036,13.5252,84,79,82,2592,2800,0.480362,31,11.0452,0,0,4550,353880209668
31.6278,31.6178,7.59036,13.5252,84,79,82,2592,2800,0.480362,31,11.0452,0,0,4550,353911827865
32.7303,30.5527,7.59036,13.5252,84,79,82,2592,2800,0.480362,31,11.0452,0,0,4550,353942381645
34.0608,29.3593,7.59036,13.5252,84,79,82,2592,2800,0.480362,31,11.0452,0,0,4550,353971744901
34.5055,28.9809,6.91748,10.041,84,72,82,2481,2800,0.480362,27,11.0391,0,0,4593,354000724111
32.0044,31.2457,6.91748,10.041,84,72,82,2481,2800,0.480362,27,11.0391,0,0,4593,354031970464
33.1673,30.1502,6.91748,10.041,84,72,82,2481,2800,0.480362,27,11.0391,0,0,4593,354062122002
31.8581,31.3892,6.91748,10.041,84,72,82,2481,2800,0.480362,27,11.0391,0,0,4593,354093512534
36.941,27.0702,6.91748,10.041,84,72,82,2481,2800,0.480362,27,11.0391,0,0,4593,354120588089
34.1123,29.3149,6.91748,10.041,84,72,82,2481,2800,0.480362,27,11.0391,0,0,4593,354149900822
32.4192,30.8459,6.91748,10.041,84,72,82,2481,2800,0.480362,27,11.0391,0,0,4593,354180749422
32.8874,30.4068,6.91748,10.041,84,72,82,2481,2800,0.480362,27,11.0391,0,0,4593,354211156217
30.7064,32.5665,6.91748,10.041,84,72,82,2481,2800,0.480362,27,11.0391,0,0,4593,354243724999
35.6702,28.0346,6.91748,10.041,84,72,82,2481,2800,0.480362,27,11.0391,0,0,4593,354271763432
33.5431,29.8124,6.91748,10.041,84,72,82,2481,2800,0.480362,27,11.0391,0,0,4593,354301575346
33.1491,30.1667,6.91748,10.041,84,72,82,2481,2800,0.480362,27,11.0391,0,0,4593,354331742975
33.098,30.2133,6.91748,10.041,84,72,82,2481,2800,0.480362,27,11.0391,0,0,4593,354361956790
34.7379,28.787,6.91748,10.041,84,72,82,2481,2800,0.480362,27,11.0391,0,0,4593,354390745794
38.1476,26.214,6.91748,10.041,84,72,82,2481,2800,0.480362,27,11.0391,0,0,4593,354416962355
34.0812,29.3417,6.91748,10.041,84,72,82,2481,2800,0.480362,27,11.0391,0,0,4593,354446306226
31.3618,31.8859,6.91748,10.041,84,72,82,2481,2800,0.480362,27,11.0391,0,0,4593,354478196100
33.4746,29.8734,7.32919,10.9929,84,72,83,2178,2800,0.480362,35,11.0388,0,0,4606,354508070281
31.5644,31.6813,7.32919,10.9929,84,72,83,2178,2800,0.480362,35,11.0388,0,0,4606,354539750273
35.0274,28.5491,7.32919,10.9929,84,72,83,2178,2800,0.480362,35,11.0388,0,0,4606,354568302005
34.3671,29.0976,7.32919,10.9929,84,72,83,2178,2800,0.480362,35,11.0388,0,0,4606,354597400918
32.7905,30.4966,7.32919,10.9929,84,72,83,2178,2800,0.480362,35,11.0388,0,0,4606,354627897701
32.0182,31.2323,7.32919,10.9929,84,72,83,2178,2800,0.480362,35,11.0388,0,0,4606,354659131050
35.7708,27.9558,7.32919,10.9929,84,72,83,2178,2800,0.480362,35,11.0388,0,0,4606,354687088572
30.183,33.1312,7.32919,10.9929,84,72,83,2178,2800,0.480362,35,11.0388,0,0,4606,354720224112
31.0312,32.2256,7.32919,10.9929,84,72,83,2178,2800,0.480362,35,11.0388,0,0,4606,354752452108
31.3335,31.9147,7.32919,10.9929,84,72,83,2178,2800,0.480362,35,11.0388,0,0,4606,354784365045
31.6974,31.5484,7.32919,10.9929,84,72,83,2178,2800,0.480362,35,11.0388,0,0,4606,354815917379
33.4055,29.9352,7.32919,10.9929,84,72,83,2178,2800,0.480362,35,11.0388,0,0,4606,354845854407
33.273,30.0544,7.32919,10.9929,84,72,83,2178,2800,0.480362,35,11.0388,0,0,4606,354875912722
30.7318,32.5396,7.32919,10.9929,84,72,83,2178,2800,0.480362,35,11.0388,0,0,4606,354908451488
32.3632,30.8993,7.32919,10.9929,84,72,83,2178,2800,0.480362,35,11.0388,0,0,4606,354939354830
34.1418,29.2896,7.32919,10.9929,84,72,83,2178,2800,0.480362,35,11.0388,0,0,4606,354968645371
35.265,28.3567,7.32919,10.9929,84,72,83,2178,2800,0.480362,35,11.0388,0,0,4606,354997009472
33.9079,29.4917,11.4216,11.0177,84,72,81,800,2800,0.480362,40,11.0418,0,0,4608,355026497822
31.6621,31.5835,11.4216,11.0177,84,72,81,800,2800,0.480362,40,11.0418,0,0,4608,355058080733
37.5034,26.6643,11.4216,11.0177,84,72,81,800,2800,0.480362,40,11.0418,0,0,4608,355084745051
33.0987,30.2126,11.4216,11.0177,84,72,81,800,2800,0.480362,40,11.0418,0,0,4608,355114962873
31.9481,31.3008,11.4216,11.0177,84,72,81,800,2800,0.480362,40,11.0418,0,0,4608,355146263968
32.0526,31.1987,11.4216,11.0177,84,72,81,800,2800,0.480362,40,11.0418,0,0,4608,355177466228
31.5773,31.6684,11.4216,11.0177,84,72,81,800,2800,0.480362,40,11.0418,0,0,4608,355209133056
31.735,31.511,11.4216,11.0177,84,72,81,800,2800,0.480362,40,11.0418,0,0,4608,355240648121
32.965,30.3352,11.4216,11.0177,84,72,81,800,2800,0.480362,40,11.0418,0,0,4608,355270986709
36.0317,27.7534,11.4216,11.0177,84,72,81,800,2800,0.480362,40,11.0418,0,0,4608,355298739448
32.2215,31.0352,11.4216,11.0177,84,72,81,800,2800,0.480362,40,11.0418,0,0,4608,355329774296
32.4375,30.8285,11.4216,11.0177,84,72,81,800,2800,0.480362,40,11.0418,0,0,4608,355360606265
32.5757,30.6978,11.4216,11.0177,84,72,81,800,2800,0.480362,40,11.0418,0,0,4608,355391306468
32.2551,31.0028,11.4216,11.0177,84,72,81,800,2800,0.480362,40,11.0418,0,0,4608,355422311190
34.5308,28.9597,11.4216,11.0177,84,72,81,800,2800,0.480362,40,11.0418,0,0,4608,355451269560
31.5963,31.6493,11.4216,11.0177,84,72,81,800,2800,0.480362,40,11.0418,0,0,4608,355482921320
33.1115,30.201,11.4216,11.0177,84,72,81,800,2800,0.480362,40,11.0418,0,0,4608,355513127661
33.4058,29.9349,6.24235,13.3229,85,79,81,2552,2800,0.480362,33,11.0402,0,0,4597,355543062886
32.5971,30.6776,6.24235,13.3229,85,79,81,2552,2800,0.480362,33,11.0402,0,0,4597,355573742641
32.8718,30.4212,6.24235,13.3229,85,79,81,2552,2800,0.480362,33,11.0402,0,0,4597,355604162520
37.3295,26.7885,6.24235,13.3229,85,79,81,2552,2800,0.480362,33,11.0402,0,0,4597,355630957020
33.673,29.6973,6.24235,13.3229,85,79,81,2552,2800,0.480362,33,11.0402,0,0,4597,355660655373
32.2814,30.9776,6.24235,13.3229,85,79,81,2552,2800,0.480362,33,11.0402,0,0,4597,355691635589
38.5195,25.9609,6.24235,13.3229,85,79,81,2552,2800,0.480362,33,11.0402,0,0,4597,355717599198
34.3075,29.1482,6.24235,13.3229,85,79,81,2552,2800,0.480362,33,11.0402,0,0,4597,355746747202
35.2774,28.3468,6.24235,13.3229,85,79,81,2552,2800,0.480362,33,11.0402,0,0,4597,355775094622
34.3412,29.1195,6.24235,13.3229,85,79,81,2552,2800,0.480362,33,11.0402,0,0,4597,355804218863
37.7985,26.456,6.24235,13.3229,85,79,81,2552,2800,0.480362,33,11.0402,0,0,4597,355830677977
35.8378,27.9035,6.24235,13.3229,85,79,81,2552,2800,0.480362,33,11.0402,0,0,4597,355858579434
34.9094,28.6455,6.24235,13.3229,85,79,81,2552,2800,0.480362,33,11.0402,0,0,4597,355887231994
35.7169,27.9979,6.24235,13.3229,85,79,81,2552,2800,0.480362,33,11.0402,0,0,4597,355915231224
34.4799,29.0024,6.24235,13.3229,85,79,81,2552,2800,0.480362,33,11.0402,0,0,4597,355944231392
33.9687,29.4388,6.24235,13.3229,85,79,81,2552,2800,0.480362,33,11.0402,0,0,4597,355973671092
38.6098,25.9002,6.24235,13.3229,85,79,81,2552,2800,0.480362,33,11.0402,0,0,4597,355999572795
35.2693,28.3533,6.24235,13.3229,85,79,81,2552,2800,0.480362,33,11.0402,0,0,4597,356027933740
37.2368,26.8551,6.85435,10.2083,85,72,82,2590,2800,0.480362,37,11.0351,0,0,4638,356054788182
41.2322,24.2529,6.85435,10.2083,85,72,82,2590,2800,0.480362,37,11.0351,0,0,4638,356079038903
39.5321,25.2959,6.85435,10.2083,85,72,82,2590,2800,0.480362,37,11.0351,0,0,4638,356104338492
37.5841,26.607,6.85435,10.2083,85,72,82,2590,2800,0.480362,37,11.0351,0,0,4638,356130948548
34.4617,29.0178,6.85435,10.2083,85,72,82,2590,2800,0.480362,37,11.0351,0,0,4638,356159965578
42.6468,23.4484,6.85435,10.2083,85,72,82,2590,2800,0.480362,37,11.0351,0,0,4638,356183418970
34.6521,28.8582,6.85435,10.2083,85,72,82,2590,2800,0.480362,37,11.0351,0,0,4638,356212275962
32.4823,30.786,6.85435,10.2083,85,72,82,2590,2800,0.480362,37,11.0351,0,0,4638,356243063027
40.4092,24.7468,6.85435,10.2083,85,72,82,2590,2800,0.480362,37,11.0351,0,0,4638,356267813481
34.2642,29.185,6.85435,10.2083,85,72,82,2590,2800,0.480362,37,11.0351,0,0,4638,356297000689
33.7617,29.6194,6.85435,10.2083,85,72,82,2590,2800,0.480362,37,11.0351,0,0,4638,356326620624
40.026,24.9838,6.85435,10.2083,85,72,82,2590,2800,0.480362,37,11.0351,0,0,4638,356351605827
34.9516,28.611,6.85435,10.2083,85,72,82,2590,2800,0.480362,37,11.0351,0,0,4638,356380223291
33.9141,29.4863,6.85435,10.2083,85,72,82,2590,2800,0.480362,37,11.0351,0,0,4638,356409710639
38.1124,26.2382,6.85435,10.2083,85,72,82,2590,2800,0.480362,37,11.0351,0,0,4638,356435950764
33.3945,29.945,6.85435,10.2083,85,72,82,2590,2800,0.480362,37,11.0351,0,0,4638,356465895847
33.0288,30.2766,6.85435,10.2083,85,72,82,2590,2800,0.480362,37,11.0351,0,0,4638,356496173041
32.4375,30.8285,6.85435,10.2083,85,72,82,2590,2800,0.480362,37,11.0351,0,0,4638,356527003296
40.3975,24.754,6.85435,10.2083,85,72,82,2590,2800,0.480362,37,11.0351,0,0,4638,356551764360
32.4828,30.7855,8.17308,9.7096,85,72,81,2600,2800,0.480362,28,11.036,0,0,4240,356582548620
31.8219,31.4249,8.17308,9.7096,85,72,81,2600,2800,0.480362,28,11.036,0,0,4240,356613972214
31.4203,31.8266,8.17308,9.7096,85,72,81,2600,2800,0.480362,28,11.036,0,0,4240,356645799351
30.6408,32.6363,8.17308,9.7096,85,72,81,2600,2800,0.480362,28,11.036,0,0,4240,356678439757
32.3025,30.9573,8.17308,9.7096,85,72,81,2600,2800,0.480362,28,11.036,0,0,4240,356709397561
37.2202,26.8671,8.17308,9.7096,85,72,81,2600,2800,0.480362,28,11.036,0,0,4240,356736267872
33.1273,30.1866,8.17308,9.7096,85,72,81,2600,2800,0.480362,28,11.036,0,0,4240,356766457452
32.3275,30.9334,8.17308,9.7096,85,72,81,2600,2800,0.480362,28,11.036,0,0,4240,356797389909
38.3055,26.1059,8.17308,9.7096,85,72,81,2600,2800,0.480362,28,11.036,0,0,4240,356823497967
36.6136,27.3123,8.17308,9.7096,85,72,81,2600,2800,0.480362,28,11.036,0,0,4240,356850813150
34.563,28.9326,8.17308,9.7096,85,72,81,2600,2800,0.480362,28,11.036,0,0,4240,356879748037
35.0779,28.508,8.17308,9.7096,85,72,81,2600,2800,0.480362,28,11.036,0,0,4240,356908257730
37.6459,26.5633,8.17308,9.7096,85,72,81,2600,2800,0.480362,28,11.036,0,0,4240,356934822401
36.0682,27.7253,8.17308,9.7096,85,72,81,2600,2800,0.480362,28,11.036,0,0,4240,356962550434
37.857,26.4152,8.17308,9.7096,85,72,81,2600,2800,0.480362,28,11.036,0,0,4240,356988967119
38.8986,25.7079,8.17308,9.7096,85,72,81,2600,2800,0.480362,28,11.036,0,0,4240,357014677525
34.8964,28.6562,8.17308,9.7096,85,72,81,2600,2800,0.480362,28,11.036,0,0,4240,357043336577
39.3901,25.3871,8.17308,9.7096,85,72,81,2600,2800,0.480362,28,11.036,0,0,4240,357068731655
35.0535,28.5278,11.9367,9.37445,84,71,80,2582,2800,0.480362,33,11.0271,0,0,4577,357097252518
42.3247,23.6268,11.9367,9.37445,84,71,80,2582,2800,0.480362,33,11.0271,0,0,4577,357120883822
37.8665,26.4085,11.9367,9.37445,84,71,80,2582,2800,0.480362,33,11.0271,0,0,4577,357147293885
33.0999,30.2116,11.9367,9.37445,84,71,80,2582,2800,0.480362,33,11.0271,0,0,4577,357177504043
38.4016,26.0406,11.9367,9.37445,84,71,80,2582,2800,0.480362,33,11.0271,0,0,4577,357203544786
34.7186,28.803,11.9367,9.37445,84,71,80,2582,2800,0.480362,33,11.0271,0,0,4577,357232351313
30.8693,32.3946,11.9367,9.37445,84,71,80,2582,2800,0.480362,33,11.0271,0,0,4577,357264749186
39.2433,25.4821,11.9367,9.37445,84,71,80,2582,2800,0.480362,33,11.0271,0,0,4577,357290232598
38.9628,25.6655,11.9367,9.37445,84,71,80,2582,2800,0.480362,33,11.0271,0,0,4577,357315899022
34.1751,29.2611,11.9367,9.37445,84,71,80,2582,2800,0.480362,33,11.0271,0,0,4577,357345163454
39.0168,25.63,11.9367,9.37445,84,71,80,2582,2800,0.480362,33,11.0271,0,0,4577,357370795244
38.6384,25.881,11.9367,9.37445,84,71,80,2582,2800,0.480362,33,11.0271,0,0,4577,357396676539
34.5013,28.9844,11.9367,9.37445,84,71,80,2582,2800,0.480362,33,11.0271,0,0,4577,357425663052
42.1534,23.7229,11.9367,9.37445,84,71,80,2582,2800,0.480362,33,11.0271,0,0,4577,357449387190
36.7043,27.2448,11.9367,9.37445,84,71,80,2582,2800,0.480362,33,11.0271,0,0,4577,357476635497
40.3152,24.8045,11.9367,9.37445,84,71,80,2582,2800,0.480362,33,11.0271,0,0,4577,357501442316
35.7641,27.961,11.9367,9.37445,84,71,80,2582,2800,0.480362,33,11.0271,0,0,4577,357529401371
37.9483,26.3517,11.9367,9.37445,84,71,80,2582,2800,0.480362,33,11.0271,0,0,4577,357555754006
35.8086,27.9263,11.9367,9.37445,84,71,80,2582,2800,0.480362,33,11.0271,0,0,4577,357583688686
33.9231,29.4784,7.29927,13.4572,85,80,81,2575,2800,0.480362,34,11.0247,0,0,4606,357613165484
34.0777,29.3447,7.29927,13.4572,85,80,81,2575,2800,0.480362,34,11.0247,0,0,4606,357642510707
38.9863,25.65,7.29927,13.4572,85,80,81,2575,2800,0.480362,34,11.0247,0,0,4606,357668164688
34.0372,29.3797,7.29927,13.4572,85,80,81,2575,2800,0.480362,34,11.0247,0,0,4606,357697546089
37.9701,26.3365,7.29927,13.4572,85,80,81,2575,2800,0.480362,34,11.0247,0,0,4606,357723882624
41.0489,24.3612,7.29927,13.4572,85,80,81,2575,2800,0.480362,34,11.0247,0,0,4606,357748247958
35.6296,28.0665,7.29927,13.4572,85,80,81,2575,2800,0.480362,34,11.0247,0,0,4606,357776314714
34.455,29.0234,7.29927,13.4572,85,80,81,2575,2800,0.480362,34,11.0247,0,0,4606,357805342044
39.541,25.2902,7.29927,13.4572,85,80,81,2575,2800,0.480362,34,11.0247,0,0,4606,357830636874
35.4511,28.2078,7.29927,13.4572,85,80,81,2575,2800,0.480362,34,11.0247,0,0,4606,357858842770
40.4019,24.7513,7.29927,13.4572,85,80,81,2575,2800,0.480362,34,11.0247,0,0,4606,357883597812
34.656,28.855,7.29927,13.4572,85,80,81,2575,2800,0.480362,34,11.0247,0,0,4606,357912454553
34.4504,29.0272,7.29927,13.4572,85,80,81,2575,2800,0.480362,34,11.0247,0,0,4606,357941481081
38.6593,25.867,7.29927,13.4572,85,80,81,2575,2800,0.480362,34,11.0247,0,0,4606,357967350354
35.5809,28.1049,7.29927,13.4572,85,80,81,2575,2800,0.480362,34,11.0247,0,0,4606,357995458226
35.8254,27.9132,7.29927,13.4572,85,80,81,2575,2800,0.480362,34,11.0247,0,0,4606,358023371596
36.6305,27.2997,7.29927,13.4572,85,80,81,2575,2800,0.480362,34,11.0247,0,0,4606,358050674505
36.222,27.6075,7.29927,13.4572,85,80,81,2575,2800,0.480362,34,11.0247,0,0,4606,358078284288
34.166,29.2688,7.29927,13.4572,85,80,81,2575,2800,0.480362,34,11.0247,0,0,4606,358107557066
41.0703,24.3485,7.16846,10.9011,84,73,83,2406,2800,0.480362,31,11.0155,0,0,4606,358131904457
36.7654,27.1995,7.16846,10.9011,84,73,83,2406,2800,0.480362,31,11.0155,0,0,4606,358159107009
39.8999,25.0627,7.16846,10.9011,84,73,83,2406,2800,0.480362,31,11.0155,0,0,4606,358184171419
34.5509,28.9428,7.16846,10.9011,84,73,83,2406,2800,0.480362,31,11.0155,0,0,4606,358213112768
34.272,29.1783,7.16846,10.9011,84,73,83,2406,2800,0.480362,31,11.0155,0,0,4606,358242296079
41.5082,24.0916,7.16846,10.9011,84,73,83,2406,2800,0.480362,31,11.0155,0,0,4606,358266386811
36.6568,27.2801,7.16846,10.9011,84,73,83,2406,2800,0.480362,31,11.0155,0,0,4606,358293669092
40.0961,24.9401,7.16846,10.9011,84,73,83,2406,2800,0.480362,31,11.0155,0,0,4606,358318611634
37.8524,26.4184,7.16846,10.9011,84,73,83,2406,2800,0.480362,31,11.0155,0,0,4606,358345029571
35.4673,28.195,7.16846,10.9011,84,73,83,2406,2800,0.480362,31,11.0155,0,0,4606,358373226851
42.6499,23.4467,7.16846,10.9011,84,73,83,2406,2800,0.480362,31,11.0155,0,0,4606,358396676766
35.3073,28.3228,7.16846,10.9011,84,73,83,2406,2800,0.480362,31,11.0155,0,0,4606,358424997887
45.1015,22.1722,7.16846,10.9011,84,73,83,2406,2800,0.480362,31,11.0155,0,0,4606,358447175497
33.858,29.5351,7.16846,10.9011,84,73,83,2406,2800,0.480362,31,11.0155,0,0,4606,358476710033
40.5384,24.668,7.16846,10.9011,84,73,83,2406,2800,0.480362,31,11.0155,0,0,4606,358501381309
36.6493,27.2857,7.16846,10.9011,84,73,83,2406,2800,0.480362,31,11.0155,0,0,4606,358528668690
36.8267,27.1542,7.16846,10.9011,84,73,83,2406,2800,0.480362,31,11.0155,0,0,4606,358555821670
39.3644,25.4037,7.16846,10.9011,84,73,83,2406,2800,0.480362,31,11.0155,0,0,4606,358581230773
42.6209,23.4627,7.16846,10.9011,84,73,83,2406,2800,0.480362,31,11.0155,0,0,4606,358604696027
40.5338,24.6707,7.16846,10.9011,84,73,83,2406,2800,0.480362,31,11.0155,0,0,4606,358629373364
32.5406,30.7309,9.13461,7.52305,84,71,81,2600,2800,0.480362,29,11.0235,0,0,4101,358660101750
48.5686,20.5894,9.13461,7.52305,84,71,81,2600,2800,0.480362,29,11.0235,0,0,4101,358680690182
35.6087,28.083,9.13461,7.52305,84,71,81,2600,2800,0.480362,29,11.0235,0,0,4101,358708777978
42.1299,23.7361,9.13461,7.52305,84,71,81,2600,2800,0.480362,29,11.0235,0,0,4101,358732513236
33.4423,29.9022,9.13461,7.52305,84,71,81,2600,2800,0.480362,29,11.0235,0,0,4101,358762416050
42.6726,23.4343,9.13461,7.52305,84,71,81,2600,2800,0.480362,29,11.0235,0,0,4101,358785858892
37.193,26.8868,9.13461,7.52305,84,71,81,2600,2800,0.480362,29,11.0235,0,0,4101,358812744432
38.4326,26.0196,9.13461,7.52305,84,71,81,2600,2800,0.480362,29,11.0235,0,0,4101,358838767552
39.0781,25.5898,9.13461,7.52305,84,71,81,2600,2800,0.480362,29,11.0235,0,0,4101,358864357594
36.0094,27.7706,9.13461,7.52305,84,71,81,2600,2800,0.480362,29,11.0235,0,0,4101,358892128818
42.5652,23.4934,9.13461,7.52305,84,71,81,2600,2800,0.480362,29,11.0235,0,0,4101,358915625150
34.8125,28.7253,9.13461,7.52305,84,71,81,2600,2800,0.480362,29,11.0235,0,0,4101,358944353161
37.9727,26.3347,9.13461,7.52305,84,71,81,2600,2800,0.480362,29,11.0235,0,0,4101,358970689576
38.2725,26.1284,9.13461,7.52305,84,71,81,2600,2800,0.480362,29,11.0235,0,0,4101,358996817601
32.7287,30.5542,9.13461,7.52305,84,71,81,2600,2800,0.480362,29,11.0235,0,0,4101,359027375960
48.4037,20.6596,9.13461,7.52305,84,71,81,2600,2800,0.480362,29,11.0235,0,0,4101,359048037058
41.0209,24.3778,9.13461,7.52305,84,71,81,2600,2800,0.480362,29,11.0235,0,0,4101,359072417050
37.7058,26.5212,9.13461,7.52305,84,71,81,2600,2800,0.480362,29,11.0235,0,0,4101,359098938580
35.7382,27.9813,9.13461,7.52305,84,71,81,2600,2800,0.480362,29,11.0235,0,0,4101,359126924014
42.4452,23.5598,9.13461,7.52305,84,71,81,2600,2800,0.480362,29,11.0235,0,0,4101,359150488033
37.6732,26.5441,9.52955,12.3215,84,71,81,2519,2800,0.480362,41,11.0265,0,0,4612,359177030453
43.1153,23.1936,9.52955,12.3215,84,71,81,2519,2800,0.480362,41,11.0265,0,0,4612,359200226614
33.4067,29.9341,9.52955,12.3215,84,71,81,2519,2800,0.480362,41,11.0265,0,0,4612,359230162700
36.2142,27.6135,9.52955,12.3215,84,71,81,2519,2800,0.480362,41,11.0265,0,0,4612,359257777673
45.1756,22.1358,9.52955,12.3215,84,71,81,2519,2800,0.480362,41,11.0265,0,0,4612,359279915308
40.411,24.7457,9.52955,12.3215,84,71,81,2519,2800,0.480362,41,11.0265,0,0,4612,359304661053
39.1937,25.5143,9.52955,12.3215,84,71,81,2519,2800,0.480362,41,11.0265,0,0,4612,359330178979
32.3887,30.8749,9.52955,12.3215,84,71,81,2519,2800,0.480362,41,11.0265,0,0,4612,359361056083
48.6625,20.5497,9.52955,12.3215,84,71,81,2519,2800,0.480362,41,11.0265,0,0,4612,359381605382
36.1543,27.6592,9.52955,12.3215,84,71,81,2519,2800,0.480362,41,11.0265,0,0,4612,359409270107
39.5709,25.2711,9.52955,12.3215,84,71,81,2519,2800,0.480362,41,11.0265,0,0,4612,359434542806
37.0986,26.9552,9.52955,12.3215,84,71,81,2519,2800,0.480362,41,11.0265,0,0,4612,359461499690
43.3274,23.0801,9.52955,12.3215,84,71,81,2519,2800,0.480362,41,11.0265,0,0,4612,359484580346
35.3359,28.2998,9.52955,12.3215,84,71,81,2519,2800,0.480362,41,11.0265,0,0,4612,359512885336
43.2111,23.1422,9.52955,12.3215,84,71,81,2519,2800,0.480362,41,11.0265,0,0,4612,359536027647
35.3535,28.2857,9.52955,12.3215,84,71,81,2519,2800,0.480362,41,11.0265,0,0,4612,359564317149
40.0271,24.983,9.52955,12.3215,84,71,81,2519,2800,0.480362,41,11.0265,0,0,4612,359589301981
39.644,25.2245,9.52955,12.3215,84,71,81,2519,2800,0.480362,41,11.0265,0,0,4612,359614525758
40.4923,24.6961,9.52955,12.3215,84,71,81,2519,2800,0.480362,41,11.0265,0,0,4612,359639225317
37.8852,26.3956,9.52955,12.3215,84,71,81,2519,2800,0.480362,41,11.0265,0,0,4612,359665623257
21.4374,46.6475,6.79612,12.4316,81,80,78,800,2800,0.480362,19,11.0219,0,0,4647,359712272179
48.8255,20.4811,6.79612,12.4316,81,80,78,800,2800,0.480362,19,11.0219,0,0,4647,359732754363
37.5746,26.6137,6.79612,12.4316,81,80,78,800,2800,0.480362,19,11.0219,0,0,4647,359759369759
40.9605,24.4137,6.79612,12.4316,81,80,78,800,2800,0.480362,19,11.0219,0,0,4647,359783783935
40.4056,24.749,6.79612,12.4316,81,80,78,800,2800,0.480362,19,11.0219,0,0,4647,359808536983
38.7784,25.7876,6.79612,12.4316,81,80,78,800,2800,0.480362,19,11.0219,0,0,4647,359834325535
35.7464,27.9749,6.79612,12.4316,81,80,78,800,2800,0.480362,19,11.0219,0,0,4647,359862302934
40.2385,24.8518,6.79612,12.4316,81,80,78,800,2800,0.480362,19,11.0219,0,0,4647,359887159957
37.1079,26.9484,6.79612,12.4316,81,80,78,800,2800,0.480362,19,11.0219,0,0,4647,359914107042
41.5706,24.0555,6.79612,12.4316,81,80,78,800,2800,0.480362,19,11.0219,0,0,4647,359938165674
36.8525,27.1352,6.79612,12.4316,81,80,78,800,2800,0.480362,19,11.0219,0,0,4647,359965300410
39.3099,25.4389,6.79612,12.4316,81,80,78,800,2800,0.480362,19,11.0219,0,0,4647,359990741153
37.2153,26.8707,6.79612,12.4316,81,80,78,800,2800,0.480362,19,11.0219,0,0,4647,360017610923
44.4474,22.4985,6.79612,12.4316,81,80,78,800,2800,0.480362,19,11.0219,0,0,4647,360040113871
37.3081,26.8038,6.79612,12.4316,81,80,78,800,2800,0.480362,19,11.0219,0,0,4647,360066917318
36.4133,27.4625,6.79612,12.4316,81,80,78,800,2800,0.480362,19,11.0219,0,0,4647,360094384424
42.0459,23.7835,6.79612,12.4316,81,80,78,800,2800,0.480362,19,11.0219,0,0,4647,360118170256
37.9412,26.3566,6.79612,12.4316,81,80,78,800,2800,0.480362,19,11.0219,0,0,4647,360144531368
40.5999,24.6306,6.79612,12.4316,81,80,78,800,2800,0.480362,19,11.0219,0,0,4647,360169163571
35.8703,27.8782,6.61673,14.002,79,72,77,2382,2800,0.480362,28,11.0258,0,0,4644,360197041374
40.9606,24.4137,6.61673,14.002,79,72,77,2382,2800,0.480362,28,11.0258,0,0,4644,360221457092
31.2299,32.0206,6.61673,14.002,79,72,77,2382,2800,0.480362,28,11.0258,0,0,4644,360253484453
50.5073,19.7991,6.61673,14.002,79,72,77,2382,2800,0.480362,28,11.0258,0,0,4644,360273281949
37.0914,26.9605,6.61673,14.002,79,72,77,2382,2800,0.480362,28,11.0258,0,0,4644,360300240746
41.4403,24.1311,6.61673,14.002,79,72,77,2382,2800,0.480362,28,11.0258,0,0,4644,360324377444
37.8906,26.3918,6.61673,14.002,79,72,77,2382,2800,0.480362,28,11.0258,0,0,4644,360350767539
40.9257,24.4345,6.61673,14.002,79,72,77,2382,2800,0.480362,28,11.0258,0,0,4644,360375207633
38.2124,26.1695,6.61673,14.002,79,72,77,2382,2800,0.480362,28,11.0258,0,0,4644,360401378409
38.7113,25.8322,6.61673,14.002,79,72,77,2382,2800,0.480362,28,11.0258,0,0,4644,360427212236
38.5329,25.9518,6.61673,14.002,79,72,77,2382,2800,0.480362,28,11.0258,0,0,4644,360453168341
33.3609,29.9752,6.61673,14.002,79,72,77,2382,2800,0.480362,28,11.0258,0,0,4644,360483143740
44.5662,22.4385,6.61673,14.002,79,72,77,2382,2800,0.480362,28,11.0258,0,0,4644,360505585533
36.6207,27.307,6.61673,14.002,79,72,77,2382,2800,0.480362,28,11.0258,0,0,4644,360532893793
41.0595,24.3549,6.61673,14.002,79,72,77,2382,2800,0.480362,28,11.0258,0,0,4644,360557250812
36.8825,27.1131,6.61673,14.002,79,72,77,2382,2800,0.480362,28,11.0258,0,0,4644,360584364528
41.1584,24.2964,6.61673,14.002,79,72,77,2382,2800,0.480362,28,11.0258,0,0,4644,360608663579
37.0836,26.9661,6.61673,14.002,79,72,77,2382,2800,0.480362,28,11.0258,0,0,4644,360635632575
36.8666,27.1248,6.61673,14.002,79,72,77,2382,2800,0.480362,28,11.0258,0,0,4644,360662759186
43.9261,22.7655,6.61673,14.002,79,72,77,2382,2800,0.480362,28,11.0258,0,0,4644,360685531205
35.5274,28.1473,9.73236,8.61815,76,70,75,2371,2800,0.480362,26,11.0239,0,0,4234,360713675236
39.9509,25.0307,9.73236,8.61815,76,70,75,2371,2800,0.480362,26,11.0239,0,0,4234,360738708117
37.1151,26.9432,9.73236,8.61815,76,70,75,2371,2800,0.480362,26,11.0239,0,0,4234,360765650984
40.6473,24.6019,9.73236,8.61815,76,70,75,2371,2800,0.480362,26,11.0239,0,0,4234,360790256046
36.7938,27.1785,9.73236,8.61815,76,70,75,2371,2800,0.480362,26,11.0239,0,0,4234,360817437419
47.5622,21.0251,9.73236,8.61815,76,70,75,2371,2800,0.480362,26,11.0239,0,0,4234,360838462948
35.7552,27.968,9.73236,8.61815,76,70,75,2371,2800,0.480362,26,11.0239,0,0,4234,360866432131
41.7758,23.9373,9.73236,8.61815,76,70,75,2371,2800,0.480362,26,11.0239,0,0,4234,360890374456
35.6581,28.0441,9.73236,8.61815,76,70,75,2371,2800,0.480362,26,11.0239,0,0,4234,360918419071
43.2954,23.0971,9.73236,8.61815,76,70,75,2371,2800,0.480362,26,11.0239,0,0,4234,360941518171
36.6646,27.2742,9.73236,8.61815,76,70,75,2371,2800,0.480362,26,11.0239,0,0,4234,360968793359
41.3276,24.1969,9.73236,8.61815,76,70,75,2371,2800,0.480362,26,11.0239,0,0,4234,360992993595
36.1944,27.6286,9.73236,8.61815,76,70,75,2371,2800,0.480362,26,11.0239,0,0,4234,361020626982
42.3979,23.5861,9.73236,8.61815,76,70,75,2371,2800,0.480362,26,11.0239,0,0,4234,361044212160
38.291,26.1158,9.73236,8.61815,76,70,75,2371,2800,0.480362,26,11.0239,0,0,4234,361070327732
35.2685,28.3539,9.73236,8.61815,76,70,75,2371,2800,0.480362,26,11.0239,0,0,4234,361098688277
41.0157,24.3809,9.73236,8.61815,76,70,75,2371,2800,0.480362,26,11.0239,0,0,4234,361123068419
38.6828,25.8513,9.73236,8.61815,76,70,75,2371,2800,0.480362,26,11.0239,0,0,4234,361148920971
40.2355,24.8537,9.73236,8.61815,76,70,75,2371,2800,0.480362,26,11.0239,0,0,4234,361173777633
38.2172,26.1662,9.73236,8.61815,76,70,75,2371,2800,0.480362,26,11.0239,0,0,4234,361199947567
38.3792,26.0558,8.29268,7.2138,73,69,72,2303,2800,0.480362,30,11.0268,0,0,4642,361226002747
39.2974,25.447,8.29268,7.2138,73,69,72,2303,2800,0.480362,30,11.0268,0,0,4642,361251452176
39.6323,25.2319,8.29268,7.2138,73,69,72,2303,2800,0.480362,30,11.0268,0,0,4642,361276687204
40.0534,24.9666,8.29268,7.2138,73,69,72,2303,2800,0.480362,30,11.0268,0,0,4642,361301656026
38.6841,25.8504,8.29268,7.2138,73,69,72,2303,2800,0.480362,30,11.0268,0,0,4642,361327507696
36.2959,27.5514,8.29268,7.2138,73,69,72,2303,2800,0.480362,30,11.0268,0,0,4642,361355059400
40.8137,24.5016,8.29268,7.2138,73,69,72,2303,2800,0.480362,30,11.0268,0,0,4642,361379564175
39.1042,25.5727,8.29268,7.2138,73,69,72,2303,2800,0.480362,30,11.0268,0,0,4642,361405139980
35.9839,27.7902,8.29268,7.2138,73,69,72,2303,2800,0.480362,30,11.0268,0,0,4642,361432932483
41.2586,24.2374,8.29268,7.2138,73,69,72,2303,2800,0.480362,30,11.0268,0,0,4642,361457171081
36.751,27.2101,8.29268,7.2138,73,69,72,2303,2800,0.480362,30,11.0268,0,0,4642,361484382841
42.314,23.6328,8.29268,7.2138,73,69,72,2303,2800,0.480362,30,11.0268,0,0,4642,361508018132
36.6636,27.275,8.29268,7.2138,73,69,72,2303,2800,0.480362,30,11.0268,0,0,4642,361535295424
42.5274,23.5143,8.29268,7.2138,73,69,72,2303,2800,0.480362,30,11.0268,0,0,4642,361558812906
35.6223,28.0723,8.29268,7.2138,73,69,72,2303,2800,0.480362,30,11.0268,0,0,4642,361586889029
43.0355,23.2366,8.29268,7.2138,73,69,72,2303,2800,0.480362,30,11.0268,0,0,4642,361610127980
35.7149,27.9995,8.29268,7.2138,73,69,72,2303,2800,0.480362,30,11.0268,0,0,4642,361638127691
41.0291,24.3729,8.29268,7.2138,73,69,72,2303,2800,0.480362,30,11.0268,0,0,4642,361662502073
34.6485,28.8612,8.29268,7.2138,73,69,72,2303,2800,0.480362,30,11.0268,0,0,4642,361691364955
40.5266,24.6752,8.29268,7.2138,73,69,72,2303,2800,0.480362,30,11.0268,0,0,4642,361716053082
43.1472,23.1765,6.09013,15.9867,71,79,71,1912,2800,0.480362,17,11.0273,0,0,4650,361739228535
35.8356,27.9052,6.09013,15.9867,71,79,71,1912,2800,0.480362,17,11.0273,0,0,4650,361767136655
41.2862,24.2212,6.09013,15.9867,71,79,71,1912,2800,0.480362,17,11.0273,0,0,4650,361791359333
37.0354,27.0012,6.09013,15.9867,71,79,71,1912,2800,0.480362,17,11.0273,0,0,4650,361818360239
44.4438,22.5003,6.09013,15.9867,71,79,71,1912,2800,0.480362,17,11.0273,0,0,4650,361840863767
33.5079,29.8437,6.09013,15.9867,71,79,71,1912,2800,0.480362,17,11.0273,0,0,4650,361870706389
41.5174,24.0863,6.09013,15.9867,71,79,71,1912,2800,0.480362,17,11.0273,0,0,4650,361894795378
36.6954,27.2514,6.09013,15.9867,71,79,71,1912,2800,0.480362,17,11.0273,0,0,4650,361922049136
41.3578,24.1793,6.09013,15.9867,71,79,71,1912,2800,0.480362,17,11.0273,0,0,4650,361946232360
38.7397,25.8133,6.09013,15.9867,71,79,71,1912,2800,0.480362,17,11.0273,0,0,4650,361972050367
39.5223,25.3022,6.09013,15.9867,71,79,71,1912,2800,0.480362,17,11.0273,0,0,4650,361997349556
36.2246,27.6056,6.09013,15.9867,71,79,71,1912,2800,0.480362,17,11.0273,0,0,4650,362024955932
37.9522,26.349,6.09013,15.9867,71,79,71,1912,2800,0.480362,17,11.0273,0,0,4650,362051308517
43.3727,23.056,6.09013,15.9867,71,79,71,1912,2800,0.480362,17,11.0273,0,0,4650,362074366771
35.2687,28.3538,6.09013,15.9867,71,79,71,1912,2800,0.480362,17,11.0273,0,0,4650,362102722617
41.9077,23.862,6.09013,15.9867,71,79,71,1912,2800,0.480362,17,11.0273,0,0,4650,362126585734
36.5222,27.3806,6.09013,15.9867,71,79,71,1912,2800,0.480362,17,11.0273,0,0,4650,362153972279
41.4321,24.1359,6.09013,15.9867,71,79,71,1912,2800,0.480362,17,11.0273,0,0,4650,362178106833
38.3281,26.0905,6.09013,15.9867,71,79,71,1912,2800,0.480362,17,11.0273,0,0,4650,362204197640
31.6988,31.5469,6.09013,15.9867,71,79,71,1912,2800,0.480362,17,11.0273,0,0,4650,362235753019
39.9173,25.0518,5.92503,7.9541,70,68,70,1785,2800,0.480362,29,11.0264,0,0,4636,362260801700
45.9254,21.7744,5.92503,7.9541,70,68,70,1785,2800,0.480362,29,11.0264,0,0,4636,362282579343
41.056,24.357,5.92503,7.9541,70,68,70,1785,2800,0.480362,29,11.0264,0,0,4636,362306936212
25.4357,39.3148,5.92503,7.9541,70,68,70,1785,2800,0.480362,29,11.0264,0,0,4636,362346254075
43.23,23.1321,5.92503,7.9541,70,68,70,1785,2800,0.480362,29,11.0264,0,0,4636,362369384665
44.5318,22.4559,5.92503,7.9541,70,68,70,1785,2800,0.480362,29,11.0264,0,0,4636,362391844501
37.1794,26.8966,5.92503,7.9541,70,68,70,1785,2800,0.480362,29,11.0264,0,0,4636,362418742114
42.649,23.4472,5.92503,7.9541,70,68,70,1785,2800,0.480362,29,11.0264,0,0,4636,362442191679
36.0106,27.7696,5.92503,7.9541,70,68,70,1785,2800,0.480362,29,11.0264,0,0,4636,362469966109
40.766,24.5303,5.92503,7.9541,70,68,70,1785,2800,0.480362,29,11.0264,0,0,4636,362494498365
33.9087,29.4909,5.92503,7.9541,70,68,70,1785,2800,0.480362,29,11.0264,0,0,4636,362523990903
45.6392,21.911,5.92503,7.9541,70,68,70,1785,2800,0.480362,29,11.0264,0,0,4636,362545902807
37.506,26.6624,5.92503,7.9541,70,68,70,1785,2800,0.480362,29,11.0264,0,0,4636,362572567154
39.1194,25.5627,5.92503,7.9541,70,68,70,1785,2800,0.480362,29,11.0264,0,0,4636,362598134042
39.2432,25.4821,5.92503,7.9541,70,68,70,1785,2800,0.480362,29,11.0264,0,0,4636,362623614720
39.9469,25.0332,5.92503,7.9541,70,68,70,1785,2800,0.480362,29,11.0264,0,0,4636,362648651949
36.5316,27.3736,5.92503,7.9541,70,68,70,1785,2800,0.480362,29,11.0264,0,0,4636,362676025460
26.7795,37.342,5.92503,7.9541,70,68,70,1785,2800,0.480362,29,11.0264,0,0,4636,362713367886
31.3783,31.8692,5.92503,7.9541,70,68,70,1785,2800,0.480362,29,11.0264,0,0,4636,362745242351
31.7356,31.5104,10.1611,10.1915,69,69,69,1576,2800,0.480118,19,11.0278,0,0,4330,362776751905
39.9536,25.029,10.1611,10.1915,69,69,69,1576,2800,0.480118,19,11.0278,0,0,4330,362801781761
44.5209,22.4614,10.1611,10.1915,69,69,69,1576,2800,0.480118,19,11.0278,0,0,4330,362824245665
40.5339,24.6707,10.1611,10.1915,69,69,69,1576,2800,0.480118,19,11.0278,0,0,4330,362848919877
35.972,27.7994,10.1611,10.1915,69,69,69,1576,2800,0.480118,19,11.0278,0,0,4330,362876718382
41.534,24.0766,10.1611,10.1915,69,69,69,1576,2800,0.480118,19,11.0278,0,0,4330,362900798153
38.4192,26.0286,10.1611,10.1915,69,69,69,1576,2800,0.480118,19,11.0278,0,0,4330,362926830150
39.8343,25.104,10.1611,10.1915,69,69,69,1576,2800,0.480118,19,11.0278,0,0,4330,362951934624
35.7075,28.0053,10.1611,10.1915,69,69,69,1576,2800,0.480118,19,11.0278,0,0,4330,362979943121
42.5609,23.4958,10.1611,10.1915,69,69,69,1576,2800,0.480118,19,11.0278,0,0,4330,363003440806
36.0926,27.7065,10.1611,10.1915,69,69,69,1576,2800,0.480118,19,11.0278,0,0,4330,363031148081
39.1596,25.5365,10.1611,10.1915,69,69,69,1576,2800,0.480118,19,11.0278,0,0,4330,363056687948
39.6797,25.2018,10.1611,10.1915,69,69,69,1576,2800,0.480118,19,11.0278,0,0,4330,363081889114
41.4722,24.1125,10.1611,10.1915,69,69,69,1576,2800,0.480118,19,11.0278,0,0,4330,363106006024
38.0139,26.3062,10.1611,10.1915,69,69,69,1576,2800,0.480118,19,11.0278,0,0,4330,363132313576
34.869,28.6787,10.1611,10.1915,69,69,69,1576,2800,0.480118,19,11.0278,0,0,4330,363160995069
43.5833,22.9446,10.1611,10.1915,69,69,69,1576,2800,0.480118,19,11.0278,0,0,4330,363183938749
35.8069,27.9276,10.1611,10.1915,69,69,69,1576,2800,0.480118,19,11.0278,0,0,4330,363211867648
42.0639,23.7733,10.1611,10.1915,69,69,69,1576,2800,0.480118,19,11.0278,0,0,4330,363235641859
36.7118,27.2392,10.1611,10.1915,69,69,69,1576,2800,0.480118,19,11.0278,0,0,4330,363262891068
39.8637,25.0855,7.03884,12.9388,69,69,69,1651,2800,0.480118,31,11.0277,0,0,4662,363287972370
37.9584,26.3446,7.03884,12.9388,69,69,69,1651,2800,0.480118,31,11.0277,0,0,4662,363314317621
41.1045,24.3282,7.03884,12.9388,69,69,69,1651,2800,0.480118,31,11.0277,0,0,4662,363338652489
36.278,27.5649,7.03884,12.9388,69,69,69,1651,2800,0.480118,31,11.0277,0,0,4662,363366217598
40.871,24.4672,7.03884,12.9388,69,69,69,1651,2800,0.480118,31,11.0277,0,0,4662,363390686336
41.0397,24.3667,7.03884,12.9388,69,69,69,1651,2800,0.480118,31,11.0277,0,0,4662,363415055317
39.5424,25.2893,7.03884,12.9388,69,69,69,1651,2800,0.480118,31,11.0277,0,0,4662,363440348013
37.3403,26.7807,7.03884,12.9388,69,69,69,1651,2800,0.480118,31,11.0277,0,0,4662,363467126414
38.6735,25.8575,7.03884,12.9388,69,69,69,1651,2800,0.480118,31,11.0277,0,0,4662,363492989936
37.5709,26.6163,7.03884,12.9388,69,69,69,1651,2800,0.480118,31,11.0277,0,0,4662,363519609049
37.3935,26.7426,7.03884,12.9388,69,69,69,1651,2800,0.480118,31,11.0277,0,0,4662,363546350670
44.0674,22.6925,7.03884,12.9388,69,69,69,1651,2800,0.480118,31,11.0277,0,0,4662,363569045416
34.6687,28.8445,7.03884,12.9388,69,69,69,1651,2800,0.480118,31,11.0277,0,0,4662,363597892038
39.5804,25.265,7.03884,12.9388,69,69,69,1651,2800,0.480118,31,11.0277,0,0,4662,363623162773
39.7619,25.1497,7.03884,12.9388,69,69,69,1651,2800,0.480118,31,11.0277,0,0,4662,363648309877
38.7695,25.7935,7.03884,12.9388,69,69,69,1651,2800,0.480118,31,11.0277,0,0,4662,363674109219
37.1607,26.9102,7.03884,12.9388,69,69,69,1651,2800,0.480118,31,11.0277,0,0,4662,363701017031
42.1009,23.7525,7.03884,12.9388,69,69,69,1651,2800,0.480118,31,11.0277,0,0,4662,363724771716
38.8538,25.7375,7.03884,12.9388,69,69,69,1651,2800,0.480118,31,11.0277,0,0,4662,363750509052
38.571,25.9262,7.03884,12.9388,69,69,69,1651,2800,0.480118,31,11.0277,0,0,4662,363776444468
39.2595,25.4715,5.90406,13.7574,70,78,69,1842,2800,0.480118,19,11.0284,0,0,4636,363801909727
39.1752,25.5264,5.90406,13.7574,70,78,69,1842,2800,0.480118,19,11.0284,0,0,4636,363827441910
39.7203,25.176,5.90406,13.7574,70,78,69,1842,2800,0.480118,19,11.0284,0,0,4636,363852621836
34.7973,28.7379,5.90406,13.7574,70,78,69,1842,2800,0.480118,19,11.0284,0,0,4636,363881358202
43.7288,22.8682,5.90406,13.7574,70,78,69,1842,2800,0.480118,19,11.0284,0,0,4636,363904229717
34.6974,28.8206,5.90406,13.7574,70,78,69,1842,2800,0.480118,19,11.0284,0,0,4636,363933047976
42.4663,23.5481,5.90406,13.7574,70,78,69,1842,2800,0.480118,19,11.0284,0,0,4636,363956599932
35.682,28.0253,5.90406,13.7574,70,78,69,1842,2800,0.480118,19,11.0284,0,0,4636,363984628046
44.95,22.2469,5.90406,13.7574,70,78,69,1842,2800,0.480118,19,11.0284,0,0,4636,364006876929
34.6335,28.8738,5.90406,13.7574,70,78,69,1842,2800,0.480118,19,11.0284,0,0,4636,364035751152
42.4721,23.5449,5.90406,13.7574,70,78,69,1842,2800,0.480118,19,11.0284,0,0,4636,364059297488
36.5371,27.3695,5.90406,13.7574,70,78,69,1842,2800,0.480118,19,11.0284,0,0,4636,364086672422
41.2039,24.2695,5.90406,13.7574,70,78,69,1842,2800,0.480118,19,11.0284,0,0,4636,364110941156
38.3452,26.0789,5.90406,13.7574,70,78,69,1842,2800,0.480118,19,11.0284,0,0,4636,364137021693
38.572,25.9255,5.90406,13.7574,70,78,69,1842,2800,0.480118,19,11.0284,0,0,4636,364162949976
37.4099,26.7309,5.90406,13.7574,70,78,69,1842,2800,0.480118,19,11.0284,0,0,4636,364189682040
39.1684,25.5308,5.90406,13.7574,70,78,69,1842,2800,0.480118,19,11.0284,0,0,4636,364215211849
39.5192,25.3041,5.90406,13.7574,70,78,69,1842,2800,0.480118,19,11.0284,0,0,4636,364240520846
36.2145,27.6132,5.90406,13.7574,70,78,69,1842,2800,0.480118,19,11.0284,0,0,4636,364268136660
43.9824,22.7363,5.90406,13.7574,70,78,69,1842,2800,0.480118,19,11.0284,0,0,4636,364290883222
36.4181,27.4589,5.65111,15.7202,70,70,70,1858,2800,0.480118,21,11.0274,0,0,4638,364318331833
43.3654,23.0599,5.65111,15.7202,70,70,70,1858,2800,0.480118,21,11.0274,0,0,4638,364341396880
35.8768,27.8731,5.65111,15.7202,70,70,70,1858,2800,0.480118,21,11.0274,0,0,4638,364369270355
41.8244,23.9095,5.65111,15.7202,70,70,70,1858,2800,0.480118,21,11.0274,0,0,4638,364393182313
36.4061,27.4679,5.65111,15.7202,70,70,70,1858,2800,0.480118,21,11.0274,0,0,4638,364420651804
36.9478,27.0652,5.65111,15.7202,70,70,70,1858,2800,0.480118,21,11.0274,0,0,4638,364447719364
40.9953,24.393,5.65111,15.7202,70,70,70,1858,2800,0.480118,21,11.0274,0,0,4638,364472113993
36.5947,27.3264,5.65111,15.7202,70,70,70,1858,2800,0.480118,21,11.0274,0,0,4638,364499440517
35.9398,27.8243,5.65111,15.7202,70,70,70,1858,2800,0.480118,21,11.0274,0,0,4638,364527268848
39.4303,25.3612,5.65111,15.7202,70,70,70,1858,2800,0.480118,21,11.0274,0,0,4638,364552627988
9.03284,110.707,5.65111,15.7202,70,70,70,1858,2800,0.480118,21,11.0274,0,0,4638,364663335059
53.0948,18.8342,5.65111,15.7202,70,70,70,1858,2800,0.480118,21,11.0274,0,0,4638,364682170298
51.9433,19.2517,5.65111,15.7202,70,70,70,1858,2800,0.480118,21,11.0274,0,0,4638,364701422074
37.1553,26.9141,5.65111,15.7202,70,70,70,1858,2800,0.480118,21,11.0274,0,0,4638,364728336909
40.0505,24.9685,5.65111,15.7202,70,70,70,1858,2800,0.480118,21,11.0274,0,0,4638,364753306322
38.8924,25.712,5.65111,15.7202,70,70,70,1858,2800,0.480118,21,11.0274,0,0,4638,364779018762
41.4717,24.1128,5.65111,15.7202,70,70,70,1858,2800,0.480118,21,11.0274,0,0,4638,364803133689
37.2848,26.8206,10.0613,8.73605,69,67,69,800,2800,0.480118,30,11.0629,0,0,3930,364829953396
39.383,25.3917,10.0613,8.73605,69,67,69,800,2800,0.480118,30,11.0629,0,0,3930,364855345618
38.0942,26.2507,10.0613,8.73605,69,67,69,800,2800,0.480118,30,11.0629,0,0,3930,364881597425
38.6308,25.8861,10.0613,8.73605,69,67,69,800,2800,0.480118,30,11.0629,0,0,3930,364907483570
38.3387,26.0833,10.0613,8.73605,69,67,69,800,2800,0.480118,30,11.0629,0,0,3930,364933567533
39.5888,25.2597,10.0613,8.73605,69,67,69,800,2800,0.480118,30,11.0629,0,0,3930,364958827358
38.5785,25.9212,10.0613,8.73605,69,67,69,800,2800,0.480118,30,11.0629,0,0,3930,364984751874
38.9937,25.6451,10.0613,8.73605,69,67,69,800,2800,0.480118,30,11.0629,0,0,3930,365010397499
39.528,25.2986,10.0613,8.73605,69,67,69,800,2800,0.480118,30,11.0629,0,0,3930,365035696537
37.2743,26.8282,10.0613,8.73605,69,67,69,800,2800,0.480118,30,11.0629,0,0,3930,365062525312
40.6952,24.5729,10.0613,8.73605,69,67,69,800,2800,0.480118,30,11.0629,0,0,3930,365087098625
38.2734,26.1278,10.0613,8.73605,69,67,69,800,2800,0.480118,30,11.0629,0,0,3930,365113227462
39.3505,25.4126,10.0613,8.73605,69,67,69,800,2800,0.480118,30,11.0629,0,0,3930,365138640824
39.4639,25.3396,10.0613,8.73605,69,67,69,800,2800,0.480118,30,11.0629,0,0,3930,365163981600
37.0299,27.0052,10.0613,8.73605,69,67,69,800,2800,0.480118,30,11.0629,0,0,3930,365190987555
40.835,24.4888,10.0613,8.73605,69,67,69,800,2800,0.480118,30,11.0629,0,0,3930,365215476430
24.0083,41.6523,10.0613,8.73605,69,67,69,800,2800,0.480118,30,11.0629,0,0,3930,365257129674
18.3344,54.5422,10.0613,8.73605,69,67,69,800,2800,0.480118,30,11.0629,0,0,3930,365311674931
22.3843,44.6742,3.94575,15.1249,66,70,66,800,2800,0.480118,14,11.0742,0,0,4590,365356347623
33.6803,29.6909,3.94575,15.1249,66,70,66,800,2800,0.480118,14,11.0742,0,0,4590,365386039623
35.6013,28.0888,3.94575,15.1249,66,70,66,800,2800,0.480118,14,11.0742,0,0,4590,365414128951
35.4185,28.2339,3.94575,15.1249,66,70,66,800,2800,0.480118,14,11.0742,0,0,4590,365442363481
36.0524,27.7374,3.94575,15.1249,66,70,66,800,2800,0.480118,14,11.0742,0,0,4590,365470101593
35.6943,28.0157,3.94575,15.1249,66,70,66,800,2800,0.480118,14,11.0742,0,0,4590,365498117454
20.561,48.6357,3.94575,15.1249,66,70,66,800,2800,0.480118,14,11.0742,0,0,4590,365546754328
25.1091,39.8262,3.94575,15.1249,66,70,66,800,2800,0.480118,14,11.0742,0,0,4590,365586582154
26.936,37.125,3.94575,15.1249,66,70,66,800,2800,0.480118,14,11.0742,0,0,4590,365623707664
27.3577,36.5528,3.94575,15.1249,66,70,66,800,2800,0.480118,14,11.0742,0,0,4590,365660261286
25.5676,39.1119,3.94575,15.1249,66,70,66,800,2800,0.480118,14,11.0742,0,0,4590,365699373667
31.1751,32.0769,3.94575,15.1249,66,70,66,800,2800,0.480118,14,11.0742,0,0,4590,365731451452
10.4911,95.3191,3.94575,15.1249,66,70,66,800,2800,0.480118,14,11.0742,0,0,4590,365826773245
36.26,27.5786,7.70171,13.6313,57,78,64,800,2800,0.480118,16,11.1388,0,0,4642,365854350587
34.2805,29.1711,7.70171,13.6313,57,78,64,800,2800,0.480118,16,11.1388,0,0,4642,365883522587
36.1118,27.6918,7.70171,13.6313,57,78,64,800,2800,0.480118,16,11.1388,0,0,4642,365911215044
36.5215,27.3811,7.70171,13.6313,57,78,64,800,2800,0.480118,16,11.1388,0,0,4642,365938597091
35.5466,28.1321,7.70171,13.6313,57,78,64,800,2800,0.480118,16,11.1388,0,0,4642,365966729460
35.4334,28.222,7.70171,13.6313,57,78,64,800,2800,0.480118,16,11.1388,0,0,4642,365994952377
36.5526,27.3578,7.70171,13.6313,57,78,64,800,2800,0.480118,16,11.1388,0,0,4642,366022310861
34.5735,28.9239,7.70171,13.6313,57,78,64,800,2800,0.480118,16,11.1388,0,0,4642,366051237242
31.8938,31.3541,7.70171,13.6313,57,78,64,800,2800,0.480118,16,11.1388,0,0,4642,366082592317
11.2911,88.5657,7.70171,13.6313,57,78,64,800,2800,0.480118,16,11.1388,0,0,4642,366171157014
11.3059,88.4496,7.70171,13.6313,57,78,64,800,2800,0.480118,16,11.1388,0,0,4642,366259607839
26.2011,38.1663,7.70171,13.6313,57,78,64,800,2800,0.480118,16,11.1388,0,0,4642,366297775254
30.3311,32.9694,7.70171,13.6313,57,78,64,800,2800,0.480118,16,11.1388,0,0,4642,366330747991
30.4729,32.8161,8.9441,10.2143,50,67,64,800,2800,0.480118,19,11.1786,0,0,4637,366363563243
30.4033,32.8911,8.9441,10.2143,50,67,64,800,2800,0.480118,19,11.1786,0,0,4637,366396456651
32.8352,30.4552,8.9441,10.2143,50,67,64,800,2800,0.480118,19,11.1786,0,0,4637,366426912948
29.8835,33.4633,8.9441,10.2143,50,67,64,800,2800,0.480118,19,11.1786,0,0,4637,366460378485
30.0267,33.3037,8.9441,10.2143,50,67,64,800,2800,0.480118,19,11.1786,0,0,4637,366493683822
31.7993,31.4473,8.9441,10.2143,50,67,64,800,2800,0.480118,19,11.1786,0,0,4637,366525132022
28.4735,35.1204,8.9441,10.2143,50,67,64,800,2800,0.480118,19,11.1786,0,0,4637,366560253821
30.4139,32.8798,8.9441,10.2143,50,67,64,800,2800,0.480118,19,11.1786,0,0,4637,366593135156
26.6627,37.5056,8.9441,10.2143,50,67,64,800,2800,0.480118,19,11.1786,0,0,4637,366630640135
29.5109,33.8858,8.9441,10.2143,50,67,64,800,2800,0.480118,19,11.1786,0,0,4637,366664528040
29.5952,33.7892,8.9441,10.2143,50,67,64,800,2800,0.480118,19,11.1786,0,0,4637,366698319034
30.2522,33.0554,8.9441,10.2143,50,67,64,800,2800,0.480118,19,11.1786,0,0,4637,366731375377
28.1347,35.5433,8.9441,10.2143,50,67,64,800,2800,0.480118,19,11.1786,0,0,4637,366766919494
30.4106,32.8832,8.9441,10.2143,50,67,64,800,2800,0.480118,19,11.1786,0,0,4637,366799803355
31.7,31.5457,8.9441,10.2143,50,67,64,800,2800,0.480118,19,11.1786,0,0,4637,366831353184
33.0504,30.2568,13.2832,14.9381,48,77,66,1941,2800,0.480118,21,11.1779,0,0,4615,366861608566
29.5381,33.8546,13.2832,14.9381,48,77,66,1941,2800,0.480118,21,11.1779,0,0,4615,366895464131
30.7481,32.5223,13.2832,14.9381,48,77,66,1941,2800,0.480118,21,11.1779,0,0,4615,366927987989
29.2773,34.1561,13.2832,14.9381,48,77,66,1941,2800,0.480118,21,11.1779,0,0,4615,366962144566
31.2995,31.9494,13.2832,14.9381,48,77,66,1941,2800,0.480118,21,11.1779,0,0,4615,366994098550
30.6613,32.6144,13.2832,14.9381,48,77,66,1941,2800,0.480118,21,11.1779,0,0,4615,367026712627
33.8782,29.5175,13.2832,14.9381,48,77,66,1941,2800,0.480118,21,11.1779,0,0,4615,367056234760
37.111,26.9462,13.2832,14.9381,48,77,66,1941,2800,0.480118,21,11.1779,0,0,4615,367083182486
32.076,31.176,13.2832,14.9381,48,77,66,1941,2800,0.480118,21,11.1779,0,0,4615,367114360051
29.6241,33.7563,13.2832,14.9381,48,77,66,1941,2800,0.480118,21,11.1779,0,0,4615,367148117131
31.917,31.3313,13.2832,14.9381,48,77,66,1941,2800,0.480118,21,11.1779,0,0,4615,367179449365
32.4678,30.7997,13.2832,14.9381,48,77,66,1941,2800,0.480118,21,11.1779,0,0,4615,367210251488
34.2149,29.227,13.2832,14.9381,48,77,66,1941,2800,0.480118,21,11.1779,0,0,4615,367239480404
36.0599,27.7316,13.2832,14.9381,48,77,66,1941,2800,0.480118,21,11.1779,0,0,4615,367267212415
34.6383,28.8698,13.2832,14.9381,48,77,66,1941,2800,0.480118,21,11.1779,0,0,4615,367296083813
32.1012,31.1514,13.2832,14.9381,48,77,66,1941,2800,0.480118,21,11.1779,0,0,4615,367327237092
32.8944,30.4003,13.2832,14.9381,48,77,66,1941,2800,0.480118,21,11.1779,0,0,4615,367357642975
37.7774,26.4709,8.8968,15.1072,56,74,74,2600,2800,0.480118,29,11.1862,0,0,4605,367384109714
32.7344,30.5489,8.8968,15.1072,56,74,74,2600,2800,0.480118,29,11.1862,0,0,4605,367414660107
33.5661,29.792,8.8968,15.1072,56,74,74,2600,2800,0.480118,29,11.1862,0,0,4605,367444452896
31.6257,31.6198,8.8968,15.1072,56,74,74,2600,2800,0.480118,29,11.1862,0,0,4605,367476074900
33.4744,29.8736,8.8968,15.1072,56,74,74,2600,2800,0.480118,29,11.1862,0,0,4605,367505949271
29.5814,33.805,8.8968,15.1072,56,74,74,2600,2800,0.480118,29,11.1862,0,0,4605,367539755614
32.3012,30.9586,8.8968,15.1072,56,74,74,2600,2800,0.480118,29,11.1862,0,0,4605,367570716093
28.7018,34.841,8.8968,15.1072,56,74,74,2600,2800,0.480118,29,11.1862,0,0,4605,367605557699
34.1852,29.2524,8.8968,15.1072,56,74,74,2600,2800,0.480118,29,11.1862,0,0,4605,367634811621
30.2827,33.0221,8.8968,15.1072,56,74,74,2600,2800,0.480118,29,11.1862,0,0,4605,367667834611
27.9873,35.7305,8.8968,15.1072,56,74,74,2600,2800,0.480118,29,11.1862,0,0,4605,367703569385
25.6872,38.9299,8.8968,15.1072,56,74,74,2600,2800,0.480118,29,11.1862,0,0,4605,367742496870
29.223,34.2196,8.8968,15.1072,56,74,74,2600,2800,0.480118,29,11.1862,0,0,4605,367776717536
34.9802,28.5876,8.8968,15.1072,56,74,74,2600,2800,0.480118,29,11.1862,0,0,4605,367805306607
34.0929,29.3316,8.8968,15.1072,56,74,74,2600,2800,0.480118,29,11.1862,0,0,4605,367834640088
32.8486,30.4427,8.8968,15.1072,56,74,74,2600,2800,0.480118,29,11.1862,0,0,4605,367865086397
31.6493,31.5963,8.99015,15.0086,63,79,78,2590,2800,0.480118,29,11.1796,0,0,4593,367896681191
31.9976,31.2523,8.99015,15.0086,63,79,78,2590,2800,0.480118,29,11.1796,0,0,4593,367927935328
34.4654,29.0146,8.99015,15.0086,63,79,78,2590,2800,0.480118,29,11.1796,0,0,4593,367956954001
34.7118,28.8086,8.99015,15.0086,63,79,78,2590,2800,0.480118,29,11.1796,0,0,4593,367985761650
33.5708,29.7878,8.99015,15.0086,63,79,78,2590,2800,0.480118,29,11.1796,0,0,4593,368015551874
31.1081,32.146,8.99015,15.0086,63,79,78,2590,2800,0.480118,29,11.1796,0,0,4593,368047698388
33.5077,29.8439,8.99015,15.0086,63,79,78,2590,2800,0.480118,29,11.1796,0,0,4593,368077543855
32.3391,30.9223,8.99015,15.0086,63,79,78,2590,2800,0.480118,29,11.1796,0,0,4593,368108470611
33.6133,29.7501,8.99015,15.0086,63,79,78,2590,2800,0.480118,29,11.1796,0,0,4593,368138219548
32.8785,30.415,8.99015,15.0086,63,79,78,2590,2800,0.480118,29,11.1796,0,0,4593,368168636392
33.886,29.5107,8.99015,15.0086,63,79,78,2590,2800,0.480118,29,11.1796,0,0,4593,368198148076
32.1968,31.059,8.99015,15.0086,63,79,78,2590,2800,0.480118,29,11.1796,0,0,4593,368229208090
33.397,29.9428,8.99015,15.0086,63,79,78,2590,2800,0.480118,29,11.1796,0,0,4593,368259151781
35.7989,27.9338,8.99015,15.0086,63,79,78,2590,2800,0.480118,29,11.1796,0,0,4593,368287087853
31.593,31.6525,8.99015,15.0086,63,79,78,2590,2800,0.480118,29,11.1796,0,0,4593,368318740735
32.4358,30.8302,8.99015,15.0086,63,79,78,2590,2800,0.480118,29,11.1796,0,0,4593,368349573515
31.8398,31.4073,8.99015,15.0086,63,79,78,2590,2800,0.480118,29,11.1796,0,0,4593,368380985668
34.1566,29.2769,8.6165,12.1976,68,70,77,2591,2800,0.480118,31,11.1796,0,0,4604,368410260830
33.6328,29.7329,8.6165,12.1976,68,70,77,2591,2800,0.480118,31,11.1796,0,0,4604,368439995280
33.7792,29.604,8.6165,12.1976,68,70,77,2591,2800,0.480118,31,11.1796,0,0,4604,368469600538
32.6374,30.6397,8.6165,12.1976,68,70,77,2591,2800,0.480118,31,11.1796,0,0,4604,368500240889
31.0141,32.2434,8.6165,12.1976,68,70,77,2591,2800,0.480118,31,11.1796,0,0,4604,368532485155
30.3015,33.0017,8.6165,12.1976,68,70,77,2591,2800,0.480118,31,11.1796,0,0,4604,368565487076
33.031,30.2746,8.6165,12.1976,68,70,77,2591,2800,0.480118,31,11.1796,0,0,4604,368595764309
32.348,30.9138,8.6165,12.1976,68,70,77,2591,2800,0.480118,31,11.1796,0,0,4604,368626678312
30.7565,32.5135,8.6165,12.1976,68,70,77,2591,2800,0.480118,31,11.1796,0,0,4604,368659194215
31.8566,31.3907,8.6165,12.1976,68,70,77,2591,2800,0.480118,31,11.1796,0,0,4604,368690585929
30.9806,32.2783,8.6165,12.1976,68,70,77,2591,2800,0.480118,31,11.1796,0,0,4604,368722865491
32.8178,30.4712,8.6165,12.1976,68,70,77,2591,2800,0.480118,31,11.1796,0,0,4604,368753338981
29.7184,33.6492,8.6165,12.1976,68,70,77,2591,2800,0.480118,31,11.1796,0,0,4604,368786988581
30.4956,32.7916,8.6165,12.1976,68,70,77,2591,2800,0.480118,31,11.1796,0,0,4604,368819781912
23.7313,42.1384,8.6165,12.1976,68,70,77,2591,2800,0.480118,31,11.1796,0,0,4604,368861922316
30.8433,32.4219,8.6165,12.1976,68,70,77,2591,2800,0.480118,31,11.1796,0,0,4604,368894347410
33.9879,29.4222,12.4847,14.0338,71,71,78,2599,2800,0.480118,29,11.1812,0,0,5108,368923768755
33.1175,30.1955,12.4847,14.0338,71,71,78,2599,2800,0.480118,29,11.1812,0,0,5108,368953965518
31.2986,31.9503,12.4847,14.0338,71,71,78,2599,2800,0.480118,29,11.1812,0,0,5108,368985916857
32.541,30.7305,12.4847,14.0338,71,71,78,2599,2800,0.480118,29,11.1812,0,0,5108,369016648268
33.8549,29.5378,12.4847,14.0338,71,71,78,2599,2800,0.480118,29,11.1812,0,0,5108,369046189097
36.4658,27.4229,12.4847,14.0338,71,71,78,2599,2800,0.480118,29,11.1812,0,0,5108,369073613012
32.4502,30.8164,12.4847,14.0338,71,71,78,2599,2800,0.480118,29,11.1812,0,0,5108,369104430614
32.2022,31.0538,12.4847,14.0338,71,71,78,2599,2800,0.480118,29,11.1812,0,0,5108,369135488265
31.5517,31.694,12.4847,14.0338,71,71,78,2599,2800,0.480118,29,11.1812,0,0,5108,369167182504
34.3769,29.0893,12.4847,14.0338,71,71,78,2599,2800,0.480118,29,11.1812,0,0,5108,369196272380
36.9939,27.0315,12.4847,14.0338,71,71,78,2599,2800,0.480118,29,11.1812,0,0,5108,369223308642
33.5162,29.8363,12.4847,14.0338,71,71,78,2599,2800,0.480118,29,11.1812,0,0,5108,369253145633
31.5252,31.7206,12.4847,14.0338,71,71,78,2599,2800,0.480118,29,11.1812,0,0,5108,369284867634
34.0824,29.3407,12.4847,14.0338,71,71,78,2599,2800,0.480118,29,11.1812,0,0,5108,369314209481
33.8511,29.5411,12.4847,14.0338,71,71,78,2599,2800,0.480118,29,11.1812,0,0,5108,369343753205
33.4277,29.9153,12.4847,14.0338,71,71,78,2599,2800,0.480118,29,11.1812,0,0,5108,369373669103
32.8301,30.4598,12.4847,14.0338,71,71,78,2599,2800,0.480118,29,11.1812,0,0,5108,369404133917
32.6659,30.6129,8.23096,11.2807,74,70,78,2310,2800,0.480118,33,11.1812,0,0,4626,369434744372
33.5339,29.8206,8.23096,11.2807,74,70,78,2310,2800,0.480118,33,11.1812,0,0,4626,369464566496
36.3097,27.5408,8.23096,11.2807,74,70,78,2310,2800,0.480118,33,11.1812,0,0,4626,369492108371
31.6877,31.558,8.23096,11.2807,74,70,78,2310,2800,0.480118,33,11.1812,0,0,4626,369523667268
34.7711,28.7595,8.23096,11.2807,74,70,78,2310,2800,0.480118,33,11.1812,0,0,4626,369552428220
30.5727,32.709,8.23096,11.2807,74,70,78,2310,2800,0.480118,33,11.1812,0,0,4626,369585137765
34.0403,29.3769,8.23096,11.2807,74,70,78,2310,2800,0.480118,33,11.1812,0,0,4626,369614516450
35.0335,28.5441,8.23096,11.2807,74,70,78,2310,2800,0.480118,33,11.1812,0,0,4626,369643060908
33.3007,30.0294,8.23096,11.2807,74,70,78,2310,2800,0.480118,33,11.1812,0,0,4626,369673091531
29.7772,33.5828,8.23096,11.2807,74,70,78,2310,2800,0.480118,33,11.1812,0,0,4626,369706675809
32.312,30.9482,8.23096,11.2807,74,70,78,2310,2800,0.480118,33,11.1812,0,0,4626,369737624917
31.915,31.3332,8.23096,11.2807,74,70,78,2310,2800,0.480118,33,11.1812,0,0,4626,369768959915
34.096,29.329,8.23096,11.2807,74,70,78,2310,2800,0.480118,33,11.1812,0,0,4626,369798290160
37.3801,26.7522,8.23096,11.2807,74,70,78,2310,2800,0.480118,33,11.1812,0,0,4626,369825043463
31.8986,31.3494,8.23096,11.2807,74,70,78,2310,2800,0.480118,33,11.1812,0,0,4626,369856393790
30.6578,32.6182,8.23096,11.2807,74,70,78,2310,2800,0.480118,33,11.1812,0,0,4626,369889013998
35.4828,28.1827,8.23096,11.2807,74,70,78,2310,2800,0.480118,33,11.1812,0,0,4626,369917202061
35.8356,27.9052,7.84314,11.8323,76,79,79,2598,2800,0.480118,29,11.1792,0,0,4610,369945102967
32.4571,30.8099,7.84314,11.8323,76,79,79,2598,2800,0.480118,29,11.1792,0,0,4610,369975914638
33.407,29.9339,7.84314,11.8323,76,79,79,2598,2800,0.480118,29,11.1792,0,0,4610,370005849342
32.4357,30.8302,7.84314,11.8323,76,79,79,2598,2800,0.480118,29,11.1792,0,0,4610,370036681591
32.137,31.1168,7.84314,11.8323,76,79,79,2598,2800,0.480118,29,11.1792,0,0,4610,370067799625
33.4468,29.8982,7.84314,11.8323,76,79,79,2598,2800,0.480118,29,11.1792,0,0,4610,370097697499
35.0757,28.5098,7.84314,11.8323,76,79,79,2598,2800,0.480118,29,11.1792,0,0,4610,370126208896
33.2877,30.0411,7.84314,11.8323,76,79,79,2598,2800,0.480118,29,11.1792,0,0,4610,370156251431
32.2769,30.9819,7.84314,11.8323,76,79,79,2598,2800,0.480118,29,11.1792,0,0,4610,370187234241
32.8649,30.4276,7.84314,11.8323,76,79,79,2598,2800,0.480118,29,11.1792,0,0,4610,370217663619
34.2652,29.1841,7.84314,11.8323,76,79,79,2598,2800,0.480118,29,11.1792,0,0,4610,370246850165
33.4934,29.8566,7.84314,11.8323,76,79,79,2598,2800,0.480118,29,11.1792,0,0,4610,370276707274
32.9242,30.3728,7.84314,11.8323,76,79,79,2598,2800,0.480118,29,11.1792,0,0,4610,370307080877
32.5905,30.6838,7.84314,11.8323,76,79,79,2598,2800,0.480118,29,11.1792,0,0,4610,370337766764
34.7159,28.8052,7.84314,11.8323,76,79,79,2598,2800,0.480118,29,11.1792,0,0,4610,370366572600
35.3248,28.3087,7.84314,11.8323,76,79,79,2598,2800,0.480118,29,11.1792,0,0,4610,370394882910
31.8641,31.3833,7.84314,11.8323,76,79,79,2598,2800,0.480118,29,11.1792,0,0,4610,370426270457
32.1689,31.0859,8.00493,13.4384,77,70,79,2600,2800,0.480118,26,11.1786,0,0,4605,370457353535
33.9107,29.4892,8.00493,13.4384,77,70,79,2600,2800,0.480118,26,11.1786,0,0,4605,370486844019
33.7237,29.6527,8.00493,13.4384,77,70,79,2600,2800,0.480118,26,11.1786,0,0,4605,370516500423
33.4192,29.9229,8.00493,13.4384,77,70,79,2600,2800,0.480118,26,11.1786,0,0,4605,370546422573
31.4756,31.7707,8.00493,13.4384,77,70,79,2600,2800,0.480118,26,11.1786,0,0,4605,370578194637
30.6443,32.6325,8.00493,13.4384,77,70,79,2600,2800,0.480118,26,11.1786,0,0,4605,370610828802
30.287,33.0175,8.00493,13.4384,77,70,79,2600,2800,0.480118,26,11.1786,0,0,4605,370643846321
31.7058,31.54,8.00493,13.4384,77,70,79,2600,2800,0.480118,26,11.1786,0,0,4605,370675387805
31.5315,31.7143,8.00493,13.4384,77,70,79,2600,2800,0.480118,26,11.1786,0,0,4605,370707104356
31.568,31.6776,8.00493,13.4384,77,70,79,2600,2800,0.480118,26,11.1786,0,0,4605,370738782094
31.7885,31.4579,8.00493,13.4384,77,70,79,2600,2800,0.480118,26,11.1786,0,0,4605,370770241946
32.4409,30.8253,8.00493,13.4384,77,70,79,2600,2800,0.480118,26,11.1786,0,0,4605,370801066992
34.1633,29.2712,8.00493,13.4384,77,70,79,2600,2800,0.480118,26,11.1786,0,0,4605,370830339589
33.3146,30.0168,8.00493,13.4384,77,70,79,2600,2800,0.480118,26,11.1786,0,0,4605,370860360374
31.7106,31.5352,8.00493,13.4384,77,70,79,2600,2800,0.480118,26,11.1786,0,0,4605,370891893642
35.4567,28.2034,8.00493,13.4384,77,70,79,2600,2800,0.480118,26,11.1786,0,0,4605,370920098646
36.224,27.606,8.00493,13.4384,77,70,79,2600,2800,0.480118,26,11.1786,0,0,4605,370947709361
31.9021,31.3459,11.9565,13.352,79,70,78,800,2800,0.480118,32,11.183,0,0,4614,370979052564
33.4682,29.8791,11.9565,13.352,79,70,78,800,2800,0.480118,32,11.183,0,0,4614,371008932586
32.2131,31.0432,11.9565,13.352,79,70,78,800,2800,0.480118,32,11.183,0,0,4614,371039977352
33.0642,30.2442,11.9565,13.352,79,70,78,800,2800,0.480118,32,11.183,0,0,4614,371070222666
36.085,27.7124,11.9565,13.352,79,70,78,800,2800,0.480118,32,11.183,0,0,4614,371097936252
33.5754,29.7837,11.9565,13.352,79,70,78,800,2800,0.480118,32,11.183,0,0,4614,371127721607
32.0721,31.1798,11.9565,13.352,79,70,78,800,2800,0.480118,32,11.183,0,0,4614,371158902738
32.4135,30.8514,11.9565,13.352,79,70,78,800,2800,0.480118,32,11.183,0,0,4614,371189755035
35.1069,28.4844,11.9565,13.352,79,70,78,800,2800,0.480118,32,11.183,0,0,4614,371218240413
34.0737,29.3481,11.9565,13.352,79,70,78,800,2800,0.480118,32,11.183,0,0,4614,371247590054
32.3301,30.9309,11.9565,13.352,79,70,78,800,2800,0.480118,32,11.183,0,0,4614,371278520527
31.1196,32.1341,11.9565,13.352,79,70,78,800,2800,0.480118,32,11.183,0,0,4614,371310658174
19.1922,52.1046,11.9565,13.352,79,70,78,800,2800,0.480118,32,11.183,0,0,4614,371362763805
10.2953,97.1321,11.9565,13.352,79,70,78,800,2800,0.480118,32,11.183,0,0,4614,371459897021
21.198,47.1742,7.73956,12.4611,79,79,77,816,2800,0.480118,26,11.1811,0,0,4639,371507070643
23.0318,43.4182,7.73956,12.4611,79,79,77,816,2800,0.480118,26,11.1811,0,0,4639,371550489283
22.3626,44.7175,7.73956,12.4611,79,79,77,816,2800,0.480118,26,11.1811,0,0,4639,371595208082
28.4494,35.1501,7.73956,12.4611,79,79,77,816,2800,0.480118,26,11.1811,0,0,4639,371630360247
28.8798,34.6263,7.73956,12.4611,79,79,77,816,2800,0.480118,26,11.1811,0,0,4639,371664988946
31.3156,31.933,7.73956,12.4611,79,79,77,816,2800,0.480118,26,11.1811,0,0,4639,371696922882
34.7533,28.7742,7.73956,12.4611,79,79,77,816,2800,0.480118,26,11.1811,0,0,4639,371725698912
36.4891,27.4054,7.73956,12.4611,79,79,77,816,2800,0.480118,26,11.1811,0,0,4639,371753105185
33.7581,29.6225,7.73956,12.4611,79,79,77,816,2800,0.480118,26,11.1811,0,0,4639,371782730010
30.9762,32.2829,7.73956,12.4611,79,79,77,816,2800,0.480118,26,11.1811,0,0,4639,371815013029
34.1196,29.3087,7.73956,12.4611,79,79,77,816,2800,0.480118,26,11.1811,0,0,4639,371844323146
34.8579,28.6879,7.73956,12.4611,79,79,77,816,2800,0.480118,26,11.1811,0,0,4639,371873012805
33.3001,30.0299,7.73956,12.4611,79,79,77,816,2800,0.480118,26,11.1811,0,0,4639,371903043388
32.0635,31.1881,7.73956,12.4611,79,79,77,816,2800,0.480118,26,11.1811,0,0,4639,371934233005
33.4359,29.908,7.73956,12.4611,79,79,77,816,2800,0.480118,26,11.1811,0,0,4639,371964146919
34.1071,29.3194,7.10723,13.634,76,72,72,2600,2800,0.480118,24,11.1707,0,0,4624,371993463579
36.0045,27.7743,7.10723,13.634,76,72,72,2600,2800,0.480118,24,11.1707,0,0,4624,372021239772
31.2012,32.05,7.10723,13.634,76,72,72,2600,2800,0.480118,24,11.1707,0,0,4624,372053290858
31.7184,31.5274,7.10723,13.634,76,72,72,2600,2800,0.480118,24,11.1707,0,0,4624,372084818967
32.5695,30.7036,7.10723,13.634,76,72,72,2600,2800,0.480118,24,11.1707,0,0,4624,372115525011
34.0568,29.3627,7.10723,13.634,76,72,72,2600,2800,0.480118,24,11.1707,0,0,4624,372144888468
33.6615,29.7076,7.10723,13.634,76,72,72,2600,2800,0.480118,24,11.1707,0,0,4624,372174596598
31.2261,32.0245,7.10723,13.634,76,72,72,2600,2800,0.480118,24,11.1707,0,0,4624,372206623258
32.5131,30.7568,7.10723,13.634,76,72,72,2600,2800,0.480118,24,11.1707,0,0,4624,372237380197
31.4081,31.839,7.10723,13.634,76,72,72,2600,2800,0.480118,24,11.1707,0,0,4624,372269221651
33.7332,29.6444,7.10723,13.634,76,72,72,2600,2800,0.480118,24,11.1707,0,0,4624,372298866914
34.0135,29.4001,7.10723,13.634,76,72,72,2600,2800,0.480118,24,11.1707,0,0,4624,372328268062
34.8846,28.666,7.10723,13.634,76,72,72,2600,2800,0.480118,24,11.1707,0,0,4624,372356935930
34.594,28.9068,7.10723,13.634,76,72,72,2600,2800,0.480118,24,11.1707,0,0,4624,372385843927
31.6969,31.5488,7.10723,13.634,76,72,72,2600,2800,0.480118,24,11.1707,0,0,4624,372417393496
33.9011,29.4976,7.10723,13.634,76,72,72,2600,2800,0.480118,24,11.1707,0,0,4624,372446891404
34.6748,28.8394,7.10723,13.634,76,72,72,2600,2800,0.480118,24,11.1707,0,0,4624,372475736823
30.3145,32.9875,7.77778,11.8535,77,69,79,2217,2800,0.480118,33,11.1724,0,0,4599,372508720811
31.4971,31.749,7.77778,11.8535,77,69,79,2217,2800,0.480118,33,11.1724,0,0,4599,372540472016
31.107,32.1471,7.77778,11.8535,77,69,79,2217,2800,0.480118,33,11.1724,0,0,4599,372572620273
30.0523,33.2753,7.77778,11.8535,77,69,79,2217,2800,0.480118,33,11.1724,0,0,4599,372605897097
32.9701,30.3305,7.77778,11.8535,77,69,79,2217,2800,0.480118,33,11.1724,0,0,4599,372636228872
31.6513,31.5943,7.77778,11.8535,77,69,79,2217,2800,0.480118,33,11.1724,0,0,4599,372667823455
31.616,31.6295,7.77778,11.8535,77,69,79,2217,2800,0.480118,33,11.1724,0,0,4599,372699455638
35.8388,27.9027,7.77778,11.8535,77,69,79,2217,2800,0.480118,33,11.1724,0,0,4599,372727358969
32.4123,30.8524,7.77778,11.8535,77,69,79,2217,2800,0.480118,33,11.1724,0,0,4599,372758212398
30.815,32.4518,7.77778,11.8535,77,69,79,2217,2800,0.480118,33,11.1724,0,0,4599,372790664963
30.0891,33.2347,7.77778,11.8535,77,69,79,2217,2800,0.480118,33,11.1724,0,0,4599,372823900791
33.1628,30.1543,7.77778,11.8535,77,69,79,2217,2800,0.480118,33,11.1724,0,0,4599,372854057639
30.228,33.0819,7.77778,11.8535,77,69,79,2217,2800,0.480118,33,11.1724,0,0,4599,372887138758
30.3723,32.9248,7.77778,11.8535,77,69,79,2217,2800,0.480118,33,11.1724,0,0,4599,372920065418
33.9086,29.4911,7.77778,11.8535,77,69,79,2217,2800,0.480118,33,11.1724,0,0,4599,372949559439
34.2444,29.2018,7.77778,11.8535,77,69,79,2217,2800,0.480118,33,11.1724,0,0,4599,372978763869
34.3169,29.1402,12.2653,13.2948,78,70,78,2433,2800,0.480118,30,11.1524,0,0,4607,373007902095
31.4093,31.8377,12.2653,13.2948,78,70,78,2433,2800,0.480118,30,11.1524,0,0,4607,373039741966
34.2503,29.1968,12.2653,13.2948,78,70,78,2433,2800,0.480118,30,11.1524,0,0,4607,373068940546
32.7799,30.5065,12.2653,13.2948,78,70,78,2433,2800,0.480118,30,11.1524,0,0,4607,373099448790
34.8763,28.6727,12.2653,13.2948,78,70,78,2433,2800,0.480118,30,11.1524,0,0,4607,373128120706
31.3085,31.9402,12.2653,13.2948,78,70,78,2433,2800,0.480118,30,11.1524,0,0,4607,373160061926
33.3269,30.0058,12.2653,13.2948,78,70,78,2433,2800,0.480118,30,11.1524,0,0,4607,373190068715
32.6254,30.651,12.2653,13.2948,78,70,78,2433,2800,0.480118,30,11.1524,0,0,4607,373220721910
32.7534,30.5312,12.2653,13.2948,78,70,78,2433,2800,0.480118,30,11.1524,0,0,4607,373251253127
34.4401,29.0359,12.2653,13.2948,78,70,78,2433,2800,0.480118,30,11.1524,0,0,4607,373280294012
33.9038,29.4953,12.2653,13.2948,78,70,78,2433,2800,0.480118,30,11.1524,0,0,4607,373309788223
32.5223,30.7482,12.2653,13.2948,78,70,78,2433,2800,0.480118,30,11.1524,0,0,4607,373340537778
31.0957,32.1587,12.2653,13.2948,78,70,78,2433,2800,0.480118,30,11.1524,0,0,4607,373372697216
33.8996,29.4988,12.2653,13.2948,78,70,78,2433,2800,0.480118,30,11.1524,0,0,4607,373402197348
36.4908,27.4042,12.2653,13.2948,78,70,78,2433,2800,0.480118,30,11.1524,0,0,4607,373429603200
32.9208,30.3759,12.2653,13.2948,78,70,78,2433,2800,0.480118,30,11.1524,0,0,4607,373459979328
32.1428,31.1112,12.2653,13.2948,78,70,78,2433,2800,0.480118,30,11.1524,0,0,4607,373491096339
31.6523,31.5933,7.63547,15.3307,79,79,79,2316,2800,0.480118,29,11.1522,0,0,4614,373522686644
35.4087,28.2416,7.63547,15.3307,79,79,79,2316,2800,0.480118,29,11.1522,0,0,4614,373550929780
35.47,28.1928,7.63547,15.3307,79,79,79,2316,2800,0.480118,29,11.1522,0,0,4614,373579123392
32.6432,30.6343,7.63547,15.3307,79,79,79,2316,2800,0.480118,29,11.1522,0,0,4614,373609758554
32.2791,30.9798,7.63547,15.3307,79,79,79,2316,2800,0.480118,29,11.1522,0,0,4614,373640740593
34.3449,29.1164,7.63547,15.3307,79,79,79,2316,2800,0.480118,29,11.1522,0,0,4614,373669857720
33.415,29.9267,7.63547,15.3307,79,79,79,2316,2800,0.480118,29,11.1522,0,0,4614,373699784640
34.9474,28.6144,7.63547,15.3307,79,79,79,2316,2800,0.480118,29,11.1522,0,0,4614,373728400942
32.4772,30.7909,7.63547,15.3307,79,79,79,2316,2800,0.480118,29,11.1522,0,0,4614,373759193186
32.3812,30.8821,7.63547,15.3307,79,79,79,2316,2800,0.480118,29,11.1522,0,0,4614,373790077102
34.7375,28.7873,7.63547,15.3307,79,79,79,2316,2800,0.480118,29,11.1522,0,0,4614,373818865125
34.6954,28.8223,7.63547,15.3307,79,79,79,2316,2800,0.480118,29,11.1522,0,0,4614,373847689506
33.5482,29.8079,7.63547,15.3307,79,79,79,2316,2800,0.480118,29,11.1522,0,0,4614,373877498805
31.0826,32.1723,7.63547,15.3307,79,79,79,2316,2800,0.480118,29,11.1522,0,0,4614,373909672730
33.3467,29.988,7.63547,15.3307,79,79,79,2316,2800,0.480118,29,11.1522,0,0,4614,373939661294
33.6366,29.7295,7.63547,15.3307,79,79,79,2316,2800,0.480118,29,11.1522,0,0,4614,373969390714
36.2398,27.594,7.63547,15.3307,79,79,79,2316,2800,0.480118,29,11.1522,0,0,4614,373996990829
33.4165,29.9253,8.29208,10.8412,79,71,79,2585,2800,0.480118,29,11.1476,0,0,4603,374026915334
31.5537,31.692,8.29208,10.8412,79,71,79,2585,2800,0.480118,29,11.1476,0,0,4603,374058607910
35.6288,28.0672,8.29208,10.8412,79,71,79,2585,2800,0.480118,29,11.1476,0,0,4603,374086676419
34.6579,28.8534,8.29208,10.8412,79,71,79,2585,2800,0.480118,29,11.1476,0,0,4603,374115535885
33.7324,29.6451,8.29208,10.8412,79,71,79,2585,2800,0.480118,29,11.1476,0,0,4603,374145178393
32.0434,31.2077,8.29208,10.8412,79,71,79,2585,2800,0.480118,29,11.1476,0,0,4603,374176389630
33.5627,29.795,8.29208,10.8412,79,71,79,2585,2800,0.480118,29,11.1476,0,0,4603,374206185424
31.535,31.7108,8.29208,10.8412,79,71,79,2585,2800,0.480118,29,11.1476,0,0,4603,374237897126
33.9882,29.422,8.29208,10.8412,79,71,79,2585,2800,0.480118,29,11.1476,0,0,4603,374267320715
32.335,30.9262,8.29208,10.8412,79,71,79,2585,2800,0.480118,29,11.1476,0,0,4603,374298250076
34.791,28.7431,8.29208,10.8412,79,71,79,2585,2800,0.480118,29,11.1476,0,0,4603,374326992955
32.2599,30.9982,8.29208,10.8412,79,71,79,2585,2800,0.480118,29,11.1476,0,0,4603,374357991555
35.5969,28.0923,8.29208,10.8412,79,71,79,2585,2800,0.480118,29,11.1476,0,0,4603,374386085812
35.2208,28.3923,8.29208,10.8412,79,71,79,2585,2800,0.480118,29,11.1476,0,0,4603,374414479218
31.8794,31.3682,8.29208,10.8412,79,71,79,2585,2800,0.480118,29,11.1476,0,0,4603,374445850975
32.2703,30.9883,8.29208,10.8412,79,71,79,2585,2800,0.480118,29,11.1476,0,0,4603,374476839887
32.7018,30.5793,8.29208,10.8412,79,71,79,2585,2800,0.480118,29,11.1476,0,0,4603,374507422961
31.9939,31.256,9.05753,12.2376,79,71,78,2596,2800,0.480118,28,11.1464,0,0,4481,374538676047
34.528,28.962,9.05753,12.2376,79,71,78,2596,2800,0.480118,28,11.1464,0,0,4481,374567639767
32.5532,30.7189,9.05753,12.2376,79,71,78,2596,2800,0.480118,28,11.1464,0,0,4481,374598360298
31.5243,31.7216,9.05753,12.2376,79,71,78,2596,2800,0.480118,28,11.1464,0,0,4481,374630082880
30.5292,32.7556,9.05753,12.2376,79,71,78,2596,2800,0.480118,28,11.1464,0,0,4481,374662839413
32.2951,30.9644,9.05753,12.2376,79,71,78,2596,2800,0.480118,28,11.1464,0,0,4481,374693805021
33.4192,29.9229,9.05753,12.2376,79,71,78,2596,2800,0.480118,28,11.1464,0,0,4481,374723728775
33.8054,29.581,9.05753,12.2376,79,71,78,2596,2800,0.480118,28,11.1464,0,0,4481,374753312563
31.2222,32.0285,9.05753,12.2376,79,71,78,2596,2800,0.480118,28,11.1464,0,0,4481,374785346266
33.8121,29.5752,9.05753,12.2376,79,71,78,2596,2800,0.480118,28,11.1464,0,0,4481,374814920226
32.6436,30.6339,9.05753,12.2376,79,71,78,2596,2800,0.480118,28,11.1464,0,0,4481,374845555778
32.5036,30.7658,9.05753,12.2376,79,71,78,2596,2800,0.480118,28,11.1464,0,0,4481,374876322255
33.7238,29.6527,9.05753,12.2376,79,71,78,2596,2800,0.480118,28,11.1464,0,0,4481,374905975303
33.2947,30.0348,9.05753,12.2376,79,71,78,2596,2800,0.480118,28,11.1464,0,0,4481,374936012057
35.2034,28.4063,9.05753,12.2376,79,71,78,2596,2800,0.480118,28,11.1464,0,0,4481,374964419439
33.9143,29.4861,9.05753,12.2376,79,71,78,2596,2800,0.480118,28,11.1464,0,0,4481,374993906727
32.2757,30.9831,9.05753,12.2376,79,71,78,2596,2800,0.480118,28,11.1464,0,0,4481,375024894167
36.2647,27.575,12.2424,14.0151,80,71,78,2560,2800,0.480118,30,11.1588,0,0,4612,375052470918
34.0067,29.4059,12.2424,14.0151,80,71,78,2560,2800,0.480118,30,11.1588,0,0,4612,375081876303
33.1392,30.1758,12.2424,14.0151,80,71,78,2560,2800,0.480118,30,11.1588,0,0,4612,375112052738
32.6164,30.6594,12.2424,14.0151,80,71,78,2560,2800,0.480118,30,11.1588,0,0,4612,375142712926
32.3842,30.8792,12.2424,14.0151,80,71,78,2560,2800,0.480118,30,11.1588,0,0,4612,375173593967
35.9373,27.8262,12.2424,14.0151,80,71,78,2560,2800,0.480118,30,11.1588,0,0,4612,375201421556
32.524,30.7465,12.2424,14.0151,80,71,78,2560,2800,0.480118,30,11.1588,0,0,4612,375232168276
32.7019,30.5793,12.2424,14.0151,80,71,78,2560,2800,0.480118,30,11.1588,0,0,4612,375262749267
32.0335,31.2173,12.2424,14.0151,80,71,78,2560,2800,0.480118,30,11.1588,0,0,4612,375293969230
36.2004,27.624,12.2424,14.0151,80,71,78,2560,2800,0.480118,30,11.1588,0,0,4612,375321592498
33.6582,29.7104,12.2424,14.0151,80,71,78,2560,2800,0.480118,30,11.1588,0,0,4612,375351304917
32.6016,30.6734,12.2424,14.0151,80,71,78,2560,2800,0.480118,30,11.1588,0,0,4612,375381980133
33.1397,30.1753,12.2424,14.0151,80,71,78,2560,2800,0.480118,30,11.1588,0,0,4612,375412156899
32.1765,31.0786,12.2424,14.0151,80,71,78,2560,2800,0.480118,30,11.1588,0,0,4612,375443236961
16.1113,62.0683,12.2424,14.0151,80,71,78,2560,2800,0.480118,30,11.1588,0,0,4612,375505306486
29.3523,34.0689,12.2424,14.0151,80,71,78,2560,2800,0.480118,30,11.1588,0,0,4612,375539377704
30.2043,33.1078,8.16078,15.0574,80,79,80,800,2800,0.480118,33,11.1564,0,0,4646,375572484610
32.6386,30.6386,8.16078,15.0574,80,79,80,800,2800,0.480118,33,11.1564,0,0,4646,375603124170
33.2595,30.0666,8.16078,15.0574,80,79,80,800,2800,0.480118,33,11.1564,0,0,4646,375633193555
35.3014,28.3275,8.16078,15.0574,80,79,80,800,2800,0.480118,33,11.1564,0,0,4646,375661525827
30.565,32.7172,8.16078,15.0574,80,79,80,800,2800,0.480118,33,11.1564,0,0,4646,375694241002
35.1608,28.4408,8.16078,15.0574,80,79,80,800,2800,0.480118,33,11.1564,0,0,4646,375722682678
35.2033,28.4064,8.16078,15.0574,80,79,80,800,2800,0.480118,33,11.1564,0,0,4646,375751089790
32.3279,30.933,8.16078,15.0574,80,79,80,800,2800,0.480118,33,11.1564,0,0,4646,375782025282
32.1513,31.1029,8.16078,15.0574,80,79,80,800,2800,0.480118,33,11.1564,0,0,4646,375813129740
33.937,29.4663,8.16078,15.0574,80,79,80,800,2800,0.480118,33,11.1564,0,0,4646,375842597432
31.4779,31.7683,8.16078,15.0574,80,79,80,800,2800,0.480118,33,11.1564,0,0,4646,375874366621
35.8355,27.9053,8.16078,15.0574,80,79,80,800,2800,0.480118,33,11.1564,0,0,4646,375902273127
33.566,29.792,8.16078,15.0574,80,79,80,800,2800,0.480118,33,11.1564,0,0,4646,375932065996
31.5914,31.6542,8.16078,15.0574,80,79,80,800,2800,0.480118,33,11.1564,0,0,4646,375963721313
33.4645,29.8824,8.16078,15.0574,80,79,80,800,2800,0.480118,33,11.1564,0,0,4646,375993604680
36.238,27.5954,8.16078,15.0574,80,79,80,800,2800,0.480118,33,11.1564,0,0,4646,376021204414
33.6103,29.7528,8.16078,15.0574,80,79,80,800,2800,0.480118,33,11.1564,0,0,4646,376050958721
31.8806,31.367,7.73956,11.6018,78,71,76,2599,2800,0.480118,31,11.1549,0,0,4616,376082324357
32.0229,31.2277,7.73956,11.6018,78,71,76,2599,2800,0.480118,31,11.1549,0,0,4616,376113553527
33.386,29.9527,7.73956,11.6018,78,71,76,2599,2800,0.480118,31,11.1549,0,0,4616,376143506896
36.0967,27.7034,7.73956,11.6018,78,71,76,2599,2800,0.480118,31,11.1549,0,0,4616,376171211005
31.0994,32.1549,7.73956,11.6018,78,71,76,2599,2800,0.480118,31,11.1549,0,0,4616,376203367286
32.7554,30.5293,7.73956,11.6018,78,71,76,2599,2800,0.480118,31,11.1549,0,0,4616,376233898414
30.5725,32.7092,7.73956,11.6018,78,71,76,2599,2800,0.480118,31,11.1549,0,0,4616,376266608219
33.8679,29.5265,7.73956,11.6018,78,71,76,2599,2800,0.480118,31,11.1549,0,0,4616,376296137345
33.1072,30.2049,7.73956,11.6018,78,71,76,2599,2800,0.480118,31,11.1549,0,0,4616,376326341142
37.0515,26.9895,7.73956,11.6018,78,71,76,2599,2800,0.480118,31,11.1549,0,0,4616,376353332269
32.3027,30.9572,7.73956,11.6018,78,71,76,2599,2800,0.480118,31,11.1549,0,0,4616,376384290724
32.3495,30.9123,7.73956,11.6018,78,71,76,2599,2800,0.480118,31,11.1549,0,0,4616,376415204356
32.144,31.11,7.73956,11.6018,78,71,76,2599,2800,0.480118,31,11.1549,0,0,4616,376446316568
32.4662,30.8013,7.73956,11.6018,78,71,76,2599,2800,0.480118,31,11.1549,0,0,4616,376477118802
33.2663,30.0605,7.73956,11.6018,78,71,76,2599,2800,0.480118,31,11.1549,0,0,4616,376507180102
31.91,31.3382,7.73956,11.6018,78,71,76,2599,2800,0.480118,31,11.1549,0,0,4616,376538518366
32.1314,31.1222,7.73956,11.6018,78,71,76,2599,2800,0.480118,31,11.1549,0,0,4616,376569645767
31.2806,31.9687,9.81818,12.7919,79,71,79,2418,2800,0.480118,27,11.1581,0,0,4550,376601612414
31.0273,32.2297,9.81818,12.7919,79,71,79,2418,2800,0.480118,27,11.1581,0,0,4550,376633843035
31.4432,31.8034,9.81818,12.7919,79,71,79,2418,2800,0.480118,27,11.1581,0,0,4550,376665649424
31.0689,32.1865,9.81818,12.7919,79,71,79,2418,2800,0.480118,27,11.1581,0,0,4550,376697836403
32.0266,31.2241,9.81818,12.7919,79,71,79,2418,2800,0.480118,27,11.1581,0,0,4550,376729061706
32.71,30.5717,9.81818,12.7919,79,71,79,2418,2800,0.480118,27,11.1581,0,0,4550,376759633990
30.0469,33.2813,9.81818,12.7919,79,71,79,2418,2800,0.480118,27,11.1581,0,0,4550,376792917427
31.5898,31.6558,9.81818,12.7919,79,71,79,2418,2800,0.480118,27,11.1581,0,0,4550,376824575338
35.1342,28.4623,9.81818,12.7919,79,71,79,2418,2800,0.480118,27,11.1581,0,0,4550,376853038384
31.8792,31.3684,9.81818,12.7919,79,71,79,2418,2800,0.480118,27,11.1581,0,0,4550,376884407285
32.5014,30.7679,9.81818,12.7919,79,71,79,2418,2800,0.480118,27,11.1581,0,0,4550,376915175946
32.0991,31.1536,9.81818,12.7919,79,71,79,2418,2800,0.480118,27,11.1581,0,0,4550,376946331029
32.9363,30.3617,9.81818,12.7919,79,71,79,2418,2800,0.480118,27,11.1581,0,0,4550,376976693932
33.3507,29.9843,9.81818,12.7919,79,71,79,2418,2800,0.480118,27,11.1581,0,0,4550,377006677907
34.1322,29.2978,9.81818,12.7919,79,71,79,2418,2800,0.480118,27,11.1581,0,0,4550,377035977786
33.2473,30.0776,9.81818,12.7919,79,71,79,2418,2800,0.480118,27,11.1581,0,0,4550,377066057009
32.5364,30.7348,9.81818,12.7919,79,71,79,2418,2800,0.480118,27,11.1581,0,0,4550,377096798219
33.6814,29.69,11.2306,13.2419,79,71,78,2600,2800,0.480118,37,11.1575,0,0,4623,377126484619
35.4032,28.2461,11.2306,13.2419,79,71,78,2600,2800,0.480118,37,11.1575,0,0,4623,377154733695
33.5389,29.8162,11.2306,13.2419,79,71,78,2600,2800,0.480118,37,11.1575,0,0,4623,377184550699
32.577,30.6965,11.2306,13.2419,79,71,78,2600,2800,0.480118,37,11.1575,0,0,4623,377215246825
32.5667,30.7062,11.2306,13.2419,79,71,78,2600,2800,0.480118,37,11.1575,0,0,4623,377245955013
32.0803,31.1718,11.2306,13.2419,79,71,78,2600,2800,0.480118,37,11.1575,0,0,4623,377277129631
35.1535,28.4467,11.2306,13.2419,79,71,78,2600,2800,0.480118,37,11.1575,0,0,4623,377305582278
32.2903,30.969,11.2306,13.2419,79,71,78,2600,2800,0.480118,37,11.1575,0,0,4623,377336551894
32.8442,30.4467,11.2306,13.2419,79,71,78,2600,2800,0.480118,37,11.1575,0,0,4623,377366998163
31.3862,31.8611,11.2306,13.2419,79,71,78,2600,2800,0.480118,37,11.1575,0,0,4623,377398860556
33.8572,29.5358,11.2306,13.2419,79,71,78,2600,2800,0.480118,37,11.1575,0,0,4623,377428396295
35.8484,27.8952,11.2306,13.2419,79,71,78,2600,2800,0.480118,37,11.1575,0,0,4623,377456292863
33.7096,29.6652,11.2306,13.2419,79,71,78,2600,2800,0.480118,37,11.1575,0,0,4623,377485960428
31.9794,31.2701,11.2306,13.2419,79,71,78,2600,2800,0.480118,37,11.1575,0,0,4623,377517230545
31.9609,31.2882,11.2306,13.2419,79,71,78,2600,2800,0.480118,37,11.1575,0,0,4623,377548519237
32.7327,30.5505,11.2306,13.2419,79,71,78,2600,2800,0.480118,37,11.1575,0,0,4623,377579070862
33.7884,29.5959,11.2306,13.2419,79,71,78,2600,2800,0.480118,37,11.1575,0,0,4623,377608671061
35.4776,28.1868,7.73956,13.5256,79,81,79,2472,2800,0.480118,27,11.1538,0,0,4615,377636857310
32.6784,30.6012,7.73956,13.5256,79,81,79,2472,2800,0.480118,27,11.1538,0,0,4615,377667459651
31.3085,31.9402,7.73956,13.5256,79,81,79,2472,2800,0.480118,27,11.1538,0,0,4615,377699401602
35.5819,28.1042,7.73956,13.5256,79,81,79,2472,2800,0.480118,27,11.1538,0,0,4615,377727505668
34.707,28.8127,7.73956,13.5256,79,81,79,2472,2800,0.480118,27,11.1538,0,0,4615,377756322264
33.801,29.585,7.73956,13.5256,79,81,79,2472,2800,0.480118,27,11.1538,0,0,4615,377785907294
31.4428,31.8038,7.73956,13.5256,79,81,79,2472,2800,0.480118,27,11.1538,0,0,4615,377817713132
32.6444,30.6332,7.73956,13.5256,79,81,79,2472,2800,0.480118,27,11.1538,0,0,4615,377848346610
33.7043,29.6698,7.73956,13.5256,79,81,79,2472,2800,0.480118,27,11.1538,0,0,4615,377878017722
34.385,29.0824,7.73956,13.5256,79,81,79,2472,2800,0.480118,27,11.1538,0,0,4615,377907103230
33.5102,29.8417,7.73956,13.5256,79,81,79,2472,2800,0.480118,27,11.1538,0,0,4615,377936943888
32.5454,30.7263,7.73956,13.5256,79,81,79,2472,2800,0.480118,27,11.1538,0,0,4615,377967671402
33.2863,30.0424,7.73956,13.5256,79,81,79,2472,2800,0.480118,27,11.1538,0,0,4615,377997717965
33.9256,29.4763,7.73956,13.5256,79,81,79,2472,2800,0.480118,27,11.1538,0,0,4615,378027194142
34.5923,28.9082,7.73956,13.5256,79,81,79,2472,2800,0.480118,27,11.1538,0,0,4615,378056107749
33.3694,29.9676,7.73956,13.5256,79,81,79,2472,2800,0.480118,27,11.1538,0,0,4615,378086074272
31.5362,31.7096,7.73956,13.5256,79,81,79,2472,2800,0.480118,27,11.1538,0,0,4615,378117789350
32.7207,30.5617,7.67327,13.3261,80,71,80,2389,2800,0.480118,30,11.1537,0,0,4640,378148347338
35.1272,28.468,7.67327,13.3261,80,71,80,2389,2800,0.480118,30,11.1537,0,0,4640,378176817246
35.1304,28.4653,7.67327,13.3261,80,71,80,2389,2800,0.480118,30,11.1537,0,0,4640,378205285241
32.6797,30.6001,7.67327,13.3261,80,71,80,2389,2800,0.480118,30,11.1537,0,0,4640,378235885949
30.9541,32.3059,7.67327,13.3261,80,71,80,2389,2800,0.480118,30,11.1537,0,0,4640,378268192601
32.3694,30.8934,7.67327,13.3261,80,71,80,2389,2800,0.480118,30,11.1537,0,0,4640,378299086937
33.1861,30.1331,7.67327,13.3261,80,71,80,2389,2800,0.480118,30,11.1537,0,0,4640,378329222045
36.2595,27.579,7.67327,13.3261,80,71,80,2389,2800,0.480118,30,11.1537,0,0,4640,378356802723
33.5774,29.7819,7.67327,13.3261,80,71,80,2389,2800,0.480118,30,11.1537,0,0,4640,378386588008
32.5949,30.6796,7.67327,13.3261,80,71,80,2389,2800,0.480118,30,11.1537,0,0,4640,378417269115
32.3233,30.9375,7.67327,13.3261,80,71,80,2389,2800,0.480118,30,11.1537,0,0,4640,378448207453
30.7968,32.4709,7.67327,13.3261,80,71,80,2389,2800,0.480118,30,11.1537,0,0,4640,378480679524
33.6227,29.7418,7.67327,13.3261,80,71,80,2389,2800,0.480118,30,11.1537,0,0,4640,378510423151
33.7294,29.6477,7.67327,13.3261,80,71,80,2389,2800,0.480118,30,11.1537,0,0,4640,378540070438
32.1979,31.058,7.67327,13.3261,80,71,80,2389,2800,0.480118,30,11.1537,0,0,4640,378571133549
31.5531,31.6926,7.67327,13.3261,80,71,80,2389,2800,0.480118,30,11.1537,0,0,4640,378602825173
32.4376,30.8284,7.67327,13.3261,80,71,80,2389,2800,0.480118,30,11.1537,0,0,4640,378633657623
31.8508,31.3964,9.91432,10.7045,80,70,79,800,2800,0.480118,31,11.1527,0,0,4334,378665055358
30.7495,32.5209,9.91432,10.7045,80,70,79,800,2800,0.480118,31,11.1527,0,0,4334,378697575920
33.2903,30.0387,9.91432,10.7045,80,70,79,800,2800,0.480118,31,11.1527,0,0,4334,378727621862
32.4198,30.8454,9.91432,10.7045,80,70,79,800,2800,0.480118,31,11.1527,0,0,4334,378758467466
33.0008,30.3023,9.91432,10.7045,80,70,79,800,2800,0.480118,31,11.1527,0,0,4334,378788774535
33.5264,29.8272,9.91432,10.7045,80,70,79,800,2800,0.480118,31,11.1527,0,0,4334,378818600916
32.3086,30.9515,9.91432,10.7045,80,70,79,800,2800,0.480118,31,11.1527,0,0,4334,378849552950
32.5909,30.6834,9.91432,10.7045,80,70,79,800,2800,0.480118,31,11.1527,0,0,4334,378880238525
33.5664,29.7917,9.91432,10.7045,80,70,79,800,2800,0.480118,31,11.1527,0,0,4334,378910031555
35.5045,28.1655,9.91432,10.7045,80,70,79,800,2800,0.480118,31,11.1527,0,0,4334,378938200912
32.5238,30.7467,9.91432,10.7045,80,70,79,800,2800,0.480118,31,11.1527,0,0,4334,378968946870
33.1907,30.129,9.91432,10.7045,80,70,79,800,2800,0.480118,31,11.1527,0,0,4334,378999077841
32.2728,30.9858,9.91432,10.7045,80,70,79,800,2800,0.480118,31,11.1527,0,0,4334,379030064819
33.9582,29.4479,9.91432,10.7045,80,70,79,800,2800,0.480118,31,11.1527,0,0,4334,379059513706
37.7817,26.4678,9.91432,10.7045,80,70,79,800,2800,0.480118,31,11.1527,0,0,4334,379085982408
28.2298,35.4236,9.91432,10.7045,80,70,79,800,2800,0.480118,31,11.1527,0,0,4334,379121410058
30.5237,32.7614,9.91432,10.7045,80,70,79,800,2800,0.480118,31,11.1527,0,0,4334,379154177801
33.6341,29.7317,10.2781,13.9081,80,71,79,2362,2800,0.480118,28,11.1539,0,0,4611,379183904977
33.3494,29.9856,10.2781,13.9081,80,71,79,2362,2800,0.480118,28,11.1539,0,0,4611,379213891708
29.3139,34.1135,10.2781,13.9081,80,71,79,2362,2800,0.480118,28,11.1539,0,0,4611,379248006958
32.959,30.3407,10.2781,13.9081,80,71,79,2362,2800,0.480118,28,11.1539,0,0,4611,379278349513
33.0929,30.218,10.2781,13.9081,80,71,79,2362,2800,0.480118,28,11.1539,0,0,4611,379308566474
32.4797,30.7884,10.2781,13.9081,80,71,79,2362,2800,0.480118,28,11.1539,0,0,4611,379339359811
32.8783,30.4152,10.2781,13.9081,80,71,79,2362,2800,0.480118,28,11.1539,0,0,4611,379369773799
33.4639,29.883,10.2781,13.9081,80,71,79,2362,2800,0.480118,28,11.1539,0,0,4611,379399659421
32.5568,30.7155,10.2781,13.9081,80,71,79,2362,2800,0.480118,28,11.1539,0,0,4611,379430375444
34.2998,29.1547,10.2781,13.9081,80,71,79,2362,2800,0.480118,28,11.1539,0,0,4611,379459531864
35.0318,28.5455,10.2781,13.9081,80,71,79,2362,2800,0.480118,28,11.1539,0,0,4611,379488081712
32.3358,30.9255,10.2781,13.9081,80,71,79,2362,2800,0.480118,28,11.1539,0,0,4611,379519005773
32.2474,31.0103,10.2781,13.9081,80,71,79,2362,2800,0.480118,28,11.1539,0,0,4611,379550019512
32.2743,30.9844,10.2781,13.9081,80,71,79,2362,2800,0.480118,28,11.1539,0,0,4611,379581004436
33.9974,29.414,10.2781,13.9081,80,71,79,2362,2800,0.480118,28,11.1539,0,0,4611,379610418227
36.9353,27.0744,10.2781,13.9081,80,71,79,2362,2800,0.480118,28,11.1539,0,0,4611,379637493392
32.7649,30.5205,10.2781,13.9081,80,71,79,2362,2800,0.480118,28,11.1539,0,0,4611,379668018117
32.1426,31.1114,7.57946,13.8221,79,80,79,800,2800,0.480118,28,11.1512,0,0,4606,379699128837
34.2278,29.216,7.57946,13.8221,79,80,79,800,2800,0.480118,28,11.1512,0,0,4606,379728345349
36.2521,27.5846,7.57946,13.8221,79,80,79,800,2800,0.480118,28,11.1512,0,0,4606,379755930696
34.5052,28.9812,7.57946,13.8221,79,80,79,800,2800,0.480118,28,11.1512,0,0,4606,379784914364
32.3044,30.9555,7.57946,13.8221,79,80,79,800,2800,0.480118,28,11.1512,0,0,4606,379815871337
32.1093,31.1436,7.57946,13.8221,79,80,79,800,2800,0.480118,28,11.1512,0,0,4606,379847015318
33.0818,30.2281,7.57946,13.8221,79,80,79,800,2800,0.480118,28,11.1512,0,0,4606,379877245504
36.4179,27.459,7.57946,13.8221,79,80,79,800,2800,0.480118,28,11.1512,0,0,4606,379904706288
33.3165,30.0151,7.57946,13.8221,79,80,79,800,2800,0.480118,28,11.1512,0,0,4606,379934722224
31.8411,31.4059,7.57946,13.8221,79,80,79,800,2800,0.480118,28,11.1512,0,0,4606,379966129317
33.5921,29.7689,7.57946,13.8221,79,80,79,800,2800,0.480118,28,11.1512,0,0,4606,379995900274
32.762,30.5232,7.57946,13.8221,79,80,79,800,2800,0.480118,28,11.1512,0,0,4606,380026423707
32.2629,30.9954,7.57946,13.8221,79,80,79,800,2800,0.480118,28,11.1512,0,0,4606,380057420314
34.7277,28.7955,7.57946,13.8221,79,80,79,800,2800,0.480118,28,11.1512,0,0,4606,380086217654
32.5907,30.6836,7.57946,13.8221,79,80,79,800,2800,0.480118,28,11.1512,0,0,4606,380116902298
32.5608,30.7118,7.57946,13.8221,79,80,79,800,2800,0.480118,28,11.1512,0,0,4606,380147615215
31.9932,31.2566,7.57946,13.8221,79,80,79,800,2800,0.480118,28,11.1512,0,0,4606,380178875904
33.8065,29.5801,7.88177,13.7848,80,71,80,2599,2800,0.480118,32,11.1514,0,0,4594,380208453852
32.3239,30.9368,7.88177,13.7848,80,71,80,2599,2800,0.480118,32,11.1514,0,0,4594,380239394834
34.2305,29.2137,7.88177,13.7848,80,71,80,2599,2800,0.480118,32,11.1514,0,0,4594,380268608672
29.7726,33.5879,7.88177,13.7848,80,71,80,2599,2800,0.480118,32,11.1514,0,0,4594,380302197158
28.0691,35.6263,7.88177,13.7848,80,71,80,2599,2800,0.480118,32,11.1514,0,0,4594,380337825112
28.6554,34.8974,7.88177,13.7848,80,71,80,2599,2800,0.480118,32,11.1514,0,0,4594,380372728754
29.2349,34.2057,7.88177,13.7848,80,71,80,2599,2800,0.480118,32,11.1514,0,0,4594,380406932278
26.6913,37.4654,7.88177,13.7848,80,71,80,2599,2800,0.480118,32,11.1514,0,0,4594,380444400047
27.7719,36.0076,7.88177,13.7848,80,71,80,2599,2800,0.480118,32,11.1514,0,0,4594,380480413020
29.0902,34.3758,7.88177,13.7848,80,71,80,2599,2800,0.480118,32,11.1514,0,0,4594,380514786953
27.807,35.9622,7.88177,13.7848,80,71,80,2599,2800,0.480118,32,11.1514,0,0,4594,380550752087
28.6154,34.9462,7.88177,13.7848,80,71,80,2599,2800,0.480118,32,11.1514,0,0,4594,380585697075
26.8605,37.2294,7.88177,13.7848,80,71,80,2599,2800,0.480118,32,11.1514,0,0,4594,380622935967
25.5429,39.1498,7.88177,13.7848,80,71,80,2599,2800,0.480118,32,11.1514,0,0,4594,380662081910
27.8556,35.8994,7.88177,13.7848,80,71,80,2599,2800,0.480118,32,11.1514,0,0,4594,380697985870
31.612,31.6335,10.9622,12.1964,79,71,78,2317,2800,0.480118,26,11.1586,0,0,4211,380729616700
33.2382,30.0858,10.9622,12.1964,79,71,78,2317,2800,0.480118,26,11.1586,0,0,4211,380759704039
32.2862,30.973,10.9622,12.1964,79,71,78,2317,2800,0.480118,26,11.1586,0,0,4211,380790679285
31.623,31.6225,10.9622,12.1964,79,71,78,2317,2800,0.480118,26,11.1586,0,0,4211,380822302953
34.7573,28.771,10.9622,12.1964,79,71,78,2317,2800,0.480118,26,11.1586,0,0,4211,380851074445
33.4898,29.8598,10.9622,12.1964,79,71,78,2317,2800,0.480118,26,11.1586,0,0,4211,380880935972
32.4463,30.8201,10.9622,12.1964,79,71,78,2317,2800,0.480118,26,11.1586,0,0,4211,380911756630
34.522,28.967,10.9622,12.1964,79,71,78,2317,2800,0.480118,26,11.1586,0,0,4211,380940727704
35.0217,28.5538,10.9622,12.1964,79,71,78,2317,2800,0.480118,26,11.1586,0,0,4211,380969280678
33.9082,29.4914,10.9622,12.1964,79,71,78,2317,2800,0.480118,26,11.1586,0,0,4211,380998773366
32.6259,30.6505,10.9622,12.1964,79,71,78,2317,2800,0.480118,26,11.1586,0,0,4211,381029425599
34.8384,28.7039,10.9622,12.1964,79,71,78,2317,2800,0.480118,26,11.1586,0,0,4211,381058131869
36.0333,27.7521,10.9622,12.1964,79,71,78,2317,2800,0.480118,26,11.1586,0,0,4211,381085884158
33.2433,30.0813,10.9622,12.1964,79,71,78,2317,2800,0.480118,26,11.1586,0,0,4211,381115970214
32.0438,31.2073,10.9622,12.1964,79,71,78,2317,2800,0.480118,26,11.1586,0,0,4211,381147176122
34.078,29.3444,10.9622,12.1964,79,71,78,2317,2800,0.480118,26,11.1586,0,0,4211,381176522848
35.2972,28.3309,10.9622,12.1964,79,71,78,2317,2800,0.480118,26,11.1586,0,0,4211,381204861531
34.1211,29.3074,9.78934,14.3693,78,73,77,2598,2800,0.480118,38,11.1542,0,0,4612,381234163934
33.0375,30.2687,9.78934,14.3693,78,73,77,2598,2800,0.480118,38,11.1542,0,0,4612,381264434164
34.7757,28.7558,9.78934,14.3693,78,73,77,2598,2800,0.480118,38,11.1542,0,0,4612,381293191279
38.2318,26.1563,9.78934,14.3693,78,73,77,2598,2800,0.480118,38,11.1542,0,0,4612,381319348179
31.2416,32.0087,9.78934,14.3693,78,73,77,2598,2800,0.480118,38,11.1542,0,0,4612,381351357236
32.8796,30.414,9.78934,14.3693,78,73,77,2598,2800,0.480118,38,11.1542,0,0,4612,381381773178
32.2105,31.0458,9.78934,14.3693,78,73,77,2598,2800,0.480118,38,11.1542,0,0,4612,381412819227
34.1605,29.2736,9.78934,14.3693,78,73,77,2598,2800,0.480118,38,11.1542,0,0,4612,381442095922
36.7594,27.2039,9.78934,14.3693,78,73,77,2598,2800,0.480118,38,11.1542,0,0,4612,381469300518
33.6477,29.7198,9.78934,14.3693,78,73,77,2598,2800,0.480118,38,11.1542,0,0,4612,381499021793
31.8766,31.3709,9.78934,14.3693,78,73,77,2598,2800,0.480118,38,11.1542,0,0,4612,381530393961
34.7814,28.751,9.78934,14.3693,78,73,77,2598,2800,0.480118,38,11.1542,0,0,4612,381559145165
37.1,26.9542,9.78934,14.3693,78,73,77,2598,2800,0.480118,38,11.1542,0,0,4612,381586101548
32.3353,30.926,9.78934,14.3693,78,73,77,2598,2800,0.480118,38,11.1542,0,0,4612,381617028133
32.8012,30.4867,9.78934,14.3693,78,73,77,2598,2800,0.480118,38,11.1542,0,0,4612,381647516541
34.7972,28.7379,9.78934,14.3693,78,73,77,2598,2800,0.480118,38,11.1542,0,0,4612,381676256343
35.8039,27.9299,9.78934,14.3693,78,73,77,2598,2800,0.480118,38,11.1542,0,0,4612,381704186254
33.8691,29.5254,9.78934,14.3693,78,73,77,2598,2800,0.480118,38,11.1542,0,0,4612,381733719368
32.7989,30.4889,7.7381,13.8743,78,79,80,2600,2800,0.480118,29,11.1493,0,0,4602,381764203928
33.8128,29.5746,7.7381,13.8743,78,79,80,2600,2800,0.480118,29,11.1493,0,0,4602,381793779982
37.8638,26.4105,7.7381,13.8743,78,79,80,2600,2800,0.480118,29,11.1493,0,0,4602,381820190996
33.6024,29.7598,7.7381,13.8743,78,79,80,2600,2800,0.480118,29,11.1493,0,0,4602,381849951795
31.6347,31.6109,7.7381,13.8743,78,79,80,2600,2800,0.480118,29,11.1493,0,0,4602,381881565113
31.8567,31.3906,7.7381,13.8743,78,79,80,2600,2800,0.480118,29,11.1493,0,0,4602,381912957308
29.9588,33.3791,7.7381,13.8743,78,79,80,2600,2800,0.480118,29,11.1493,0,0,4602,381946337475
30.2478,33.0602,7.7381,13.8743,78,79,80,2600,2800,0.480118,29,11.1493,0,0,4602,381979400811
30.4818,32.8065,7.7381,13.8743,78,79,80,2600,2800,0.480118,29,11.1493,0,0,4602,382012207888
30.1883,33.1254,7.7381,13.8743,78,79,80,2600,2800,0.480118,29,11.1493,0,0,4602,382045333960
30.9192,32.3423,7.7381,13.8743,78,79,80,2600,2800,0.480118,29,11.1493,0,0,4602,382077676249
35.3588,28.2815,7.7381,13.8743,78,79,80,2600,2800,0.480118,29,11.1493,0,0,4602,382105959419
29.0584,34.4135,7.7381,13.8743,78,79,80,2600,2800,0.480118,29,11.1493,0,0,4602,382140378055
29.9011,33.4436,7.7381,13.8743,78,79,80,2600,2800,0.480118,29,11.1493,0,0,4602,382173822262
30.4491,32.8417,7.7381,13.8743,78,79,80,2600,2800,0.480118,29,11.1493,0,0,4602,382206664555
29.1883,34.2603,7.7381,13.8743,78,79,80,2600,2800,0.480118,29,11.1493,0,0,4602,382240929965
31.5438,31.7019,7.92079,13.7032,79,71,79,800,2800,0.480118,31,11.1497,0,0,4613,382272629393
29.8743,33.4736,7.92079,13.7032,79,71,79,800,2800,0.480118,31,11.1497,0,0,4613,382306105710
30.3087,32.9938,7.92079,13.7032,79,71,79,800,2800,0.480118,31,11.1497,0,0,4613,382339100497
29.5942,33.7904,7.92079,13.7032,79,71,79,800,2800,0.480118,31,11.1497,0,0,4613,382372892413
30.407,32.8871,7.92079,13.7032,79,71,79,800,2800,0.480118,31,11.1497,0,0,4613,382405780692
30.0177,33.3136,7.92079,13.7032,79,71,79,800,2800,0.480118,31,11.1497,0,0,4613,382439095667
30.5051,32.7814,7.92079,13.7032,79,71,79,800,2800,0.480118,31,11.1497,0,0,4613,382471879030
31.4521,31.7944,7.92079,13.7032,79,71,79,800,2800,0.480118,31,11.1497,0,0,4613,382503675349
32.3316,30.9295,7.92079,13.7032,79,71,79,800,2800,0.480118,31,11.1497,0,0,4613,382534605331
31.4857,31.7605,7.92079,13.7032,79,71,79,800,2800,0.480118,31,11.1497,0,0,4613,382566366445
34.5723,28.9249,7.92079,13.7032,79,71,79,800,2800,0.480118,31,11.1497,0,0,4613,382595293117
34.8999,28.6534,7.92079,13.7032,79,71,79,800,2800,0.480118,31,11.1497,0,0,4613,382623947901
33.5803,29.7793,7.92079,13.7032,79,71,79,800,2800,0.480118,31,11.1497,0,0,4613,382653728176
32.871,30.422,7.92079,13.7032,79,71,79,800,2800,0.480118,31,11.1497,0,0,4613,382684152364
32.3457,30.916,7.92079,13.7032,79,71,79,800,2800,0.480118,31,11.1497,0,0,4613,382715069011
32.4864,30.7821,7.92079,13.7032,79,71,79,800,2800,0.480118,31,11.1497,0,0,4613,382745855044
35.6731,28.0323,11.457,12.1421,78,71,79,2551,2800,0.480118,33,11.1548,0,0,4539,382773884671
33.7386,29.6397,11.457,12.1421,78,71,79,2551,2800,0.480118,33,11.1548,0,0,4539,382803527028
32.5565,30.7158,11.457,12.1421,78,71,79,2551,2800,0.480118,33,11.1548,0,0,4539,382834242781
33.931,29.4716,11.457,12.1421,78,71,79,2551,2800,0.480118,33,11.1548,0,0,4539,382863715632
36.557,27.3546,11.457,12.1421,78,71,79,2551,2800,0.480118,33,11.1548,0,0,4539,382891074145
36.9093,27.0934,11.457,12.1421,78,71,79,2551,2800,0.480118,33,11.1548,0,0,4539,382918167784
33.4919,29.8579,11.457,12.1421,78,71,79,2551,2800,0.480118,33,11.1548,0,0,4539,382948027919
33.1298,30.1843,11.457,12.1421,78,71,79,2551,2800,0.480118,33,11.1548,0,0,4539,382978213661
37.8602,26.413,11.457,12.1421,78,71,79,2551,2800,0.480118,33,11.1548,0,0,4539,383004627771
34.1786,29.2581,11.457,12.1421,78,71,79,2551,2800,0.480118,33,11.1548,0,0,4539,383033886703
33.3244,30.008,11.457,12.1421,78,71,79,2551,2800,0.480118,33,11.1548,0,0,4539,383063896126
36.2918,27.5545,11.457,12.1421,78,71,79,2551,2800,0.480118,33,11.1548,0,0,4539,383091455274
36.1851,27.6357,11.457,12.1421,78,71,79,2551,2800,0.480118,33,11.1548,0,0,4539,383119090484
34.0234,29.3915,11.457,12.1421,78,71,79,2551,2800,0.480118,33,11.1548,0,0,4539,383148483457
33.6921,29.6806,11.457,12.1421,78,71,79,2551,2800,0.480118,33,11.1548,0,0,4539,383178165869
37.9195,26.3717,11.457,12.1421,78,71,79,2551,2800,0.480118,33,11.1548,0,0,4539,383204538101
34.5121,28.9753,11.457,12.1421,78,71,79,2551,2800,0.480118,33,11.1548,0,0,4539,383233515117
33.9525,29.4529,11.457,12.1421,78,71,79,2551,2800,0.480118,33,11.1548,0,0,4539,383262973361
37.7839,26.4663,8.84848,14.927,78,73,79,2169,2800,0.480118,30,11.155,0,0,4595,383289437584
35.5355,28.1408,8.84848,14.927,78,73,79,2169,2800,0.480118,30,11.155,0,0,4595,383317579721
32.7882,30.4988,8.84848,14.927,78,73,79,2169,2800,0.480118,30,11.155,0,0,4595,383348079159
32.8224,30.467,8.84848,14.927,78,73,79,2169,2800,0.480118,30,11.155,0,0,4595,383378546678
38.7481,25.8077,8.84848,14.927,78,73,79,2169,2800,0.480118,30,11.155,0,0,4595,383404355938
34.5289,28.9612,8.84848,14.927,78,73,79,2169,2800,0.480118,30,11.155,0,0,4595,383433319188
33.3735,29.9639,8.84848,14.927,78,73,79,2169,2800,0.480118,30,11.155,0,0,4595,383463284379
37.894,26.3894,8.84848,14.927,78,73,79,2169,2800,0.480118,30,11.155,0,0,4595,383489674624
35.1785,28.4265,8.84848,14.927,78,73,79,2169,2800,0.480118,30,11.155,0,0,4595,383518101593
33.8154,29.5723,8.84848,14.927,78,73,79,2169,2800,0.480118,30,11.155,0,0,4595,383547673950
35.9543,27.8131,8.84848,14.927,78,73,79,2169,2800,0.480118,30,11.155,0,0,4595,383575489627
34.1699,29.2655,8.84848,14.927,78,73,79,2169,2800,0.480118,30,11.155,0,0,4595,383604755211
33.2788,30.0492,8.84848,14.927,78,73,79,2169,2800,0.480118,30,11.155,0,0,4595,383634805631
35.127,28.4682,8.84848,14.927,78,73,79,2169,2800,0.480118,30,11.155,0,0,4595,383663275049
36.235,27.5977,8.84848,14.927,78,73,79,2169,2800,0.480118,30,11.155,0,0,4595,383690873651
37.0266,27.0076,8.84848,14.927,78,73,79,2169,2800,0.480118,30,11.155,0,0,4595,383717883222
33.864,29.5299,8.84848,14.927,78,73,79,2169,2800,0.480118,30,11.155,0,0,4595,383747414353
37.6808,26.5387,8.84848,14.927,78,73,79,2169,2800,0.480118,30,11.155,0,0,4595,383773957904
34.7206,28.8014,7.97546,13.2629,80,79,81,2600,2800,0.480118,30,11.1535,0,0,4602,383802757248
33.7858,29.5982,7.97546,13.2629,80,79,81,2600,2800,0.480118,30,11.1535,0,0,4602,383832356505
35.8024,27.9311,7.97546,13.2629,80,79,81,2600,2800,0.480118,30,11.1535,0,0,4602,383860289271
36.6197,27.3077,7.97546,13.2629,80,79,81,2600,2800,0.480118,30,11.1535,0,0,4602,383887598473
33.9662,29.441,7.97546,13.2629,80,79,81,2600,2800,0.480118,30,11.1535,0,0,4602,383917039885
35.9171,27.8419,7.97546,13.2629,80,79,81,2600,2800,0.480118,30,11.1535,0,0,4602,383944882653
35.7705,27.956,7.97546,13.2629,80,79,81,2600,2800,0.480118,30,11.1535,0,0,4602,383972843691
34.4201,29.0528,7.97546,13.2629,80,79,81,2600,2800,0.480118,30,11.1535,0,0,4602,384001895406
34.4734,29.0079,7.97546,13.2629,80,79,81,2600,2800,0.480118,30,11.1535,0,0,4602,384030905614
36.8213,27.1582,7.97546,13.2629,80,79,81,2600,2800,0.480118,30,11.1535,0,0,4602,384058064024
36.1582,27.6563,7.97546,13.2629,80,79,81,2600,2800,0.480118,30,11.1535,0,0,4602,384085721395
33.6512,29.7166,7.97546,13.2629,80,79,81,2600,2800,0.480118,30,11.1535,0,0,4602,384115439114
37.5849,26.6064,7.97546,13.2629,80,79,81,2600,2800,0.480118,30,11.1535,0,0,4602,384142046915
33.6885,29.6837,7.97546,13.2629,80,79,81,2600,2800,0.480118,30,11.1535,0,0,4602,384171732344
34.1976,29.2419,7.97546,13.2629,80,79,81,2600,2800,0.480118,30,11.1535,0,0,4602,384200975386
34.2321,29.2124,7.97546,13.2629,80,79,81,2600,2800,0.480118,30,11.1535,0,0,4602,384230187671
37.2752,26.8275,7.97546,13.2629,80,79,81,2600,2800,0.480118,30,11.1535,0,0,4602,384257015874
35.5338,28.1422,7.97546,13.2629,80,79,81,2600,2800,0.480118,30,11.1535,0,0,4602,384285162529
31.4558,31.7906,7.60736,13.5539,81,72,80,800,2800,0.480118,30,11.1541,0,0,4598,384316951425
30.8996,32.3629,7.60736,13.5539,81,72,80,800,2800,0.480118,30,11.1541,0,0,4598,384349315725
36.094,27.7054,7.60736,13.5539,81,72,80,800,2800,0.480118,30,11.1541,0,0,4598,384377025334
33.4791,29.8694,7.60736,13.5539,81,72,80,800,2800,0.480118,30,11.1541,0,0,4598,384406895056
33.6368,29.7293,7.60736,13.5539,81,72,80,800,2800,0.480118,30,11.1541,0,0,4598,384436624587
34.0794,29.3432,7.60736,13.5539,81,72,80,800,2800,0.480118,30,11.1541,0,0,4598,384465968487
34.3109,29.1453,7.60736,13.5539,81,72,80,800,2800,0.480118,30,11.1541,0,0,4598,384495115310
34.1515,29.2813,7.60736,13.5539,81,72,80,800,2800,0.480118,30,11.1541,0,0,4598,384524397766
34.9424,28.6185,7.60736,13.5539,81,72,80,800,2800,0.480118,30,11.1541,0,0,4598,384553018176
32.2962,30.9634,7.60736,13.5539,81,72,80,800,2800,0.480118,30,11.1541,0,0,4598,384583983123
32.0255,31.2251,7.60736,13.5539,81,72,80,800,2800,0.480118,30,11.1541,0,0,4598,384615209599
36.3613,27.5018,7.60736,13.5539,81,72,80,800,2800,0.480118,30,11.1541,0,0,4598,384642714265
31.9752,31.2742,7.60736,13.5539,81,72,80,800,2800,0.480118,30,11.1541,0,0,4598,384673991034
33.08,30.2297,7.60736,13.5539,81,72,80,800,2800,0.480118,30,11.1541,0,0,4598,384704221671
32.2797,30.9792,7.60736,13.5539,81,72,80,800,2800,0.480118,30,11.1541,0,0,4598,384735200885
34.3814,29.0855,7.60736,13.5539,81,72,80,800,2800,0.480118,30,11.1541,0,0,4598,384764287585
33.6245,29.7403,7.60736,13.5539,81,72,80,800,2800,0.480118,30,11.1541,0,0,4598,384794030350
35.2554,28.3644,12.7004,12.7774,81,71,81,2561,2800,0.480118,27,11.1648,0,0,4184,384822398639
34.3094,29.1465,12.7004,12.7774,81,71,81,2561,2800,0.480118,27,11.1648,0,0,4184,384851542476
34.2652,29.1841,12.7004,12.7774,81,71,81,2561,2800,0.480118,27,11.1648,0,0,4184,384880728021
38.1476,26.214,12.7004,12.7774,81,71,81,2561,2800,0.480118,27,11.1648,0,0,4184,384906943550
33.1257,30.188,12.7004,12.7774,81,71,81,2561,2800,0.480118,27,11.1648,0,0,4184,384937131978
34.5513,28.9425,12.7004,12.7774,81,71,81,2561,2800,0.480118,27,11.1648,0,0,4184,384966075180
38.3397,26.0826,12.7004,12.7774,81,71,81,2561,2800,0.480118,27,11.1648,0,0,4184,384992158703
35.5343,28.1418,12.7004,12.7774,81,71,81,2561,2800,0.480118,27,11.1648,0,0,4184,385020302553
33.9058,29.4935,12.7004,12.7774,81,71,81,2561,2800,0.480118,27,11.1648,0,0,4184,385049796594
33.6661,29.7035,12.7004,12.7774,81,71,81,2561,2800,0.480118,27,11.1648,0,0,4184,385079503141
33.5778,29.7815,12.7004,12.7774,81,71,81,2561,2800,0.480118,27,11.1648,0,0,4184,385109284589
34.3196,29.1379,12.7004,12.7774,81,71,81,2561,2800,0.480118,27,11.1648,0,0,4184,385138424448
32.3688,30.894,12.7004,12.7774,81,71,81,2561,2800,0.480118,27,11.1648,0,0,4184,385169319325
35.2295,28.3853,12.7004,12.7774,81,71,81,2561,2800,0.480118,27,11.1648,0,0,4184,385197705788
38.3213,26.0951,12.7004,12.7774,81,71,81,2561,2800,0.480118,27,11.1648,0,0,4184,385223801263
35.0569,28.5251,12.7004,12.7774,81,71,81,2561,2800,0.480118,27,11.1648,0,0,4184,385252326886
33.6456,29.7215,12.7004,12.7774,81,71,81,2561,2800,0.480118,27,11.1648,0,0,4184,385282051567
38.1762,26.1943,12.7004,12.7774,81,71,81,2561,2800,0.480118,27,11.1648,0,0,4184,385308250455
33.7584,29.6222,7.83354,13.3365,82,72,80,2248,2800,0.480118,28,11.1553,0,0,4599,385337869650
32.1154,31.1377,7.83354,13.3365,82,72,80,2248,2800,0.480118,28,11.1553,0,0,4599,385369008662
35.2028,28.4068,7.83354,13.3365,82,72,80,2248,2800,0.480118,28,11.1553,0,0,4599,385397417647
37.0751,26.9723,7.83354,13.3365,82,72,80,2248,2800,0.480118,28,11.1553,0,0,4599,385424389699
36.1175,27.6874,7.83354,13.3365,82,72,80,2248,2800,0.480118,28,11.1553,0,0,4599,385452079441
34.0914,29.3329,7.83354,13.3365,82,72,80,2248,2800,0.480118,28,11.1553,0,0,4599,385481413353
37.5203,26.6522,7.83354,13.3365,82,72,80,2248,2800,0.480118,28,11.1553,0,0,4599,385508066650
34.2347,29.2101,7.83354,13.3365,82,72,80,2248,2800,0.480118,28,11.1553,0,0,4599,385537278303
33.2392,30.085,7.83354,13.3365,82,72,80,2248,2800,0.480118,28,11.1553,0,0,4599,385567363087
35.6916,28.0178,7.83354,13.3365,82,72,80,2248,2800,0.480118,28,11.1553,0,0,4599,385595384178
35.9227,27.8375,7.83354,13.3365,82,72,80,2248,2800,0.480118,28,11.1553,0,0,4599,385623223178
34.9481,28.6139,7.83354,13.3365,82,72,80,2248,2800,0.480118,28,11.1553,0,0,4599,385651837577
35.2827,28.3425,7.83354,13.3365,82,72,80,2248,2800,0.480118,28,11.1553,0,0,4599,385680183905
35.2579,28.3624,7.83354,13.3365,82,72,80,2248,2800,0.480118,28,11.1553,0,0,4599,385708545671
35.5975,28.0918,7.83354,13.3365,82,72,80,2248,2800,0.480118,28,11.1553,0,0,4599,385736637043
32.8739,30.4192,7.83354,13.3365,82,72,80,2248,2800,0.480118,28,11.1553,0,0,4599,385767057814
38.6547,25.8701,7.83354,13.3365,82,72,80,2248,2800,0.480118,28,11.1553,0,0,4599,385792929953
34.035,29.3815,7.83354,13.3365,82,72,80,2248,2800,0.480118,28,11.1553,0,0,4599,385822323095
36.1371,27.6724,7.47549,13.6432,82,80,81,800,2800,0.480118,28,11.154,0,0,4577,385849989133
35.5748,28.1098,7.47549,13.6432,82,80,81,800,2800,0.480118,28,11.154,0,0,4577,385878103878
34.4318,29.0429,7.47549,13.6432,82,80,81,800,2800,0.480118,28,11.154,0,0,4577,385907145565
33.2553,30.0704,7.47549,13.6432,82,80,81,800,2800,0.480118,28,11.154,0,0,4577,385937218116
35.3357,28.3,7.47549,13.6432,82,80,81,800,2800,0.480118,28,11.154,0,0,4577,385965518117
36.6668,27.2726,7.47549,13.6432,82,80,81,800,2800,0.480118,28,11.154,0,0,4577,385992792173
34.4405,29.0356,7.47549,13.6432,82,80,81,800,2800,0.480118,28,11.154,0,0,4577,386021832997
35.1332,28.4631,7.47549,13.6432,82,80,81,800,2800,0.480118,28,11.154,0,0,4577,386050295352
35.3473,28.2907,7.47549,13.6432,82,80,81,800,2800,0.480118,28,11.154,0,0,4577,386078586817
35.622,28.0725,7.47549,13.6432,82,80,81,800,2800,0.480118,28,11.154,0,0,4577,386106661648
32.548,30.7239,7.47549,13.6432,82,80,81,800,2800,0.480118,28,11.154,0,0,4577,386137386527
34.8934,28.6587,7.47549,13.6432,82,80,81,800,2800,0.480118,28,11.154,0,0,4577,386166046140
35.8755,27.8742,7.47549,13.6432,82,80,81,800,2800,0.480118,28,11.154,0,0,4577,386193923943
34.7996,28.736,7.47549,13.6432,82,80,81,800,2800,0.480118,28,11.154,0,0,4577,386222664698
34.9262,28.6318,7.47549,13.6432,82,80,81,800,2800,0.480118,28,11.154,0,0,4577,386251293172
37.2082,26.8758,7.47549,13.6432,82,80,81,800,2800,0.480118,28,11.154,0,0,4577,386278169946
34.2231,29.22,7.47549,13.6432,82,80,81,800,2800,0.480118,28,11.154,0,0,4577,386307391639
34.6152,28.8891,7.47549,13.6432,82,80,81,800,2800,0.480118,28,11.154,0,0,4577,386336284577
32.2342,31.0229,7.24816,12.1993,82,71,80,2600,2800,0.480118,26,11.153,0,0,4628,386367306872
36.7544,27.2077,7.24816,12.1993,82,71,80,2600,2800,0.480118,26,11.153,0,0,4628,386394517609
33.3447,29.9898,7.24816,12.1993,82,71,80,2600,2800,0.480118,26,11.153,0,0,4628,386424506885
36.4056,27.4683,7.24816,12.1993,82,71,80,2600,2800,0.480118,26,11.153,0,0,4628,386451976335
30.9894,32.2691,7.24816,12.1993,82,71,80,2600,2800,0.480118,26,11.153,0,0,4628,386484245548
35.1275,28.4678,7.24816,12.1993,82,71,80,2600,2800,0.480118,26,11.153,0,0,4628,386512714485
34.7782,28.7536,7.24816,12.1993,82,71,80,2600,2800,0.480118,26,11.153,0,0,4628,386541470077
33.8115,29.5757,7.24816,12.1993,82,71,80,2600,2800,0.480118,26,11.153,0,0,4628,386571045931
31.1251,32.1284,7.24816,12.1993,82,71,80,2600,2800,0.480118,26,11.153,0,0,4628,386603177186
34.2714,29.1788,7.24816,12.1993,82,71,80,2600,2800,0.480118,26,11.153,0,0,4628,386632357020
33.9692,29.4385,7.24816,12.1993,82,71,80,2600,2800,0.480118,26,11.153,0,0,4628,386661796830
34.8501,28.6943,7.24816,12.1993,82,71,80,2600,2800,0.480118,26,11.153,0,0,4628,386690491848
34.013,29.4005,7.24816,12.1993,82,71,80,2600,2800,0.480118,26,11.153,0,0,4628,386719893086
32.0937,31.1587,7.24816,12.1993,82,71,80,2600,2800,0.480118,26,11.153,0,0,4628,386751053128
34.7079,28.8119,7.24816,12.1993,82,71,80,2600,2800,0.480118,26,11.153,0,0,4628,386779870836
32.014,31.2363,7.24816,12.1993,82,71,80,2600,2800,0.480118,26,11.153,0,0,4628,386811108462
34.2787,29.1726,7.24816,12.1993,82,71,80,2600,2800,0.480118,26,11.153,0,0,4628,386840283197
33.4262,29.9166,12.1554,11.8323,82,71,81,2584,2800,0.480118,35,11.1578,0,0,4596,386870197482
35.9668,27.8034,12.1554,11.8323,82,71,81,2584,2800,0.480118,35,11.1578,0,0,4596,386898003411
36.5305,27.3744,12.1554,11.8323,82,71,81,2584,2800,0.480118,35,11.1578,0,0,4596,386925378436
35.893,27.8606,12.1554,11.8323,82,71,81,2584,2800,0.480118,35,11.1578,0,0,4596,386953239868
33.2918,30.0375,12.1554,11.8323,82,71,81,2584,2800,0.480118,35,11.1578,0,0,4596,386983278105
36.5731,27.3425,12.1554,11.8323,82,71,81,2584,2800,0.480118,35,11.1578,0,0,4596,387010624857
33.872,29.5229,12.1554,11.8323,82,71,81,2584,2800,0.480118,35,11.1578,0,0,4596,387040148573
33.2755,30.0522,12.1554,11.8323,82,71,81,2584,2800,0.480118,35,11.1578,0,0,4596,387070201337
34.066,29.3548,12.1554,11.8323,82,71,81,2584,2800,0.480118,35,11.1578,0,0,4596,387099557791
38.0107,26.3084,12.1554,11.8323,82,71,81,2584,2800,0.480118,35,11.1578,0,0,4596,387125867747
36.181,27.6388,12.1554,11.8323,82,71,81,2584,2800,0.480118,35,11.1578,0,0,4596,387153507325
33.2491,30.076,12.1554,11.8323,82,71,81,2584,2800,0.480118,35,11.1578,0,0,4596,387183583643
36.511,27.389,12.1554,11.8323,82,71,81,2584,2800,0.480118,35,11.1578,0,0,4596,387210978595
34.6533,28.8573,12.1554,11.8323,82,71,81,2584,2800,0.480118,35,11.1578,0,0,4596,387239833923
33.1602,30.1566,12.1554,11.8323,82,71,81,2584,2800,0.480118,35,11.1578,0,0,4596,387269991984
36.2358,27.597,12.1554,11.8323,82,71,81,2584,2800,0.480118,35,11.1578,0,0,4596,387297590545
34.9584,28.6054,12.1554,11.8323,82,71,81,2584,2800,0.480118,35,11.1578,0,0,4596,387326195897
36.8054,27.1699,12.1554,11.8323,82,71,81,2584,2800,0.480118,35,11.1578,0,0,4596,387353370958
34.3546,29.1082,7.37101,14.9175,82,73,80,2339,2800,0.480118,34,11.1575,0,0,4593,387382475862
36.3896,27.4804,7.37101,14.9175,82,73,80,2339,2800,0.480118,34,11.1575,0,0,4593,387409958147
33.774,29.6085,7.37101,14.9175,82,73,80,2339,2800,0.480118,34,11.1575,0,0,4593,387439570368
33.9946,29.4165,7.37101,14.9175,82,73,80,2339,2800,0.480118,34,11.1575,0,0,4593,387468985522
37.2306,26.8597,7.37101,14.9175,82,73,80,2339,2800,0.480118,34,11.1575,0,0,4593,387495849271
34.0914,29.3329,7.37101,14.9175,82,73,80,2339,2800,0.480118,34,11.1575,0,0,4593,387525182081
35.0941,28.4948,7.37101,14.9175,82,73,80,2339,2800,0.480118,34,11.1575,0,0,4593,387553679181
35.8432,27.8993,7.37101,14.9175,82,73,80,2339,2800,0.480118,34,11.1575,0,0,4593,387581579536
36.1037,27.698,7.37101,14.9175,82,73,80,2339,2800,0.480118,34,11.1575,0,0,4593,387609277162
33.6693,29.7006,7.37101,14.9175,82,73,80,2339,2800,0.480118,34,11.1575,0,0,4593,387638979442
33.7425,29.6362,7.37101,14.9175,82,73,80,2339,2800,0.480118,34,11.1575,0,0,4593,387668616199
37.1443,26.922,7.37101,14.9175,82,73,80,2339,2800,0.480118,34,11.1575,0,0,4593,387695540783
35.5239,28.1501,7.37101,14.9175,82,73,80,2339,2800,0.480118,34,11.1575,0,0,4593,387723692317
35.8616,27.8849,7.37101,14.9175,82,73,80,2339,2800,0.480118,34,11.1575,0,0,4593,387751577804
32.3533,30.9087,7.37101,14.9175,82,73,80,2339,2800,0.480118,34,11.1575,0,0,4593,387782486346
35.6367,28.061,7.37101,14.9175,82,73,80,2339,2800,0.480118,34,11.1575,0,0,4593,387810549075
34.4087,29.0624,7.37101,14.9175,82,73,80,2339,2800,0.480118,34,11.1575,0,0,4593,387839613854
33.9996,29.4121,7.37101,14.9175,82,73,80,2339,2800,0.480118,34,11.1575,0,0,4593,387869029779
23.1084,43.2742,7.21271,12.4355,83,78,80,2592,2800,0.480118,28,11.1545,0,0,4604,387912303329
29.5234,33.8715,7.21271,12.4355,83,78,80,2592,2800,0.480118,28,11.1545,0,0,4604,387946177548
29.6814,33.6912,7.21271,12.4355,83,78,80,2592,2800,0.480118,28,11.1545,0,0,4604,387979868997
34.4444,29.0323,7.21271,12.4355,83,78,80,2592,2800,0.480118,28,11.1545,0,0,4604,388008900794
32.7532,30.5314,7.21271,12.4355,83,78,80,2592,2800,0.480118,28,11.1545,0,0,4604,388039435659
32.6112,30.6643,7.21271,12.4355,83,78,80,2592,2800,0.480118,28,11.1545,0,0,4604,388070099935
33.6089,29.754,7.21271,12.4355,83,78,80,2592,2800,0.480118,28,11.1545,0,0,4604,388099854983
37.0366,27.0003,7.21271,12.4355,83,78,80,2592,2800,0.480118,28,11.1545,0,0,4604,388126856860
34.7119,28.8085,7.21271,12.4355,83,78,80,2592,2800,0.480118,28,11.1545,0,0,4604,388155670671
34.8328,28.7086,7.21271,12.4355,83,78,80,2592,2800,0.480118,28,11.1545,0,0,4604,388184377873
36.9774,27.0435,7.21271,12.4355,83,78,80,2592,2800,0.480118,28,11.1545,0,0,4604,388211425055
33.9098,29.49,7.21271,12.4355,83,78,80,2592,2800,0.480118,28,11.1545,0,0,4604,388240917132
34.0733,29.3485,7.21271,12.4355,83,78,80,2592,2800,0.480118,28,11.1545,0,0,4604,388270268286
35.2347,28.3811,7.21271,12.4355,83,78,80,2592,2800,0.480118,28,11.1545,0,0,4604,388298648999
37.1843,26.8931,7.21271,12.4355,83,78,80,2592,2800,0.480118,28,11.1545,0,0,4604,388325542524
34.8405,28.7022,7.21271,12.4355,83,78,80,2592,2800,0.480118,28,11.1545,0,0,4604,388354248183
36.8306,27.1514,7.21271,12.4355,83,78,80,2592,2800,0.480118,28,11.1545,0,0,4604,388381401773
35.7195,27.9959,7.27497,13.9071,82,71,79,2469,2800,0.480118,28,11.1537,0,0,4580,388409395974
33.6625,29.7067,7.27497,13.9071,82,71,79,2469,2800,0.480118,28,11.1537,0,0,4580,388439103383
33.9986,29.413,7.27497,13.9071,82,71,79,2469,2800,0.480118,28,11.1537,0,0,4580,388468518016
34.5651,28.9309,7.27497,13.9071,82,71,79,2469,2800,0.480118,28,11.1537,0,0,4580,388497451219
33.1196,30.1936,7.27497,13.9071,82,71,79,2469,2800,0.480118,28,11.1537,0,0,4580,388527644766
33.5409,29.8143,7.27497,13.9071,82,71,79,2469,2800,0.480118,28,11.1537,0,0,4580,388557461360
33.3784,29.9595,7.27497,13.9071,82,71,79,2469,2800,0.480118,28,11.1537,0,0,4580,388587421761
32.7074,30.5742,7.27497,13.9071,82,71,79,2469,2800,0.480118,28,11.1537,0,0,4580,388617998103
36.4892,27.4054,7.27497,13.9071,82,71,79,2469,2800,0.480118,28,11.1537,0,0,4580,388645403504
32.1467,31.1074,7.27497,13.9071,82,71,79,2469,2800,0.480118,28,11.1537,0,0,4580,388676512320
32.7397,30.544,7.27497,13.9071,82,71,79,2469,2800,0.480118,28,11.1537,0,0,4580,388707057664
32.6778,30.6018,7.27497,13.9071,82,71,79,2469,2800,0.480118,28,11.1537,0,0,4580,388737660144
32.244,31.0135,7.27497,13.9071,82,71,79,2469,2800,0.480118,28,11.1537,0,0,4580,388768675215
33.73,29.6472,7.27497,13.9071,82,71,79,2469,2800,0.480118,28,11.1537,0,0,4580,388798324456
36.4015,27.4714,7.27497,13.9071,82,71,79,2469,2800,0.480118,28,11.1537,0,0,4580,388825797894
34.9254,28.6324,7.27497,13.9071,82,71,79,2469,2800,0.480118,28,11.1537,0,0,4580,388854430887
34.2532,29.1943,7.27497,13.9071,82,71,79,2469,2800,0.480118,28,11.1537,0,0,4580,388883629707
34.4838,28.9991,13.0489,10.943,81,71,81,2600,2800,0.480118,27,11.1548,0,0,4605,388912629645
36.0986,27.7019,13.0489,10.943,81,71,81,2600,2800,0.480118,27,11.1548,0,0,4605,388940330768
32.3759,30.8872,13.0489,10.943,81,71,81,2600,2800,0.480118,27,11.1548,0,0,4605,388971219694
33.9634,29.4434,13.0489,10.943,81,71,81,2600,2800,0.480118,27,11.1548,0,0,4605,389000664022
37.811,26.4473,13.0489,10.943,81,71,81,2600,2800,0.480118,27,11.1548,0,0,4605,389027112516
33.4251,29.9176,13.0489,10.943,81,71,81,2600,2800,0.480118,27,11.1548,0,0,4605,389057030959
36.6572,27.2798,13.0489,10.943,81,71,81,2600,2800,0.480118,27,11.1548,0,0,4605,389084312159
33.5727,29.7861,13.0489,10.943,81,71,81,2600,2800,0.480118,27,11.1548,0,0,4605,389114099677
28.1783,35.4883,13.0489,10.943,81,71,81,2600,2800,0.480118,27,11.1548,0,0,4605,389149588241
36.264,27.5756,13.0489,10.943,81,71,81,2600,2800,0.480118,27,11.1548,0,0,4605,389177165673
34.8899,28.6616,13.0489,10.943,81,71,81,2600,2800,0.480118,27,11.1548,0,0,4605,389205828132
33.2608,30.0654,13.0489,10.943,81,71,81,2600,2800,0.480118,27,11.1548,0,0,4605,389235894601
36.5382,27.3687,13.0489,10.943,81,71,81,2600,2800,0.480118,27,11.1548,0,0,4605,389263266450
35.742,27.9783,13.0489,10.943,81,71,81,2600,2800,0.480118,27,11.1548,0,0,4605,389291244049
35.5118,28.1596,13.0489,10.943,81,71,81,2600,2800,0.480118,27,11.1548,0,0,4605,389319405341
34.7665,28.7633,13.0489,10.943,81,71,81,2600,2800,0.480118,27,11.1548,0,0,4605,389348170952
36.2646,27.5751,13.0489,10.943,81,71,81,2600,2800,0.480118,27,11.1548,0,0,4605,389375746651
32.6878,30.5925,13.0489,10.943,81,71,81,2600,2800,0.480118,27,11.1548,0,0,4605,389406342720
35.7005,28.0108,7.59036,12.4845,81,73,80,2197,2800,0.480118,29,11.1531,0,0,4566,389434352910
38.6162,25.8959,7.59036,12.4845,81,73,80,2197,2800,0.480118,29,11.1531,0,0,4566,389460250105
33.0525,30.2549,7.59036,12.4845,81,73,80,2197,2800,0.480118,29,11.1531,0,0,4566,389490507782
34.6293,28.8773,7.59036,12.4845,81,73,80,2197,2800,0.480118,29,11.1531,0,0,4566,389519385081
37.2144,26.8714,7.59036,12.4845,81,73,80,2197,2800,0.480118,29,11.1531,0,0,4566,389546259581
34.7287,28.7946,7.59036,12.4845,81,73,80,2197,2800,0.480118,29,11.1531,0,0,4566,389575055418
31.7909,31.4556,7.59036,12.4845,81,73,80,2197,2800,0.480118,29,11.1531,0,0,4566,389606511312
35.2262,28.3879,7.59036,12.4845,81,73,80,2197,2800,0.480118,29,11.1531,0,0,4566,389634900690
39.4267,25.3635,7.59036,12.4845,81,73,80,2197,2800,0.480118,29,11.1531,0,0,4566,389660264890
33.7053,29.6689,7.59036,12.4845,81,73,80,2197,2800,0.480118,29,11.1531,0,0,4566,389689935891
36.8311,27.151,7.59036,12.4845,81,73,80,2197,2800,0.480118,29,11.1531,0,0,4566,389717087428
37.5691,26.6176,7.59036,12.4845,81,73,80,2197,2800,0.480118,29,11.1531,0,0,4566,389743705950
34.5603,28.935,7.59036,12.4845,81,73,80,2197,2800,0.480118,29,11.1531,0,0,4566,389772641799
34.0737,29.3481,7.59036,12.4845,81,73,80,2197,2800,0.480118,29,11.1531,0,0,4566,389802002671
36.9692,27.0495,7.59036,12.4845,81,73,80,2197,2800,0.480118,29,11.1531,0,0,4566,389829051125
35.2584,28.362,7.59036,12.4845,81,73,80,2197,2800,0.480118,29,11.1531,0,0,4566,389857415327
35.0789,28.5071,7.59036,12.4845,81,73,80,2197,2800,0.480118,29,11.1531,0,0,4566,389885925571
37.8508,26.4195,7.59036,12.4845,81,73,80,2197,2800,0.480118,29,11.1531,0,0,4566,389912350371
34.2327,29.2118,7.81638,12.6305,81,78,80,2600,2800,0.480118,28,11.15,0,0,4580,389941558898
33.6883,29.6839,7.81638,12.6305,81,78,80,2600,2800,0.480118,28,11.15,0,0,4580,389971243786
38.5619,25.9323,7.81638,12.6305,81,78,80,2600,2800,0.480118,28,11.15,0,0,4580,389997177138
34.8805,28.6694,7.81638,12.6305,81,78,80,2600,2800,0.480118,28,11.15,0,0,4580,390025849084
35.6374,28.0604,7.81638,12.6305,81,78,80,2600,2800,0.480118,28,11.15,0,0,4580,390053910530
35.9207,27.8391,7.81638,12.6305,81,78,80,2600,2800,0.480118,28,11.15,0,0,4580,390081751755
35.5015,28.1678,7.81638,12.6305,81,78,80,2600,2800,0.480118,28,11.15,0,0,4580,390109920751
33.4531,29.8926,7.81638,12.6305,81,78,80,2600,2800,0.480118,28,11.15,0,0,4580,390139814599
35.4919,28.1754,7.81638,12.6305,81,78,80,2600,2800,0.480118,28,11.15,0,0,4580,390167991290
37.8709,26.4055,7.81638,12.6305,81,78,80,2600,2800,0.480118,28,11.15,0,0,4580,390194398337
34.15,29.2825,7.81638,12.6305,81,78,80,2600,2800,0.480118,28,11.15,0,0,4580,390223682255
34.7586,28.7698,7.81638,12.6305,81,78,80,2600,2800,0.480118,28,11.15,0,0,4580,390252453226
34.2245,29.2188,7.81638,12.6305,81,78,80,2600,2800,0.480118,28,11.15,0,0,4580,390281676532
35.5946,28.0942,7.81638,12.6305,81,78,80,2600,2800,0.480118,28,11.15,0,0,4580,390309769917
33.0989,30.2125,7.81638,12.6305,81,78,80,2600,2800,0.480118,28,11.15,0,0,4580,390339982790
33.7237,29.6527,7.81638,12.6305,81,78,80,2600,2800,0.480118,28,11.15,0,0,4580,390369636740
37.2739,26.8285,7.81638,12.6305,81,78,80,2600,2800,0.480118,28,11.15,0,0,4580,390396470083
34.0474,29.3708,7.81638,12.6305,81,78,80,2600,2800,0.480118,28,11.15,0,0,4580,390425842557
35.6063,28.0849,8.49515,12.4746,82,72,81,2600,2800,0.480118,21,11.1512,0,0,4617,390453926605
33.3422,29.992,8.49515,12.4746,82,72,81,2600,2800,0.480118,21,11.1512,0,0,4617,390483919277
34.9592,28.6047,8.49515,12.4746,82,72,81,2600,2800,0.480118,21,11.1512,0,0,4617,390512525690
33.1866,30.1326,8.49515,12.4746,82,72,81,2600,2800,0.480118,21,11.1512,0,0,4617,390542660167
31.3959,31.8513,8.49515,12.4746,82,72,81,2600,2800,0.480118,21,11.1512,0,0,4617,390574513964
33.3025,30.0278,8.49515,12.4746,82,72,81,2600,2800,0.480118,21,11.1512,0,0,4617,390604541641
36.7316,27.2245,8.49515,12.4746,82,72,81,2600,2800,0.480118,21,11.1512,0,0,4617,390631771635
32.369,30.8937,8.49515,12.4746,82,72,81,2600,2800,0.480118,21,11.1512,0,0,4617,390662663696
32.7957,30.4918,8.49515,12.4746,82,72,81,2600,2800,0.480118,21,11.1512,0,0,4617,390693156912
32.3184,30.9421,8.49515,12.4746,82,72,81,2600,2800,0.480118,21,11.1512,0,0,4617,390724099819
34.6417,28.867,8.49515,12.4746,82,72,81,2600,2800,0.480118,21,11.1512,0,0,4617,390752967881
34.3507,29.1115,8.49515,12.4746,82,72,81,2600,2800,0.480118,21,11.1512,0,0,4617,390782084587
35.4304,28.2243,8.49515,12.4746,82,72,81,2600,2800,0.480118,21,11.1512,0,0,4617,390810307905
31.9813,31.2683,8.49515,12.4746,82,72,81,2600,2800,0.480118,21,11.1512,0,0,4617,390841576469
34.4865,28.9969,8.49515,12.4746,82,72,81,2600,2800,0.480118,21,11.1512,0,0,4617,390870575606
37.6162,26.5843,8.49515,12.4746,82,72,81,2600,2800,0.480118,21,11.1512,0,0,4617,390897159794
34.8388,28.7037,8.49515,12.4746,82,72,81,2600,2800,0.480118,21,11.1512,0,0,4617,390925870212
35.9084,27.8486,13.591,11.5215,82,71,81,2600,2800,0.480118,35,11.1518,0,0,4598,390953715414
35.6728,28.0326,13.591,11.5215,82,71,81,2600,2800,0.480118,35,11.1518,0,0,4598,390981752665
35.153,28.4471,13.591,11.5215,82,71,81,2600,2800,0.480118,35,11.1518,0,0,4598,391010198789
32.8196,30.4696,13.591,11.5215,82,71,81,2600,2800,0.480118,35,11.1518,0,0,4598,391040670575
36.4058,27.4682,13.591,11.5215,82,71,81,2600,2800,0.480118,35,11.1518,0,0,4598,391068141849
36.0759,27.7194,13.591,11.5215,82,71,81,2600,2800,0.480118,35,11.1518,0,0,4598,391095859934
33.3862,29.9525,13.591,11.5215,82,71,81,2600,2800,0.480118,35,11.1518,0,0,4598,391125814225
36.1113,27.6921,13.591,11.5215,82,71,81,2600,2800,0.480118,35,11.1518,0,0,4598,391153506792
37.6631,26.5512,13.591,11.5215,82,71,81,2600,2800,0.480118,35,11.1518,0,0,4598,391180064961
33.2813,30.0469,13.591,11.5215,82,71,81,2600,2800,0.480118,35,11.1518,0,0,4598,391210107536
33.0518,30.2555,13.591,11.5215,82,71,81,2600,2800,0.480118,35,11.1518,0,0,4598,391240364922
36.678,27.2643,13.591,11.5215,82,71,81,2600,2800,0.480118,35,11.1518,0,0,4598,391267630462
35.9583,27.81,13.591,11.5215,82,71,81,2600,2800,0.480118,35,11.1518,0,0,4598,391295440508
35.2564,28.3637,13.591,11.5215,82,71,81,2600,2800,0.480118,35,11.1518,0,0,4598,391323805341
33.5552,29.8017,13.591,11.5215,82,71,81,2600,2800,0.480118,35,11.1518,0,0,4598,391353610493
36.1935,27.6293,13.591,11.5215,82,71,81,2600,2800,0.480118,35,11.1518,0,0,4598,391381240193
35.3578,28.2823,13.591,11.5215,82,71,81,2600,2800,0.480118,35,11.1518,0,0,4598,391409524184
33.5738,29.7852,13.591,11.5215,82,71,81,2600,2800,0.480118,35,11.1518,0,0,4598,391439313005
35.6169,28.0766,8.15085,12.6594,82,74,80,2403,2800,0.480118,32,11.1514,0,0,4588,391467393497
36.7273,27.2277,8.15085,12.6594,82,74,80,2403,2800,0.480118,32,11.1514,0,0,4588,391494618852
32.5472,30.7246,8.15085,12.6594,82,74,80,2403,2800,0.480118,32,11.1514,0,0,4588,391525344412
36.9655,27.0522,8.15085,12.6594,82,74,80,2403,2800,0.480118,32,11.1514,0,0,4588,391552396924
35.5051,28.1649,8.15085,12.6594,82,74,80,2403,2800,0.480118,32,11.1514,0,0,4588,391580564057
34.2496,29.1974,8.15085,12.6594,82,74,80,2403,2800,0.480118,32,11.1514,0,0,4588,391609762406
33.6003,29.7617,8.15085,12.6594,82,74,80,2403,2800,0.480118,32,11.1514,0,0,4588,391639525950
36.2895,27.5562,8.15085,12.6594,82,74,80,2403,2800,0.480118,32,11.1514,0,0,4588,391667083946
35.172,28.4317,8.15085,12.6594,82,74,80,2403,2800,0.480118,32,11.1514,0,0,4588,391695516445
35.0958,28.4935,8.15085,12.6594,82,74,80,2403,2800,0.480118,32,11.1514,0,0,4588,391724011962
37.7554,26.4862,8.15085,12.6594,82,74,80,2403,2800,0.480118,32,11.1514,0,0,4588,391750502735
34.7627,28.7665,8.15085,12.6594,82,74,80,2403,2800,0.480118,32,11.1514,0,0,4588,391779268205
33.933,29.4699,8.15085,12.6594,82,74,80,2403,2800,0.480118,32,11.1514,0,0,4588,391808739183
34.4906,28.9934,8.15085,12.6594,82,74,80,2403,2800,0.480118,32,11.1514,0,0,4588,391837733481
36.3221,27.5314,8.15085,12.6594,82,74,80,2403,2800,0.480118,32,11.1514,0,0,4588,391865268504
34.9006,28.6528,8.15085,12.6594,82,74,80,2403,2800,0.480118,32,11.1514,0,0,4588,391893921985
35.2073,28.4032,8.15085,12.6594,82,74,80,2403,2800,0.480118,32,11.1514,0,0,4588,391922329387
36.198,27.6258,8.15085,12.6594,82,74,80,2403,2800,0.480118,32,11.1514,0,0,4588,391949961822
36.2079,27.6183,8.32313,12.7474,82,78,81,2550,2800,0.480118,27,11.1494,0,0,4618,391977574721
32.521,30.7493,8.32313,12.7474,82,78,81,2550,2800,0.480118,27,11.1494,0,0,4618,392008324226
33.2675,30.0593,8.32313,12.7474,82,78,81,2550,2800,0.480118,27,11.1494,0,0,4618,392038385556
36.807,27.1688,8.32313,12.7474,82,78,81,2550,2800,0.480118,27,11.1494,0,0,4618,392065557000
35.7468,27.9745,8.32313,12.7474,82,78,81,2550,2800,0.480118,27,11.1494,0,0,4618,392093531413
32.8003,30.4875,8.32313,12.7474,82,78,81,2550,2800,0.480118,27,11.1494,0,0,4618,392124020372
39.3855,25.39,8.32313,12.7474,82,78,81,2550,2800,0.480118,27,11.1494,0,0,4618,392149412364
34.1289,29.3007,8.32313,12.7474,82,78,81,2550,2800,0.480118,27,11.1494,0,0,4618,392178713474
34.2157,29.2264,8.32313,12.7474,82,78,81,2550,2800,0.480118,27,11.1494,0,0,4618,392207940937
33.2597,30.0664,8.32313,12.7474,82,78,81,2550,2800,0.480118,27,11.1494,0,0,4618,392238008409
35.3096,28.3209,8.32313,12.7474,82,78,81,2550,2800,0.480118,27,11.1494,0,0,4618,392266330211
36.2155,27.6125,8.32313,12.7474,82,78,81,2550,2800,0.480118,27,11.1494,0,0,4618,392293945714
35.6401,28.0583,8.32313,12.7474,82,78,81,2550,2800,0.480118,27,11.1494,0,0,4618,392322005778
34.6311,28.8758,8.32313,12.7474,82,78,81,2550,2800,0.480118,27,11.1494,0,0,4618,392350881604
36.1114,27.6921,8.32313,12.7474,82,78,81,2550,2800,0.480118,27,11.1494,0,0,4618,392378574462
35.0357,28.5423,8.32313,12.7474,82,78,81,2550,2800,0.480118,27,11.1494,0,0,4618,392407118840
32.7279,30.555,8.32313,12.7474,82,78,81,2550,2800,0.480118,27,11.1494,0,0,4618,392437675044
36.0356,27.7503,8.32313,12.7474,82,78,81,2550,2800,0.480118,27,11.1494,0,0,4618,392465433514
34.4378,29.0378,8.71671,9.80395,82,71,80,800,2800,0.480118,24,11.1538,0,0,4581,392494466093
32.341,30.9205,8.71671,9.80395,82,71,80,800,2800,0.480118,24,11.1538,0,0,4581,392525389112
32.9172,30.3793,8.71671,9.80395,82,71,80,800,2800,0.480118,24,11.1538,0,0,4581,392555773285
35.4346,28.221,8.71671,9.80395,82,71,80,800,2800,0.480118,24,11.1538,0,0,4581,392583993438
31.465,31.7814,8.71671,9.80395,82,71,80,800,2800,0.480118,24,11.1538,0,0,4581,392615780610
34.7894,28.7444,8.71671,9.80395,82,71,80,800,2800,0.480118,24,11.1538,0,0,4581,392644523549
31.5788,31.6668,8.71671,9.80395,82,71,80,800,2800,0.480118,24,11.1538,0,0,4581,392676191238
31.0554,32.2006,8.71671,9.80395,82,71,80,800,2800,0.480118,24,11.1538,0,0,4581,392708392163
32.8247,30.4649,8.71671,9.80395,82,71,80,800,2800,0.480118,24,11.1538,0,0,4581,392738858079
33.2644,30.0622,8.71671,9.80395,82,71,80,800,2800,0.480118,24,11.1538,0,0,4581,392768921373
34.4931,28.9913,8.71671,9.80395,82,71,80,800,2800,0.480118,24,11.1538,0,0,4581,392797915731
34.7199,28.8019,8.71671,9.80395,82,71,80,800,2800,0.480118,24,11.1538,0,0,4581,392826718270
34.5466,28.9464,8.71671,9.80395,82,71,80,800,2800,0.480118,24,11.1538,0,0,4581,392855667684
34.0794,29.3433,8.71671,9.80395,82,71,80,800,2800,0.480118,24,11.1538,0,0,4581,392885008930
35.2939,28.3335,8.71671,9.80395,82,71,80,800,2800,0.480118,24,11.1538,0,0,4581,392913343426
32.8064,30.4819,8.71671,9.80395,82,71,80,800,2800,0.480118,24,11.1538,0,0,4581,392943827445
32.8745,30.4187,8.71671,9.80395,82,71,80,800,2800,0.480118,24,11.1538,0,0,4581,392974248216
31.294,31.955,12.3762,13.2776,82,71,80,2572,2800,0.479626,30,11.1609,0,0,4597,393006201930
33.7351,29.6427,12.3762,13.2776,82,71,80,2572,2800,0.479626,30,11.1609,0,0,4597,393035845620
37.2117,26.8732,12.3762,13.2776,82,71,80,2572,2800,0.479626,30,11.1609,0,0,4597,393062719659
34.0748,29.3472,12.3762,13.2776,82,71,80,2572,2800,0.479626,30,11.1609,0,0,4597,393092068689
34.1689,29.2664,12.3762,13.2776,82,71,80,2572,2800,0.479626,30,11.1609,0,0,4597,393121337870
33.3469,29.9878,12.3762,13.2776,82,71,80,2572,2800,0.479626,30,11.1609,0,0,4597,393151325152
36.3256,27.5288,12.3762,13.2776,82,71,80,2572,2800,0.479626,30,11.1609,0,0,4597,393178855777
34.4394,29.0365,12.3762,13.2776,82,71,80,2572,2800,0.479626,30,11.1609,0,0,4597,393207893275
33.2779,30.05,12.3762,13.2776,82,71,80,2572,2800,0.479626,30,11.1609,0,0,4597,393237943936
35.454,28.2056,12.3762,13.2776,82,71,80,2572,2800,0.479626,30,11.1609,0,0,4597,393266154350
36.5183,27.3836,12.3762,13.2776,82,71,80,2572,2800,0.479626,30,11.1609,0,0,4597,393293536387
32.3572,30.905,12.3762,13.2776,82,71,80,2572,2800,0.479626,30,11.1609,0,0,4597,393324442795
32.681,30.5988,12.3762,13.2776,82,71,80,2572,2800,0.479626,30,11.1609,0,0,4597,393355042811
36.7239,27.2302,12.3762,13.2776,82,71,80,2572,2800,0.479626,30,11.1609,0,0,4597,393382275520
34.9628,28.6018,12.3762,13.2776,82,71,80,2572,2800,0.479626,30,11.1609,0,0,4597,393410877254
33.6963,29.6768,12.3762,13.2776,82,71,80,2572,2800,0.479626,30,11.1609,0,0,4597,393440555239
32.3617,30.9008,12.3762,13.2776,82,71,80,2572,2800,0.479626,30,11.1609,0,0,4597,393471457279
36.3109,27.5399,12.3762,13.2776,82,71,80,2572,2800,0.479626,30,11.1609,0,0,4597,393499006558
34.7372,28.7876,7.18563,14.7547,82,74,81,2600,2800,0.479626,32,11.1593,0,0,4584,393527786716
30.9935,32.2648,7.18563,14.7547,82,74,81,2600,2800,0.479626,32,11.1593,0,0,4584,393560053685
34.5265,28.9633,7.18563,14.7547,82,74,81,2600,2800,0.479626,32,11.1593,0,0,4584,393589017676
35.6833,28.0243,7.18563,14.7547,82,74,81,2600,2800,0.479626,32,11.1593,0,0,4584,393617042113
32.9457,30.353,7.18563,14.7547,82,74,81,2600,2800,0.479626,32,11.1593,0,0,4584,393647396310
36.0149,27.7663,7.18563,14.7547,82,74,81,2600,2800,0.479626,32,11.1593,0,0,4584,393675166953
34.0095,29.4036,7.18563,14.7547,82,74,81,2600,2800,0.479626,32,11.1593,0,0,4584,393704571056
34.5763,28.9215,7.18563,14.7547,82,74,81,2600,2800,0.479626,32,11.1593,0,0,4584,393733492347
36.2591,27.5793,7.18563,14.7547,82,74,81,2600,2800,0.479626,32,11.1593,0,0,4584,393761077123
34.4502,29.0274,7.18563,14.7547,82,74,81,2600,2800,0.479626,32,11.1593,0,0,4584,393790102789
35.4017,28.2473,7.18563,14.7547,82,74,81,2600,2800,0.479626,32,11.1593,0,0,4584,393818350373
33.2534,30.0721,7.18563,14.7547,82,74,81,2600,2800,0.479626,32,11.1593,0,0,4584,393848424878
35.7191,27.9962,7.18563,14.7547,82,74,81,2600,2800,0.479626,32,11.1593,0,0,4584,393876421583
35.3088,28.3216,7.18563,14.7547,82,74,81,2600,2800,0.479626,32,11.1593,0,0,4584,393904743685
33.9898,29.4206,7.18563,14.7547,82,74,81,2600,2800,0.479626,32,11.1593,0,0,4584,393934166233
34.0174,29.3967,7.18563,14.7547,82,74,81,2600,2800,0.479626,32,11.1593,0,0,4584,393963563713
37.0036,27.0244,7.18563,14.7547,82,74,81,2600,2800,0.479626,32,11.1593,0,0,4584,393990590006
34.6038,28.8986,7.18563,14.7547,82,74,81,2600,2800,0.479626,32,11.1593,0,0,4584,394019493104
33.7118,29.6632,7.23764,11.4307,83,76,81,2164,2800,0.480118,34,11.1608,0,0,4611,394049153345
35.7836,27.9458,7.23764,11.4307,83,76,81,2164,2800,0.480118,34,11.1608,0,0,4611,394077103503
34.9144,28.6414,7.23764,11.4307,83,76,81,2164,2800,0.480118,34,11.1608,0,0,4611,394105744121
32.6754,30.6041,7.23764,11.4307,83,76,81,2164,2800,0.480118,34,11.1608,0,0,4611,394136348545
35.0336,28.544,7.23764,11.4307,83,76,81,2164,2800,0.480118,34,11.1608,0,0,4611,394164895928
37.1236,26.937,7.23764,11.4307,83,76,81,2164,2800,0.480118,34,11.1608,0,0,4611,394191833085
35.9351,27.8279,7.23764,11.4307,83,76,81,2164,2800,0.480118,34,11.1608,0,0,4611,394219661516
32.2684,30.9901,7.23764,11.4307,83,76,81,2164,2800,0.480118,34,11.1608,0,0,4611,394250652792
31.3264,31.9219,7.23764,11.4307,83,76,81,2164,2800,0.480118,34,11.1608,0,0,4611,394282575308
33.3743,29.9631,7.23764,11.4307,83,76,81,2164,2800,0.480118,34,11.1608,0,0,4611,394312547271
17.1159,58.4253,7.23764,11.4307,83,76,81,2164,2800,0.480118,34,11.1608,0,0,4611,394370968524
15.3597,65.1054,7.23764,11.4307,83,76,81,2164,2800,0.480118,34,11.1608,0,0,4611,394436075401
15.7125,63.6435,7.23764,11.4307,83,76,81,2164,2800,0.480118,34,11.1608,0,0,4611,394499718635
15.4357,64.7848,7.23764,11.4307,83,76,81,2164,2800,0.480118,34,11.1608,0,0,4611,394564506366
15.6301,63.979,7.84314,10.2381,83,70,81,800,2800,0.480118,28,11.1564,0,0,4401,394628488242
15.4807,64.5967,7.84314,10.2381,83,70,81,800,2800,0.480118,28,11.1564,0,0,4401,394693086459
15.8909,62.9291,7.84314,10.2381,83,70,81,800,2800,0.480118,28,11.1564,0,0,4401,394756014908
15.7418,63.5252,7.84314,10.2381,83,70,81,800,2800,0.480118,28,11.1564,0,0,4401,394819539380
15.9284,62.781,7.84314,10.2381,83,70,81,800,2800,0.480118,28,11.1564,0,0,4401,394882321406
15.2532,65.5598,7.84314,10.2381,83,70,81,800,2800,0.480118,28,11.1564,0,0,4401,394947881759
15.4005,64.9331,7.84314,10.2381,83,70,81,800,2800,0.480118,28,11.1564,0,0,4401,395012817436
15.1827,65.8643,7.84314,10.2381,83,70,81,800,2800,0.480118,28,11.1564,0,0,4401,395078683480
15.6851,63.7546,6.60955,11.0108,82,70,75,826,2800,0.479134,24,11.1568,0,0,4697,395142439214
16.0019,62.4925,6.60955,11.0108,82,70,75,826,2800,0.479134,24,11.1568,0,0,4697,395204931078
15.4477,64.7344,6.60955,11.0108,82,70,75,826,2800,0.479134,24,11.1568,0,0,4697,395269670950
15.3825,65.0089,6.60955,11.0108,82,70,75,826,2800,0.479134,24,11.1568,0,0,4697,395334676828
15.6656,63.8343,6.60955,11.0108,82,70,75,826,2800,0.479134,24,11.1568,0,0,4697,395398512020
15.0094,66.6249,6.60955,11.0108,82,70,75,826,2800,0.479134,24,11.1568,0,0,4697,395465138464
15.2741,65.4705,6.60955,11.0108,82,70,75,826,2800,0.479134,24,11.1568,0,0,4697,395530609922
15.6373,63.9496,6.60955,11.0108,82,70,75,826,2800,0.479134,24,11.1568,0,0,4697,395594562152
15.7543,63.4748,3.77588,11.0873,77,74,67,908,2800,0.479134,20,11.1543,0,0,4702,395658040348
15.8703,63.0109,3.77588,11.0873,77,74,67,908,2800,0.479134,20,11.1543,0,0,4702,395721053215
15.7383,63.5392,3.77588,11.0873,77,74,67,908,2800,0.479134,20,11.1543,0,0,4702,395784593526
15.526,64.408,3.77588,11.0873,77,74,67,908,2800,0.479134,20,11.1543,0,0,4702,395849000677
15.4844,64.5811,3.77588,11.0873,77,74,67,908,2800,0.479134,20,11.1543,0,0,4702,395913585959
15.3629,65.0918,3.77588,11.0873,77,74,67,908,2800,0.479134,20,11.1543,0,0,4702,395978679261
15.8008,63.2878,3.77588,11.0873,77,74,67,908,2800,0.479134,20,11.1543,0,0,4702,396041965498
15.0827,66.3012,3.77588,11.0873,77,74,67,908,2800,0.479134,20,11.1543,0,0,4702,396108270522
15.9377,62.7444,4.16157,8.92275,74,72,67,800,2800,0.479134,16,11.1574,0,0,4687,396171016661
15.5694,64.2287,4.16157,8.92275,74,72,67,800,2800,0.479134,16,11.1574,0,0,4687,396235245718
15.4412,64.7618,4.16157,8.92275,74,72,67,800,2800,0.479134,16,11.1574,0,0,4687,396300008883
15.2155,65.7225,4.16157,8.92275,74,72,67,800,2800,0.479134,16,11.1574,0,0,4687,396365731670
15.1806,65.8736,4.16157,8.92275,74,72,67,800,2800,0.479134,16,11.1574,0,0,4687,396431605980
15.231,65.6557,4.16157,8.92275,74,72,67,800,2800,0.479134,16,11.1574,0,0,4687,396497264847
15.8055,63.2691,4.16157,8.92275,74,72,67,800,2800,0.479134,16,11.1574,0,0,4687,396560536878
15.3583,65.1112,4.16157,8.92275,74,72,67,800,2800,0.479134,16,11.1574,0,0,4687,396625650527
16.3348,61.2189,7.40291,8.6379,72,65,67,800,2800,0.482452,19,11.1568,0,0,4363,396686869524
15.7286,63.5784,7.40291,8.6379,72,65,67,800,2800,0.482452,19,11.1568,0,0,4363,396750450221
15.5764,64.1998,7.40291,8.6379,72,65,67,800,2800,0.482452,19,11.1568,0,0,4363,396814648993
15.3468,65.1603,7.40291,8.6379,72,65,67,800,2800,0.482452,19,11.1568,0,0,4363,396879812555
15.4386,64.7728,7.40291,8.6379,72,65,67,800,2800,0.482452,19,11.1568,0,0,4363,396944583755
15.5632,64.2541,7.40291,8.6379,72,65,67,800,2800,0.482452,19,11.1568,0,0,4363,397008840945
15.4874,64.5685,7.40291,8.6379,72,65,67,800,2800,0.482452,19,11.1568,0,0,4363,397073408264
15.4168,64.8641,7.40291,8.6379,72,65,67,800,2800,0.482452,19,11.1568,0,0,4363,397138282326
16.0444,62.327,6.25,9.08195,71,65,67,998,2800,0.47963,19,11.1515,0,0,4721,397200605726
15.4799,64.6,6.25,9.08195,71,65,67,998,2800,0.47963,19,11.1515,0,0,4721,397265204374
15.1075,66.1924,6.25,9.08195,71,65,67,998,2800,0.47963,19,11.1515,0,0,4721,397331399182
15.8315,63.1653,6.25,9.08195,71,65,67,998,2800,0.47963,19,11.1515,0,0,4721,397394565495
15.5688,64.2309,6.25,9.08195,71,65,67,998,2800,0.47963,19,11.1515,0,0,4721,397458796446
15.662,63.8487,6.25,9.08195,71,65,67,998,2800,0.47963,19,11.1515,0,0,4721,397522649632
15.5831,64.1719,6.25,9.08195,71,65,67,998,2800,0.47963,19,11.1515,0,0,4721,397586819609
15.542,64.3418,6.25,9.08195,71,65,67,998,2800,0.47963,19,11.1515,0,0,4721,397651164283
15.353,65.1337,3.43137,12.047,70,72,66,972,2800,0.479626,18,11.1493,0,0,4716,397716296687
14.3586,69.6446,3.43137,12.047,70,72,66,972,2800,0.479626,18,11.1493,0,0,4716,397785941888
16.4769,60.691,3.43137,12.047,70,72,66,972,2800,0.479626,18,11.1493,0,0,4716,397846636987
15.5493,64.3115,3.43137,12.047,70,72,66,972,2800,0.479626,18,11.1493,0,0,4716,397910947717
15.5002,64.5152,3.43137,12.047,70,72,66,972,2800,0.479626,18,11.1493,0,0,4716,397975461897
15.7662,63.4267,3.43137,12.047,70,72,66,972,2800,0.479626,18,11.1493,0,0,4716,398038889889
15.5971,64.1145,3.43137,12.047,70,72,66,972,2800,0.479626,18,11.1493,0,0,4716,398103005786
15.6778,63.7843,3.43137,12.047,70,72,66,972,2800,0.479626,18,11.1493,0,0,4716,398166791485
15.5454,64.3278,4,9.8546,69,71,65,842,2800,0.479626,17,11.1493,0,0,4715,398231118556
15.308,65.3254,4,9.8546,69,71,65,842,2800,0.479626,17,11.1493,0,0,4715,398296445023
15.3024,65.3493,4,9.8546,69,71,65,842,2800,0.479626,17,11.1493,0,0,4715,398361798340
15.4524,64.7147,4,9.8546,69,71,65,842,2800,0.479626,17,11.1493,0,0,4715,398426513465
15.9888,62.544,4,9.8546,69,71,65,842,2800,0.479626,17,11.1493,0,0,4715,398489061183
15.7406,63.53,4,9.8546,69,71,65,842,2800,0.479626,17,11.1493,0,0,4715,398552589693
15.3197,65.2753,4,9.8546,69,71,65,842,2800,0.479626,17,11.1493,0,0,4715,398617865715
15.2089,65.751,4,9.8546,69,71,65,842,2800,0.479626,17,11.1493,0,0,4715,398683624229
15.3444,65.1703,5.45455,10.0176,69,63,64,800,2710,0.482975,17,11.0464,0,0,4690,398748789114
15.6357,63.9563,5.45455,10.0176,69,63,64,800,2710,0.482975,17,11.0464,0,0,4690,398812746384
15.9571,62.6682,5.45455,10.0176,69,63,64,800,2710,0.482975,17,11.0464,0,0,4690,398875415649
15.8068,63.2638,5.45455,10.0176,69,63,64,800,2710,0.482975,17,11.0464,0,0,4690,398938679845
13.8121,72.4004,5.45455,10.0176,69,63,64,800,2710,0.482975,17,11.0464,0,0,4690,399011085079
22.7536,43.9492,5.45455,10.0176,69,63,64,800,2710,0.482975,17,11.0464,0,0,4690,399055032307
23.1137,43.2644,5.45455,10.0176,69,63,64,800,2710,0.482975,17,11.0464,0,0,4690,399098298293
28.0452,35.6567,5.45455,10.0176,69,63,64,800,2710,0.482975,17,11.0464,0,0,4690,399133956583
33.4084,29.9326,5.45455,10.0176,69,63,64,800,2710,0.482975,17,11.0464,0,0,4690,399163890766
34.1862,29.2516,5.45455,10.0176,69,63,64,800,2710,0.482975,17,11.0464,0,0,4690,399193145510
36.6725,27.2684,6.38821,8.88365,69,65,64,1927,2710,0.48254,16,11.0479,0,0,4377,399220415248
34.5788,28.9195,6.38821,8.88365,69,65,64,1927,2710,0.48254,16,11.0479,0,0,4377,399249334475
37.5127,26.6576,6.38821,8.88365,69,65,64,1927,2710,0.48254,16,11.0479,0,0,4377,399275992351
37.0541,26.9876,6.38821,8.88365,69,65,64,1927,2710,0.48254,16,11.0479,0,0,4377,399302982426
32.387,30.8765,6.38821,8.88365,69,65,64,1927,2710,0.48254,16,11.0479,0,0,4377,399333859429
36.5566,27.3549,6.38821,8.88365,69,65,64,1927,2710,0.48254,16,11.0479,0,0,4377,399361215809
38.564,25.9309,6.38821,8.88365,69,65,64,1927,2710,0.48254,16,11.0479,0,0,4377,399387146817
35.1628,28.4391,6.38821,8.88365,69,65,64,1927,2710,0.48254,16,11.0479,0,0,4377,399415587621
36.5001,27.3972,6.38821,8.88365,69,65,64,1927,2710,0.48254,16,11.0479,0,0,4377,399442985759
37.3891,26.7458,6.38821,8.88365,69,65,64,1927,2710,0.48254,16,11.0479,0,0,4377,399469732820
34.8758,28.6732,6.38821,8.88365,69,65,64,1927,2710,0.48254,16,11.0479,0,0,4377,399498405918
37.0571,26.9854,6.38821,8.88365,69,65,64,1927,2710,0.48254,16,11.0479,0,0,4377,399525392527
37.7982,26.4563,6.38821,8.88365,69,65,64,1927,2710,0.48254,16,11.0479,0,0,4377,399551850620
35.7414,27.9788,6.38821,8.88365,69,65,64,1927,2710,0.48254,16,11.0479,0,0,4377,399579830624
40.8243,24.4952,6.38821,8.88365,69,65,64,1927,2710,0.48254,16,11.0479,0,0,4377,399604326181
36.5122,27.3881,6.38821,8.88365,69,65,64,1927,2710,0.48254,16,11.0479,0,0,4377,399631714991
35.1258,28.4691,6.38821,8.88365,69,65,64,1927,2710,0.48254,16,11.0479,0,0,4377,399660186052
37.2998,26.8098,6.38821,8.88365,69,65,64,1927,2710,0.48254,16,11.0479,0,0,4377,399686996963
34.8877,28.6634,6.38821,8.88365,69,65,64,1927,2710,0.48254,16,11.0479,0,0,4377,399715664331
38.0659,26.2703,9.46108,7.8173,73,65,76,2600,2800,0.481922,34,11.0481,0,0,4613,399741933149
37.7882,26.4633,9.46108,7.8173,73,65,76,2600,2800,0.481922,34,11.0481,0,0,4613,399768396211
35.5229,28.1508,9.46108,7.8173,73,65,76,2600,2800,0.481922,34,11.0481,0,0,4613,399796549108
38.9403,25.6803,9.46108,7.8173,73,65,76,2600,2800,0.481922,34,11.0481,0,0,4613,399822230379
35.6499,28.0506,9.46108,7.8173,73,65,76,2600,2800,0.481922,34,11.0481,0,0,4613,399850282558
34.4046,29.0659,9.46108,7.8173,73,65,76,2600,2800,0.481922,34,11.0481,0,0,4613,399879357065
39.901,25.062,9.46108,7.8173,73,65,76,2600,2800,0.481922,34,11.0481,0,0,4613,399904410645
36.2842,27.5602,9.46108,7.8173,73,65,76,2600,2800,0.481922,34,11.0481,0,0,4613,399931972619
35.9538,27.8135,9.46108,7.8173,73,65,76,2600,2800,0.481922,34,11.0481,0,0,4613,399959791371
38.4037,26.0392,9.46108,7.8173,73,65,76,2600,2800,0.481922,34,11.0481,0,0,4613,399985828087
35.1579,28.4431,9.46108,7.8173,73,65,76,2600,2800,0.481922,34,11.0481,0,0,4613,400014272608
39.8093,25.1198,9.46108,7.8173,73,65,76,2600,2800,0.481922,34,11.0481,0,0,4613,400039394335
35.2344,28.3814,9.46108,7.8173,73,65,76,2600,2800,0.481922,34,11.0481,0,0,4613,400067776039
35.7172,27.9977,9.46108,7.8173,73,65,76,2600,2800,0.481922,34,11.0481,0,0,4613,400095775659
39.4582,25.3433,9.46108,7.8173,73,65,76,2600,2800,0.481922,34,11.0481,0,0,4613,400121119291
36.2191,27.6098,9.46108,7.8173,73,65,76,2600,2800,0.481922,34,11.0481,0,0,4613,400148730115
40.2607,24.8381,9.46108,7.8173,73,65,76,2600,2800,0.481922,34,11.0481,0,0,4613,400173569094
33.8692,29.5254,9.46108,7.8173,73,65,76,2600,2800,0.481922,34,11.0481,0,0,4613,400203095365
35.2434,28.3741,9.46108,7.8173,73,65,76,2600,2800,0.481922,34,11.0481,0,0,4613,400231472932
